-2.6699968191934431e-06 2.3595466636439077e-05 -6.7296413790884912e-05
1.9543036673397296e-06 5.0239462586088024e-05 4.4437489082227444e-05
6.9796470720362436e-05 -3.6012244830629925e-05 7.6444012071519296e-06
2.9202176950349212e-05 1.0359286099159704e-04 -1.3014216676099366e-05
-1.3948545607433971e-06 8.7431136107873897e-05 -3.5545284310822822e-05
4.5066958999417928e-05 -8.8261024725255766e-05 1.7607860752555382e-05
-6.9577778409879443e-06 2.8173121343399998e-05 1.0756954780699601e-04
-5.2428416672425371e-03 5.2176606187783747e-03 -4.7215835946481377e-03
8.4740489316192935e-03 -7.1772724931973286e-03 5.7536367050623483e-03
-9.6841272981134097e-03 1.7889449778857314e-03 1.3324033332473562e-04
1.9154182969938205e-05 9.8648417835800473e-05 -9.4517797087689814e-05
1.1107360162654345e-04 -1.3703411309529123e-04 1.0952766805694125e-04
5.1322700628020357e-05 9.2759726436908441e-05 2.7711822183640322e-06
2.2629080818958869e-05 -1.9181941976587069e-05 -2.9897630614783566e-05
-4.1016428034446051e-05 -9.7305254679103115e-05 -9.2817788098997767e-05
-6.3352573834052350e-05 -1.3600001169994380e-04 -5.6902803193370488e-05
-9.5998584637158046e-06 7.0700057458683574e-05 3.9405928871305562e-05
8.3956372854743222e-05 -1.5369066189663272e-04 -1.0329133106101729e-04
-8.8224884716714413e-05 -3.8256088533916710e-05 9.5902395259361839e-05
-2.1321032062093792e-07 1.5356291929169430e-04 7.0783267807073003e-05
-2.5867510156207807e-05 -1.0336450669257147e-04 7.0356142920502407e-06
-5.6259472636099872e-08 4.5842136930929200e-07 1.4732934103278694e-04
-2.4288300076946712e-05 1.9408031505463441e-05 -6.1850529434082091e-05
8.7104870409859814e-05 7.3422810629608648e-05 -1.6973680502907484e-04
-1.6839550688985128e-05 1.0218419482299623e-04 7.5101811566113952e-05
5.7317523801856396e-03 1.5165747769145810e-03 -4.8954276604717961e-04
2.2932160000821433e-05 1.6383506647565937e-05 1.6472416194623918e-05
1.0502006531076802e-06 -2.6407737772737860e-05 8.0879212682738455e-06
-1.7880310617834905e-05 2.4816270514094185e-05 2.3174665453318255e-05
-9.5319514467173683e-05 4.9444652718833026e-05 1.9540920868532652e-05
2.5209943017578951e-06 4.1374717191650090e-06 -3.1955555046286888e-05
2.7138966130380027e-05 -1.1040791774163949e-05 7.0329534576085706e-06
-2.9367562204951625e-05 -1.6991403656740900e-05 2.2990249822552045e-05
-7.9519814373263387e-06 3.4077868127369015e-06 -1.1966704757393476e-05
1.1597165510246477e-05 4.3718652688540249e-05 4.5796052092317296e-05
-2.9188501371457676e-06 1.9140580179710653e-05 -2.7464695242063186e-05
-2.5958406689952085e-05 2.8338278358797098e-05 -3.5820331983904552e-05
-2.8357316888771855e-05 1.4593545441865530e-05 4.0644507294462784e-05
-2.4898950079954574e-05 1.4425915035642944e-05 -1.5844889629690329e-05
-2.9040889324427610e-05 1.8998509770495886e-05 -3.6191100013072131e-05
-6.4431460535807616e-06 -1.5677579358386318e-05 -7.3308116248504973e-06
1.8237566805412442e-05 1.5054592062857530e-05 4.2657067615969879e-06
-4.8822162987960382e-06 -7.8656438942115159e-06 5.6655810822849040e-05
-5.3313757073514267e-06 8.6743421945478794e-05 3.2224630174937374e-05
2.3251865245654812e-05 -5.2806313913106306e-06 -4.4503229931658339e-05
9.2329435541493865e-06 2.3896902234143980e-05 1.3968257684293661e-05
-2.6331966531234485e-05 -1.2862431498783522e-05 2.8057878897813637e-05
3.8683346713641598e-05 8.5297150100416275e-05 7.5781516731154852e-05
-1.9575419802908556e-06 1.7548920178911409e-05 -2.2707425445744889e-05
1.6609435488312840e-05 -4.5939342064649225e-05 9.0014437681418258e-08
1.2226003855753120e-05 5.6513391291090898e-06 -8.8380228300266594e-06
-9.1090606257893114e-07 2.1836494217497560e-05 -1.5729966313049459e-05
1.3290318965464287e-05 -1.5571533203695420e-05 -1.7401067492262001e-05
6.9659284922529707e-06 -1.7790365723913126e-05 1.3152503829605422e-05
2.5204796476607783e-06 -2.8279574000311669e-05 -2.3697177403914083e-05
7.4159412004259906e-04 -1.4691838331093443e-03 -7.2077273204351755e-04
