3.1408798142784633e-05 3.1290038026821065e-05 1.0446052574053510e-05
-8.1162511501808865e-05 -5.1584960215844688e-05 6.2499140947025467e-06
6.0678573365890998e-06 1.6519730849484660e-05 -3.4955673545944421e-05
1.0166102649478148e-05 -3.7459828524433192e-05 2.2295151261175761e-05
1.0961824759236904e-05 1.9986587346032536e-05 8.6754103332253862e-06
-3.4350407416061657e-05 -5.7392114136689543e-06 5.8450876987414802e-06
-3.1872107490116264e-05 3.1659504832859398e-05 1.8161199529798111e-05
1.2258162620915058e-04 -3.4380116923138360e-05 1.9982575669708069e-05
-1.2454071832834757e-04 4.5152151588290224e-05 -1.4344404416455347e-04
1.3136934541613243e-04 1.3831880358528004e-05 7.9517708814869081e-05
-4.3812617302574353e-05 -5.3573206719947919e-05 4.1077841092196365e-05
1.4206306974351435e-05 1.2016409453252663e-05 -3.7433651653540068e-05
1.5143518574234349e-05 -1.6909138742526864e-06 9.6962932607524976e-06
-9.2320132907275365e-06 1.8107322374616430e-05 1.6774554922882601e-05
2.3025288789391141e-05 -2.7931777193401786e-06 -1.7063623244606418e-05
-3.6829834924034799e-05 -3.9641609204998929e-05 1.4867551448638494e-05
1.1453651092452333e-05 -1.2389659944211928e-05 -2.2320705590495038e-06
1.0285684746591528e-05 9.7986995637455720e-06 -9.2116379082352040e-06
2.8322187521023778e-05 -1.2068046442159641e-06 -8.9176807538393632e-06
1.2109141237504062e-06 9.1764308667308114e-06 -8.5205395183862720e-06
-1.5798462251748191e-05 3.1699895870929140e-05 2.1347968653273597e-05
7.8549819473305860e-06 -2.0520228047438138e-05 -6.2944502484008069e-05
4.8821709999202767e-06 1.4451925380853936e-06 4.9918774645885122e-05
-3.4055185604842109e-07 -2.6622325322023244e-05 -2.7240448861931554e-05
1.9726382363138839e-06 6.8271727871049848e-06 -5.7803382347287879e-07
4.3051790932224776e-05 -1.1104337003686737e-05 -4.7280590038667469e-06
-3.3608157962716767e-05 -5.2022625651737542e-06 -1.9905554635712974e-06
2.1254006327353636e-05 2.1963531265711822e-05 1.9237668003047048e-06
1.6369266939708638e-05 -3.7844690979671469e-05 -6.3782997488104343e-06
1.3256744718637137e-05 5.2787826936295801e-06 1.9635691175245995e-06
5.7477177892728548e-06 -3.0626584735293783e-05 -2.3479755788119450e-06
3.9301092771282242e-06 -5.9506994609659358e-06 -8.2387047014575998e-06
2.2175818971126304e-05 2.3396892379068390e-06 -2.2026016948117899e-06
-2.9541816730649373e-06 8.1216436922382229e-06 -1.9167723872837161e-06
5.4468662973983228e-05 -3.0301732893589506e-05 9.3231971933782631e-06
2.0683486951611485e-05 -7.2956500416498926e-06 3.5608487172877901e-05
-5.6933662047065070e-05 3.7879018704556344e-05 -2.8777806504232117e-05
-5.2275191778639041e-06 2.8963563060591113e-05 -7.4187368910294538e-06
1.1633289479617837e-05 1.6405044688916348e-05 2.0722161103048364e-05
9.0848294398426788e-06 -2.0413685990483543e-06 -3.7974954114616821e-06
1.3057234355962066e-06 7.7838954105624580e-06 9.1635987273797070e-06
-5.4238269933115646e-06 5.9552608727697631e-06 7.2129853063707117e-06
2.9494520248363187e-07 -5.1876733815348075e-06 -5.6873600835782856e-06
3.8128665802439343e-06 5.2859215603495713e-06 5.1978376904848744e-06
6.1656286596267762e-06 1.7458130171371655e-06 -7.0334755782885949e-06
-4.6821078267811345e-06 8.8150580501711318e-07 -4.9674636812824247e-06
-1.0585637353344168e-06 -1.1617256421958544e-05 1.2623095320130062e-06
8.2769121712011895e-06 9.6473052595413833e-06 4.5982031788849298e-06
-4.3894361398955084e-06 -1.2948293948156220e-07 2.4597341670151707e-06
-9.4518422271150371e-06 1.8909070264028216e-06 -6.2626639469876011e-06
9.6042894706105386e-06 1.5723927381250391e-06 5.2423399456991149e-06
1.3942068526340279e-06 1.4846031120008263e-06 -8.3895329661132223e-06
2.5545755591993569e-05 -6.8248356776753893e-07 -5.0869208814141587e-06
-5.7948734943913394e-06 2.1777386599808324e-05 7.6198613241373891e-06
-1.4229960881184667e-05 -1.4144793726522664e-05 -4.1216357242745971e-06
-3.6664060903190965e-05 4.1015409435907202e-05 -9.2416089725322337e-06
