3.54145774596504226e-04 -3.75650912842957307e-04 4.90247814411019604e-04
3.56724747480539591e-04 -3.04244374945151014e-05 1.04810831509855309e-04
4.42514418891591795e-04 9.48971263845430182e-05 -1.98398550408029342e-04
4.39216147955765021e-04 2.04128367264086826e-04 -2.26595633582375531e-05
3.29204058225759379e-04 3.93791917337205435e-04 1.11856463572967618e-04
1.75509652387012701e-04 2.92579141791147513e-04 9.49244613596981405e-05
2.87156869111710063e-04 6.11383197314738724e-04 3.63122046360537924e-04
1.04073285522495774e-04 2.34968694847583067e-04 3.43737207795377360e-04
-1.93390585096853769e-04 2.52788623021947447e-04 4.85614766590660948e-04
-2.78392281560102355e-04 3.66470486093721894e-04 3.15988406585365484e-04
-1.61972000942893089e-04 1.17316372897880068e-04 2.01882434909228655e-04
2.48097519922119700e-04 9.09754844970862652e-06 -1.37232360156868755e-04
3.83467027537587356e-04 -2.98920387338026932e-04 -3.67966045225506778e-04
4.54378941886982165e-04 -2.90641272223508991e-04 -4.09389178918889707e-04
6.80652072133685677e-05 -3.25587012599981617e-04 -4.95817760912403235e-05
-2.70811369049704946e-04 8.08171680075560914e-05 4.37844171946170414e-05
-6.18491012120665241e-04 1.52527627613192711e-05 2.25176686576851335e-04
-5.39657811359661992e-04 -2.53607617086908163e-05 1.72743976149257288e-04
-2.61421892623305040e-04 -1.63172639289555432e-04 -2.24612570719833003e-04
-1.88347550131594689e-04 1.05244558158068102e-04 -5.41467853397551964e-04
-2.10813703043998522e-04 -3.15947380985249563e-05 -4.32296608673772120e-04
-1.92554760893329599e-04 -3.19460561445461175e-04 -4.09289599137804762e-04
-8.27058291874473302e-05 -3.34732977318622697e-04 -2.03749001605183600e-04
-1.63276747235299529e-04 -4.14383817907515906e-04 -1.99827021148604646e-04
-3.77315408070968267e-05 -6.79949720337157440e-04 2.76771078940372668e-04
-7.11027294979550044e-04 1.38378551789593903e-03 -2.71180504255775579e-04
1.06842704238456048e-04 -2.69351139548014884e-04 2.03156098108961132e-04
1.98266378672812889e-04 -2.81599940957844410e-04 1.63734526578661793e-04
1.46059102050899258e-04 -2.37430834466892187e-04 3.06592037947584482e-04
2.01920418964912911e-04 1.05972365139792488e-04 -2.67993721895661474e-04
2.76702630527343751e-04 -5.36887349424656213e-05 -1.81341534171919165e-04
2.18946680721068029e-04 4.86786508520623055e-05 -5.95282341590302902e-05
3.01927570819492759e-04 -1.60952570038439411e-05 4.94869569130805331e-05
6.28794082438095180e-05 1.78000844583019180e-04 1.22280174499301566e-04
-1.05311402288170802e-04 3.96421593115405197e-06 3.56912109517462184e-04
-9.43261117455725166e-05 1.46169995412710703e-04 2.57337975415714623e-04
-2.05091200712859383e-04 1.08258442110231474e-04 2.35053535211027990e-04
-1.04121317843918152e-04 -1.24087122785028584e-04 2.78948583867356264e-04
9.76139291394364123e-05 1.46383099079356899e-04 -2.52938796904847473e-04
2.22582555447416771e-04 -1.24806455865583493e-04 -2.48026158239932808e-04
2.16659988341737404e-04 -2.80072191963181432e-04 -6.64709265242864708e-05
2.06973666308317249e-04 1.32936992340260876e-05 -3.01993582745934319e-04
2.36133061626926243e-04 -9.03127695582103135e-05 -1.49402444836775600e-04
-1.03757205296023809e-04 2.29842675959150456e-04 -1.17600016292891839e-04
-3.44116552469965551e-04 9.84563002130061819e-05 9.24789252837506247e-05
-3.14901665611938910e-04 -4.29660739837852931e-05 2.24741325663426763e-04
-3.37461269460448963e-04 7.28674928113532273e-05 4.90597409767443507e-05
-3.02666556876893819e-04 -1.11619062104772825e-04 1.41428781834000158e-04
-1.16614014439160146e-04 2.25226317055804762e-04 -2.63656630376581959e-04
5.61331601433565151e-05 1.24598421130084081e-04 -3.18103289987295326e-04
-4.54370343444473492e-05 2.35909297514130012e-05 -1.95057936031394321e-04
-1.31787961813695952e-04 2.28483879674915905e-05 -2.01027788992554096e-04
1.65323143656916409e-05 -3.90142932550148545e-04 1.54590688438059132e-04
2.71038430709521355e-06 -3.03022050679350920e-04 1.67400530067194351e-04
6.19456907697231234e-05 -3.48927794496774267e-04 9.65999669325881983e-05
-1.57196623485332689e-04 2.53328280054312732e-04 -3.96708549543197200e-05
