5.00485558235030936e-03 -1.61724812456434108e-02 -8.28504108130019290e-02
-3.93118787494861621e-02 2.41218431126128952e-02 2.98920083650651147e-02
5.86817566773660815e-02 -1.84398706774514531e-02 -1.40451685270104321e-02
-3.28551279742530511e-02 -5.46427922573700098e-03 5.31006081322340229e-02
8.10984318440644003e-02 9.72232679985767234e-02 9.28690690178846090e-03
-8.36018833086953350e-02 -1.14256559979430961e-01 -2.19174805719886123e-02
5.79321264780969791e-02 1.12980503694330991e-02 -1.65888055573315540e-03
-1.29622225094083721e-02 -2.77173528530756386e-02 -3.62894404527622783e-02
1.37736999843607322e-03 -1.03053133564809940e-02 7.38366055602774907e-02
-6.09646898797278070e-02 -8.14168199447351526e-04 1.60036506733138850e-02
9.03342255532613159e-02 1.48150043158281619e-02 -4.09515844149197505e-02
-5.81242892945041945e-02 3.35485563762938366e-03 1.45378457304752295e-02
5.72836183501959084e-02 -2.88459630680009127e-02 -9.35303211848914628e-03
-9.98404452704528822e-02 2.16113599829510505e-02 7.53276610063302599e-02
6.11286924604412807e-02 -4.89134127833512622e-03 -1.72026360599378814e-02
-1.99099621451379605e-02 2.29832447281990149e-02 -7.82500013234284225e-02
5.23261809172836934e-04 2.05239898644333785e-02 5.36482295060709546e-02
-7.89328735673731074e-02 1.96342028363705179e-02 -5.91366101637806896e-02
6.01654918471177247e-02 1.40042063881422596e-02 4.77296392333936836e-02
-1.41432479811447465e-02 3.24504852373008745e-02 -8.33163930692570887e-03
3.75073547516251438e-02 -2.11966792199045351e-02 -2.66673365916201277e-02
-4.01758547295374413e-02 -4.56438057529062746e-03 -2.88166364406539088e-03
1.03432244896897174e-02 8.07938453433720838e-03 -5.83262486400393243e-03
1.08774498478709791e-02 -7.09515182447617576e-03 2.83496651673882383e-02
2.11646544147954530e-02 8.33387146883168839e-03 -4.01321585992624463e-02
-1.54678645074568522e-03 5.31338681734183638e-03 -1.91890990014407237e-02
2.23716465842676016e-02 9.30646278578028952e-03 3.51117157609439623e-02
-7.53850686166890327e-03 1.46722349192409673e-02 1.26219044150245596e-02
-1.48569881386584335e-02 -3.83029172598314815e-03 1.77572068763574009e-02
-1.77650502400191757e-02 3.11132112358469826e-03 -3.90192026055791175e-03
-2.24880351930867306e-03 2.45538178476389923e-03 -2.58783453371647099e-03
5.72068207257281358e-03 1.77154383599698040e-03 -4.62371659081028952e-03
-6.03294153647304654e-03 1.35458963325751913e-02 -2.36188949315265795e-02
-1.63669358235359885e-02 1.54987439834695095e-02 1.28067936907438895e-02
4.95397587312884635e-03 2.34951193981773887e-02 -2.37087555704635911e-02
2.76372774794109155e-03 -2.38320513877621210e-02 -2.12528944268055575e-02
2.91432448785857723e-02 8.20984501498635277e-03 -6.76557846035397148e-03
-8.42112053810484262e-03 -3.61654294425051148e-03 7.38830782108124140e-03
5.03695854068697546e-03 -1.80048700485246904e-02 2.19341655599647467e-02
-2.45942919950179473e-02 -8.39967564777160947e-03 2.18918957004143877e-02
-8.21136163996860624e-03 3.15211491836944191e-02 -2.80223897422102741e-02
2.10409071026096406e-03 2.22226329919639198e-04 -6.08107978398075844e-03
2.43862121687388189e-02 -2.74324725494010657e-02 -2.39371919861015581e-02
1.90916699876919616e-04 -2.95371537774782311e-02 4.27606018465476190e-02
1.32955164126924430e-02 -2.46346241775134978e-02 5.15025171489935651e-04
-4.68628702271223219e-03 1.60416281865755073e-02 -3.78773180849334423e-02
4.61555048835164961e-02 -2.67652122846588902e-02 3.75324659507667580e-02
3.16996218208576153e-04 -8.78339283976181662e-03 3.21306863929127218e-03
9.43353108418976127e-03 -1.19980621230846296e-02 4.75356973737817157e-03
-1.37477909490599792e-02 -5.46814981014132062e-03 4.09299573378962833e-03
9.30411247856167967e-03 4.52297339368606943e-03 -2.27146180569923750e-02
-3.28280519024417572e-02 6.31313359259100260e-03 1.75054984427456262e-02
5.44105817770978994e-03 1.53141647842969242e-03 -3.45332442924073391e-03
-4.11332192105333672e-02 -4.83012368068003184e-03 2.67584987982369960e-02
6.44513865512497119e-03 1.28404842460572155e-03 1.70390078328644390e-03
3.40527948018642945e-04 -4.50688960639933356e-04 3.27709963506950253e-03
