-5.35900135694681364e-03 1.65481321584863665e-02 8.23601629985909051e-02
3.89551540020056236e-02 -2.40914186751183812e-02 -2.99968191965749691e-02
-5.91242710962576745e-02 1.83449735510669114e-02 1.42435670774184609e-02
3.24159118262972862e-02 5.26015085847291418e-03 -5.30779485688757866e-02
-8.14276359022901575e-02 -9.76170599159139341e-02 -9.39876336536142783e-03
8.34263736563083252e-02 1.13963980837639811e-01 2.18225561106289156e-02
-5.82192833472086890e-02 -1.19094335667478384e-02 1.29575850937261759e-03
1.28581492238858761e-02 2.74823841582280542e-02 3.59457032449669034e-02
-1.18397941333921956e-03 1.00525247334590472e-02 -7.43222203268681519e-02
6.12430821612879109e-02 4.47697713353629632e-04 -1.63196390798992508e-02
-9.01722535523184210e-02 -1.49323206887260421e-02 4.07497019800105234e-02
5.78761917745820725e-02 -3.36395318607909249e-03 -1.44006133703183607e-02
-5.76670853777334971e-02 2.91448834553389401e-02 9.72099816371465274e-03
9.93860663285659057e-02 -2.13207187107275417e-02 -7.49182718274113701e-02
-6.11967576676546512e-02 5.21692829093510762e-03 1.72522178360291212e-02
2.01807735141876637e-02 -2.30640618962065710e-02 7.82062169062338053e-02
9.52292029478283078e-05 -2.05392426271946982e-02 -5.38734061926478061e-02
7.94725313787327664e-02 -1.96088420746618267e-02 5.89638661876314349e-02
-5.99040699544944183e-02 -1.38410337488527047e-02 -4.75050266626738521e-02
1.43315955312763414e-02 -3.25557297954589403e-02 8.87310716032326148e-03
-3.72965410485811485e-02 2.12282739580030612e-02 2.70996332002939010e-02
4.03684094904307733e-02 4.88384113673608847e-03 3.29095324320319554e-03
-1.02605186605022707e-02 -7.74465155701858574e-03 6.03637386560911589e-03
-1.07141731006356791e-02 7.50953564238369172e-03 -2.81498381462396349e-02
-2.11269228739883567e-02 -7.65392174849453127e-03 3.98553875203220762e-02
2.25781374572523504e-03 -6.69717233523777541e-03 1.94602795056964990e-02
-2.24784892885060567e-02 -9.03711164623227474e-03 -3.53148718590529237e-02
7.34024048299609065e-03 -1.43906349782831223e-02 -1.27856389416032210e-02
1.47109290366075340e-02 4.06772256045004072e-03 -1.80637989143049849e-02
1.75631298210542630e-02 -3.21729348872449054e-03 4.16991398245357327e-03
1.97210088878132942e-03 -2.40169304982143375e-03 2.76917606788839015e-03
-5.93962875329388188e-03 -1.82022248684904266e-03 4.68324482496931989e-03
5.73101396565355373e-03 -1.35298010755713471e-02 2.35694079746134981e-02
1.63040564152921799e-02 -1.56767448280525287e-02 -1.29290738652431906e-02
-4.84866447084067540e-03 -2.34990836141085423e-02 2.33518434609461291e-02
-2.66940163619551907e-03 2.36858813923494088e-02 2.09955564513898442e-02
-2.89381536778729118e-02 -8.31810345709658484e-03 6.53052492514294338e-03
8.52524185594876090e-03 3.74063006703553988e-03 -7.66725640494859799e-03
-5.13457246982641172e-03 1.78584869494453347e-02 -2.16812267630598979e-02
2.43717094395705311e-02 8.52448210363719247e-03 -2.16438695421744542e-02
7.99470165162686867e-03 -3.12410769917312384e-02 2.80888606687345610e-02
-2.31106437656928123e-03 -2.35520029153665289e-04 6.38307336672669281e-03
-2.46223452303657442e-02 2.75227853189592767e-02 2.40865944309383330e-02
-8.71594945808958066e-05 2.93073111015190804e-02 -4.26430018302547259e-02
-1.29513998602224772e-02 2.45361678773004903e-02 -6.07504096773686317e-04
5.00118868832417126e-03 -1.59986621125917210e-02 3.76525767592700150e-02
-4.58180436140560449e-02 2.66923447918475387e-02 -3.75815256917435003e-02
-1.43296613316823331e-05 8.89501190186658963e-03 -3.35449742112527236e-03
-9.31691706975060034e-03 1.17728358060288241e-02 -4.48991310700158977e-03
1.36916577889166224e-02 5.34355138901123662e-03 -3.77489244380233317e-03
-9.25867544421723164e-03 -4.54656432343748286e-03 2.29096759930237683e-02
3.29598398642554566e-02 -6.33598198055849385e-03 -1.73044706537530714e-02
-5.45759049207548193e-03 -1.14127354587954376e-03 3.29873374080267472e-03
4.11305088262262711e-02 5.13314573135938319e-03 -2.69258993283041891e-02
-6.50708434589469462e-03 -9.35120630108947229e-04 -1.80050075021903210e-03
-1.83331324533310256e-04 1.97360680585620624e-04 -3.23742878011518262e-03
