2.82091190001491476e-04 7.86497112773063933e-05 5.77812260545866162e-04
2.38964489714952656e-04 2.35361657165386411e-04 2.05389561243135267e-04
4.12550397611528418e-04 3.50762466664377673e-04 -1.38440215548028790e-04
2.72746406681505346e-04 4.43944394059941352e-04 -6.23109451174617821e-05
-1.91479400614893771e-05 5.34977428066545817e-04 1.44247769061557035e-05
-6.01908401898085732e-05 3.88423559623684678e-04 -2.91217213114024373e-05
-2.95848888900215456e-04 7.17412234690279751e-04 1.49200697933151019e-04
-2.01640724825292669e-04 1.89322629601650343e-04 1.07762612563244502e-04
-4.88038871433315420e-04 1.21863290832271510e-04 3.71706321301130634e-04
-5.00291583147907930e-04 2.49229020038417332e-04 8.44767027437887206e-05
-3.40171752248868454e-04 3.20635932778672305e-05 1.11884136879446825e-04
2.27199277878558601e-04 8.36422467815488193e-05 -5.76213315944366583e-05
6.49360251964031430e-04 -1.60897080847342968e-04 8.64401744429542891e-06
6.23553096660986721e-04 -3.15029442469694641e-05 -6.26141825969982793e-05
1.73873453182883046e-04 -2.29838783737363613e-04 1.34836310655671510e-04
-2.96209078039731764e-04 -1.36479479911955342e-04 -8.06997622393172454e-05
-6.15364762849791771e-04 -2.70368530205133430e-04 -4.29420678460094483e-06
-5.01129382069256989e-04 -2.72596240067418856e-04 -3.66187559327859879e-06
-2.48105259996595946e-05 -3.64724035620898836e-04 -2.00701837740299238e-04
9.23113769844441270e-05 -1.82703429634736440e-04 -5.48382582976673374e-04
9.34970570549390910e-05 -2.45686587826056283e-04 -3.74301416922164984e-04
1.75356766575256715e-04 -4.20291599336134641e-04 -2.34622455415560004e-04
1.71263699264627596e-04 -3.62647108892884197e-04 -1.93177444087381035e-05
1.48943189775473426e-04 -4.59868330972119336e-04 -1.67182459886821332e-05
1.60100016788752234e-04 -4.24365649413786859e-04 5.46949708461955141e-04
-1.03046949395506999e-03 5.24424310086774623e-04 -1.03372172925269971e-03
1.66235542700767311e-04 1.77480708439073431e-05 3.55331570208783907e-04
2.41472302093726074e-04 -2.01552558173585000e-05 2.77634283537725164e-04
1.17386625570635472e-04 3.42808376874564632e-06 4.05921066628378493e-04
2.46683171968092743e-04 1.42941684048582290e-04 -2.71966468879737341e-04
3.18732578135547963e-04 1.02248713076516740e-04 -1.10798589132145810e-04
1.66369351413401422e-04 1.68292626018549290e-04 -6.57777380294138588e-05
2.09029524135269590e-04 2.13911199099484301e-04 6.88732151504564270e-05
-1.56679658537867394e-04 2.37540807355474202e-04 7.80352747122663566e-05
-2.03321873857814113e-04 -8.79851155153115551e-06 3.28702848066231117e-04
-2.57099668918578785e-04 7.76689419258058152e-05 2.13810185772281009e-04
-3.34709205884022541e-04 4.11146914864856449e-05 5.54306289000531380e-05
-1.65373813906224146e-04 -9.17804251102483191e-05 2.92484596872203762e-04
1.21138107444282629e-04 6.63821867946691989e-05 -2.68773494911742051e-04
3.45470005030876497e-04 -6.58564080677828938e-05 -5.24998594021296131e-05
3.13790337942092159e-04 -9.77340499443675264e-05 1.64646096294641486e-04
3.15301525925631152e-04 4.18001842772357772e-05 -1.91329725610633140e-04
3.65456222453734150e-04 -2.26574334523884772e-05 8.78995598273984210e-06
-1.12576558105179585e-04 3.61535200984024196e-05 -2.42300177717002634e-04
-3.46412098188359613e-04 -9.22084934384508206e-05 -7.65386715578343711e-05
-3.27892905904257897e-04 -1.40935958907802519e-04 1.02030151332454771e-04
-3.03549202463048026e-04 -1.23699937915914404e-04 -7.77433810242451185e-05
-2.59682067267504946e-04 -2.19924416154404614e-04 9.05834159645856350e-05
-4.53869604788059410e-05 4.10115993229975316e-05 -3.56885278234171416e-04
1.52056341025307679e-04 4.01280635817498633e-05 -3.01553678707175833e-04
5.66655021570191259e-05 -6.58118935692345535e-05 -1.96458580914410700e-04
-4.43365081288469995e-05 -1.24228869738750980e-04 -2.20268294708842399e-04
9.08551425224972322e-05 -2.31947399201202050e-04 3.39760060220824841e-04
-2.60172034894232810e-05 -2.19403778735924066e-04 3.06220525167972591e-04
1.35510501805748330e-04 -2.05135604477489853e-04 2.78560614982916387e-04
-1.27611883613719271e-04 1.11801322930992991e-04 -3.80477404152529961e-04
