-2.47106898021787202e-03 -1.17511335857978239e-03 -6.25230254613029501e-04
-2.84757828988890793e-03 -1.96675276407720645e-03 1.70387398593119244e-03
8.17557174091376737e-04 8.33954146482795977e-04 6.19844080285147925e-04
5.52618230720725023e-04 1.49554361730253049e-04 2.63388433792310916e-04
4.84797941640691121e-04 -6.01419949196824177e-04 -1.07987356748662222e-04
-8.07346847133683099e-05 5.37408148133522445e-05 1.08719535775847476e-04
-2.64028019959816618e-03 9.27347537144740386e-04 7.18036945405842175e-04
-2.63494042045349097e-02 2.28875479215311373e-02 -2.16410524616961197e-02
5.47122982593482021e-02 -4.68173319473406124e-02 1.22782424323748529e-02
-4.98851202249142034e-02 1.81538481241940719e-02 -1.31032210272064020e-03
2.00677430370088672e-03 7.12292824270166491e-03 5.21610427608099059e-03
2.57819013509053008e-03 -3.28464594734967363e-03 -1.03092906581392363e-03
4.44981267277100301e-04 1.06837219566169317e-03 -3.06761202366612196e-03
8.02441672682618901e-05 3.14223513872669002e-04 6.02494162365019292e-05
-9.27957551152047699e-04 -2.74386507284063441e-04 5.34039791467044722e-04
7.54760407568610958e-05 -2.31578202650606357e-03 7.47021566243510904e-04
6.60632987228737534e-04 2.95906819673064092e-04 -5.34605456480319319e-05
5.08996810800965704e-04 3.86339582899353218e-04 -1.98254163170208386e-04
-4.00510793614472504e-05 4.46934957949451928e-04 1.12153398797332216e-04
-1.49153855308004069e-04 1.27955996755968471e-04 3.97935593603904181e-04
-1.07827162503570939e-04 2.63208668897618736e-04 3.45841937610558148e-04
-1.84223129098270988e-04 4.55178164749270309e-04 1.89193082307248517e-04
-1.74585778296432181e-04 3.54604678175718391e-04 -1.15791253856301068e-05
-2.24365625239641986e-04 5.16867608638449383e-04 1.59805658210387946e-04
1.76339302506267614e-04 3.47049539035637622e-04 -8.48376115886395610e-04
3.05475808957567097e-02 3.61499782761143251e-03 -1.40224673060274085e-03
-2.93774778034938677e-04 6.90526217772546858e-05 -4.81308770399202501e-04
-2.67447913283813676e-04 4.01913565733491573e-05 -2.88100027017179627e-04
-1.00160205416965908e-03 -1.12666707073882932e-04 -4.23305642236915247e-04
-5.46027659886427763e-04 -2.55720663292824391e-04 4.93663225528795380e-04
-6.44021358704449653e-04 1.23904656678747171e-04 3.12197103226219408e-04
1.20433581036749615e-04 -3.38584239861994263e-04 2.06323636396055221e-04
-3.58684501386319354e-04 -4.03763499973841533e-04 -5.46723265499871047e-05
3.09536509188301778e-04 -2.19191978326538361e-04 -3.64298491693504367e-04
-2.24526907352307070e-03 -1.68331894649620395e-03 4.63272483266186086e-03
1.68377843620026724e-03 1.38749998462683877e-03 -5.73357727619439039e-03
5.70246434110188716e-04 -1.38191308351987008e-03 3.81744259736982450e-03
-5.67310169207857484e-04 1.55604361846606309e-03 1.65714471755284976e-03
-9.66185570135724703e-04 -2.72399396840317110e-04 3.67874076329455235e-03
-3.08073399693853389e-04 -5.33639336530833397e-04 -1.78807489416010768e-05
-5.99188482182766435e-04 5.40308360736929671e-04 4.27969108187653546e-05
-3.86718989189072104e-04 -2.00928904570241151e-04 2.48060486653045587e-04
-1.62956420314497308e-04 2.37883062385479960e-04 -8.36889482512537253e-06
-1.89378011600183083e-04 3.09601520488422821e-05 1.00641211957697152e-03
2.87477990873252764e-04 -4.11732695629329903e-06 -6.77151786327989669e-05
2.47056221295061107e-04 9.44786910618278242e-05 -8.11552280310934293e-05
2.60565226995801424e-04 9.14704372796393272e-05 1.18950680654705820e-04
2.70927816744093164e-04 2.92499733757889402e-04 -2.09162128559370331e-05
7.00880741910658855e-05 -6.12767472896180720e-06 3.42403165935589726e-04
-2.34221880261564763e-04 -1.41712910170288531e-04 2.67573085903416441e-04
-6.03254543041220614e-05 7.19747344350984974e-05 1.91266569305792444e-04
5.14648116927141075e-05 1.11702102896904520e-04 2.20049428012902837e-04
-1.00266408501359372e-04 4.19376808136306956e-04 -2.93404756704251923e-04
-1.60401192417225502e-05 2.24186389182534640e-04 -3.94353295961380468e-04
-1.11905059863248724e-04 1.60468993682716388e-04 -1.71310255008716439e-04
-2.36312603170740765e-03 -1.53287887571096348e-03 -1.91530541647111363e-03
