2.18897779021638055e-03 1.09646364730247594e-03 4.74179940671633389e-05
2.60861380017395538e-03 1.73139110691181999e-03 -1.90926354717432778e-03
-1.23010757170290510e-03 -1.18471661314717360e-03 -4.81403864737119135e-04
-8.25364637402230370e-04 -5.93498755790194347e-04 -2.01077488674849148e-04
-4.65650001579201737e-04 6.64425211302783602e-05 9.35625798425065254e-05
1.40925524903176883e-04 -4.42164374437036922e-04 -7.95978144644450417e-05
2.93612908849838180e-03 -1.64475977183502014e-03 -8.67237643338993167e-04
2.65510449293602027e-02 -2.30768705511327880e-02 2.15332898491328757e-02
-5.42242593879148846e-02 4.66954686565083377e-02 -1.26499487536759839e-02
5.03854118080621083e-02 -1.84030771442324909e-02 1.22584539997685148e-03
-1.66660255145201826e-03 -7.15499183597953243e-03 -5.32798841296043720e-03
-2.80538941296908876e-03 3.20100370056812479e-03 1.08855039740836032e-03
-1.09434151924113184e-03 -9.07475114814350228e-04 3.05896800622182646e-03
-7.03797263929248611e-04 -2.82720569625699559e-04 2.36476636049635003e-06
7.54084097969164599e-04 5.04225291021427081e-04 -6.68876102122716205e-04
2.20733037282870668e-04 2.45226150641801892e-03 -6.66321804004193618e-04
-4.52682243789457629e-05 -2.55382894679306621e-05 5.77547524326328792e-05
-7.86742873170871541e-06 -1.13743342831934362e-04 2.01916038763486977e-04
6.48616053611068518e-05 -8.22109223285530919e-05 8.85484389429670228e-05
5.68424783235599415e-05 5.47474328787679696e-05 1.50446989372769193e-04
1.43301054486318481e-05 -1.75220810715624536e-05 2.84594793116068365e-05
8.86636252301427254e-06 -3.48865654131356681e-05 4.54293731083114873e-05
3.32207903180458536e-06 8.04243071716580649e-06 3.08968697943682138e-05
7.54224354641685601e-05 -5.69992776663300472e-05 -1.43087412221705820e-04
-3.36439319295019849e-04 7.73161103781492371e-05 3.01426407424440468e-04
-2.95171114018016392e-02 -4.13942213769820724e-03 2.43596845985544035e-03
1.27539235334171367e-04 -8.68006926211620255e-05 1.25977200190418594e-04
2.59756111900876028e-05 -2.00361007559906573e-05 1.04657434794544631e-05
8.84215428599023612e-04 1.09238623305137281e-04 1.73845756085367546e-05
2.99344487918335020e-04 1.12778979244242101e-04 -2.21696756649058038e-04
3.25288780568901690e-04 -2.26153369755263911e-04 -2.01398514094073612e-04
-2.86802932450151010e-04 1.70291613843444973e-04 -1.40545898366641362e-04
1.49654977251049764e-04 1.89852300874357232e-04 -1.42008886004693223e-05
-1.52856850650434384e-04 -1.83488290289358404e-05 2.86263216981238024e-04
2.44859094738088473e-03 1.69211745804773508e-03 -4.96142768072809198e-03
-1.42667876728168851e-03 -1.46516892655264449e-03 5.51976709042210911e-03
-2.35537228226166174e-04 1.34079839203338452e-03 -3.87287322626987760e-03
7.32683983114081603e-04 -1.46426319335581480e-03 -1.94962931442505352e-03
8.45047462691442047e-04 2.06017210045647911e-04 -3.40996726838281019e-03
-3.73966053370231076e-05 5.99495744598616291e-04 7.03806083437306831e-05
2.85398144240674276e-04 -4.42574310792562145e-04 -2.07443007113406841e-04
7.14174632634409523e-05 1.59128720293005388e-04 -5.67307610424124464e-05
-2.02499802139236842e-04 -2.15225628933091493e-04 -4.21061157614469571e-07
3.01954569705362641e-04 -6.71136721472447018e-05 -7.64111941859968859e-04
5.89341073151068489e-05 9.63258203947441196e-05 1.44253850190633338e-04
8.08366846091967896e-05 4.64572678459746944e-05 -2.08749233013613412e-05
4.29839754672466014e-05 3.22295006362750770e-05 -4.12072996304607020e-05
-1.12457494765882179e-05 -7.25753176034847874e-05 -6.96672031086486020e-05
-2.47011137122599446e-05 -3.48839245940357244e-05 1.44821122985816899e-05
8.21655392362570839e-05 1.01584846588538661e-04 3.39805928037593919e-05
3.65995214710293553e-06 -6.16284086586394396e-06 5.19201160861825547e-06
-7.12830356386710796e-06 1.25267668418464599e-05 2.18866695939561691e-07
9.41126597886213982e-06 -1.87429408935104906e-04 -4.63553035165729173e-05
4.20573227311458312e-05 -4.78261044661057412e-06 8.81327707934078763e-05
-2.36054419424996064e-05 4.46666107947734650e-05 -1.07250359974199949e-04
2.49073791532112686e-03 1.42107755277997043e-03 2.29578282062364337e-03
