3.04469876686231451e-04 -3.36413864160825071e-04 4.03138246893866722e-04
3.87164983885007546e-04 -2.26908988038413729e-05 7.89941580802025836e-05
-3.72291838020219587e-04 1.14477415511462827e-03 -1.89711500786005245e-03
4.92701917084264009e-04 1.30208171897800963e-04 5.79340763964485863e-05
3.42185271997020451e-04 3.10471434832260520e-04 2.94656251514678136e-05
1.53834717841092440e-04 2.84137481697883032e-04 9.63025325812834370e-05
2.34723868817253759e-04 7.35335646546346131e-04 4.08194691797421556e-04
1.52785538283379955e-04 1.85063941441969534e-04 3.70269784966352283e-04
-2.57143793683409997e-04 2.80089012984151048e-04 4.75496914710975586e-04
-2.80793102498157632e-04 3.71381165123665284e-04 2.98431639646925422e-04
-1.63551793573213442e-04 4.39709126665402031e-05 3.15952952696315270e-04
2.47338439805614829e-04 2.96268625089271648e-05 -1.90550943952425499e-04
4.24447971770375754e-04 -3.31681392024377273e-04 -4.18063985019361472e-04
4.06287747341253194e-04 -2.35038951902765997e-04 -3.07179396399136911e-04
1.05328689653202254e-04 -3.12353530683992487e-04 -7.52697609438881827e-05
-2.86198436108180154e-04 6.76864248762042083e-05 6.99744206293767524e-05
-6.50830526395608120e-04 -1.64447952660699946e-05 3.71568813299808648e-04
-5.26120375528962348e-04 -3.57495802891000217e-05 1.89305238376585064e-04
-2.32253161691319459e-04 -1.65798016691534210e-04 -1.45962075911211503e-04
-1.87445743160833929e-04 1.09035685645888605e-04 -5.43887918540164237e-04
-1.90543563110921250e-04 -3.66666954164145755e-05 -4.33324513088010190e-04
-1.81657882795683640e-04 -2.96267495591956052e-04 -4.02362293667122000e-04
-8.82223444362938006e-05 -3.54916097365584062e-04 -1.94256628952117890e-04
-1.66351191562707883e-04 -4.05868430021108983e-04 -2.20912940896219337e-04
-6.68303867720572669e-04 -7.83732748739110409e-04 1.07167382260283067e-03
-7.47459280562027943e-04 1.35629505258050135e-03 -2.23580112335488944e-04
1.63643819686014368e-04 -2.38797267118546558e-04 2.54318321774821699e-04
1.91850591135355673e-04 -2.87743806437264161e-04 1.78952511756722005e-04
1.24588604662980541e-04 -2.38785101632842806e-04 3.14890503866508374e-04
9.99050605347133990e-04 -9.47623936352507551e-04 1.51924973660173173e-03
2.32999515590541869e-04 3.65797946564165192e-05 -1.17770426370442146e-04
2.06626728793256331e-04 3.39106937290838953e-05 -7.41899107753343052e-05
2.43266841603587830e-04 5.27997997362801566e-05 -2.72552413498367046e-05
1.46912663260842454e-04 7.19078630242952718e-05 3.59769077891084062e-05
-7.59809313487528541e-05 1.24025001633671076e-05 3.36298227180194752e-04
-7.12535545791253969e-05 1.18535783733613695e-04 2.50859952384183810e-04
-2.07341011696575368e-04 1.28853026274825829e-04 2.02015513120613649e-04
-1.00229080291295536e-04 -7.22651255569262520e-05 2.43780195013856111e-04
1.27975831118579158e-04 1.26375355728994434e-04 -2.73815447781663914e-04
1.32078323939618502e-04 -1.36061887895862882e-04 -1.87914774539553795e-04
2.11131453598284999e-04 -2.65560686306497119e-04 -5.84279658818158821e-05
2.02195131999072735e-04 -3.21889930619949789e-06 -2.73569882082246420e-04
2.56949503130008544e-04 -1.77944097105969020e-04 -1.72408231431542231e-04
-1.02835841595419900e-04 2.11091167010943624e-04 -1.22422869049232630e-04
-3.22315372392499805e-04 7.79740108251271945e-05 7.24166679234874798e-05
-2.80016652524008904e-04 7.45958702793192446e-06 7.19303514991185731e-05
-3.26859067740507630e-04 6.97348460332715772e-05 3.35119838442003747e-05
-3.06047988959455986e-04 -1.02980656272959797e-04 1.51184338320341422e-04
-9.31347034545282500e-05 2.00257682515888252e-04 -2.80575868328728612e-04
5.34034055932920489e-05 1.14623058081188313e-04 -3.15508739892332178e-04
-4.32429516036618401e-05 2.36367237126926881e-05 -2.02621501507583641e-04
-1.65795948428405603e-04 3.55330404267554154e-05 -1.90679167690086584e-04
-3.10505718923757964e-04 -4.01805771601169818e-04 -2.37047548863912567e-04
9.72174573733100220e-04 -1.62330631812013866e-04 -4.22360767083836380e-04
4.79678261822007133e-05 -2.47428258950727618e-04 1.42208049791734705e-04
-1.59358718152458902e-04 2.46417742708726303e-04 -3.52622585031369689e-05
