5.13822596658952691e-02 -2.57304376587352834e-02 3.41017937142140681e-03
-8.46300111001037081e-02 -1.33702697121587111e-02 -6.00046584811808614e-02
7.55924127822886760e-02 2.73338928252102598e-02 1.01439639978318397e-01
-6.14174793874262548e-02 3.48576612283457710e-02 -1.66912152300782712e-02
4.23019988897532784e-03 -6.06622051018961272e-02 -5.70418833815024007e-02
-2.73188063712126450e-02 -2.86388288158789805e-03 1.81934214072780875e-02
1.42745463692170449e-01 3.65707848421550352e-02 -3.02536196654328293e-02
-9.96436208663107337e-02 -5.58856047960167857e-02 6.65257195313557759e-02
7.94023332307363106e-02 -4.78008704169932130e-02 -5.77284600882954635e-03
-1.34414385554471494e-01 7.06465089203467400e-03 -1.48995915184126915e-02
9.27336562421130495e-02 -1.67277163668622109e-03 1.03683856941376717e-02
-2.26737642373722181e-02 -8.15521812531461165e-03 -2.90410414687478635e-02
-1.38327962770077306e-02 3.22768797694301668e-02 9.49656815020682998e-02
-1.07392643707377999e-01 -8.30662825108920977e-02 1.87660452496931640e-02
1.41278349563011663e-01 6.22796003443060187e-03 -1.03073088667812396e-01
-7.97836543638896778e-02 4.90770402318849719e-02 1.29040052100005131e-02
7.55411576371791682e-02 -2.43405789030988196e-02 -8.29945122980735306e-02
-8.40473683057556542e-02 1.82838470652022522e-02 2.66270141481941280e-02
5.23126749713505035e-02 3.24841774197714983e-02 2.41602452165499137e-02
3.84068437161761977e-02 -4.62817315462302759e-02 -1.02092178208645024e-01
5.18251655522510291e-02 -1.06734962020902380e-02 7.94835289476605311e-02
-5.11645517216896550e-02 -1.76736094984888403e-02 -9.17986597087416811e-02
2.74204999679099615e-02 5.43183638631106191e-02 5.63539213046357901e-02
-7.03209951238736863e-03 -1.86199570195277886e-02 -2.78425493318201767e-03
1.56293243220163025e-02 4.33533707531150725e-02 -7.36188344079957702e-02
1.29654763359887681e-03 -1.72025361014611633e-02 3.49617246342948107e-02
-2.77392701478840209e-03 -1.50082661860679867e-02 -1.60239398271206923e-02
-2.57378504508996020e-02 4.83993621373870475e-02 3.74039876004538807e-02
-3.32194403011620842e-03 -7.51471599086706021e-03 -1.08405477987081333e-02
-3.21374985995864781e-02 2.44893994792227954e-02 -5.66658916048674577e-02
2.05678907240423037e-02 -1.29956885416935286e-02 -1.43151114472304108e-02
-5.72914127923862537e-03 -4.11863460530903502e-04 -9.91407357072549011e-03
1.74115054552155257e-02 -2.89931887080663309e-02 3.64584530643037308e-02
-4.38503595590465922e-02 3.22690524241635579e-02 2.87053850435889935e-02
1.45726584024597483e-02 3.05345052805432449e-02 -3.01086322975039344e-02
-8.47392199831209503e-03 2.22432581668585705e-02 1.01135152612341628e-02
7.11574782580464138e-02 1.93455033369777651e-02 -4.66505621840651585e-02
-1.79099413445820144e-02 -2.73818466715243236e-02 3.72231922923700331e-02
2.06555383490514277e-02 1.29545764838034927e-03 8.15793765016614714e-05
2.48093746979312080e-02 3.69797494438095509e-03 -4.06304891718098915e-02
6.47147130080849564e-03 -1.70170196690850872e-02 1.05915172042313488e-02
-2.38839814493572167e-02 1.98391492860663377e-02 -1.79684758435123548e-02
-1.21475435152449407e-02 4.00869959945615584e-02 2.94475092231392122e-02
-4.48620492509188562e-03 -2.49269035315355936e-02 1.00633388883539787e-02
-6.61855917310649744e-03 1.32842838776392469e-02 -6.08187973422430472e-03
-1.70658342344700564e-02 -1.60080782732502369e-02 4.56678272504493776e-02
3.56784638732623449e-02 -1.71949138955886927e-02 1.19109841408295836e-02
2.63103595764624387e-03 3.47412387200707329e-03 7.11750447847681045e-03
-4.80077084235697171e-04 2.67479594896293804e-02 1.09587988659010094e-02
-7.27363315240894259e-02 -2.90762341783645795e-03 2.86706737054109873e-02
1.39396243213422179e-02 2.57090111760344131e-03 -9.21041698941138520e-04
-9.20772092922872432e-03 3.16895743937184449e-03 1.08011289680076672e-04
2.94647314569436158e-02 -2.98531174747296291e-03 5.48862525519939748e-02
-6.00095750508531367e-02 -5.29839745821414354e-03 4.61823857675776051e-02
1.17324369162090658e-02 -1.58921780011387348e-02 -2.60315144004344967e-02
1.06222195642535766e-03 -4.82381386475205787e-03 -7.34835267639244449e-03
