5.16867295425815013e-02 -2.60668515228961069e-02 3.81331761831527364e-03
-8.42428461162186976e-02 -1.33929606109625520e-02 -5.99256643231006608e-02
7.52201209442684565e-02 2.84786669803248869e-02 9.95425249704583459e-02
-6.09247774703419939e-02 3.49878694002435722e-02 -1.66332811536818240e-02
4.57238516097234829e-03 -6.03517336670638671e-02 -5.70124177563509360e-02
-2.71649716533715509e-02 -2.57974539989001481e-03 1.82897239398593717e-02
1.42980187560987709e-01 3.73061204887013831e-02 -2.98454249736354073e-02
-9.94908353280273550e-02 -5.57005408545748135e-02 6.68959893163221242e-02
7.91451894370528986e-02 -4.75207814040090604e-02 -5.29734909411857038e-03
-1.34695178656969644e-01 7.43603205715833923e-03 -1.46011598787657657e-02
9.25701044485398306e-02 -1.62880072401968092e-03 1.06843386468339872e-02
-2.24264257975666029e-02 -8.12559126280568492e-03 -2.92315924127002878e-02
-1.34083483052373550e-02 3.19451983774057882e-02 9.45476175170489319e-02
-1.06986355960036750e-01 -8.33013214627948695e-02 1.84588658532940271e-02
1.41383678252664874e-01 5.91560650374660900e-03 -1.03148358428756290e-01
-8.00698527999978565e-02 4.91447266567611729e-02 1.29739796306298904e-02
7.48903271107835555e-02 -2.43570236983648887e-02 -8.26229434847737254e-02
-8.45734886812846143e-02 1.82480974849131526e-02 2.68163193865707146e-02
5.20804218096591817e-02 3.23183794030799665e-02 2.40142831406387029e-02
3.82193979730153649e-02 -4.61726958605843882e-02 -1.02636066127185191e-01
5.16346219891401087e-02 -1.07101628975066528e-02 7.90502044345725158e-02
-5.13462096044853405e-02 -1.79698769940807961e-02 -9.22010220024088029e-02
2.73322776234736671e-02 5.39634477657450345e-02 5.61596646756836737e-02
-7.19845070395007652e-03 -1.90258254495488978e-02 -3.00516787407823687e-03
1.49610204542957297e-02 4.25696380043759648e-02 -7.25471605853929419e-02
5.49088353036848872e-04 -1.58462410488806604e-02 3.47381445219593216e-02
-2.61028319510238794e-03 -1.52470634531865334e-02 -1.57696215053458703e-02
-2.55459998597642457e-02 4.81116183309497833e-02 3.75829401122106041e-02
-3.19735542545322802e-03 -7.75350109249990302e-03 -1.05256572948416241e-02
-3.11384479942393433e-02 2.35417755428702878e-02 -5.51466418682657264e-02
2.08008902396328473e-02 -1.29591087470371114e-02 -1.44328818736008530e-02
-5.52251455044536904e-03 -3.77952766801819607e-04 -9.98826348150082428e-03
1.76547722968191136e-02 -2.89403889083300510e-02 3.64311978229538910e-02
-4.37034468957857511e-02 3.23409602871878518e-02 2.87413619513781013e-02
1.44966774711109952e-02 3.05469077807066121e-02 -2.97723340703237409e-02
-8.54517555289122099e-03 2.23617939505921827e-02 1.03643752136183473e-02
7.09501372463498398e-02 1.94743563632525894e-02 -4.64485466709445433e-02
-1.80101704248733091e-02 -2.74541117970812515e-02 3.74669724873838914e-02
2.07835141801700068e-02 1.42183300410934368e-03 -1.92236071280002443e-04
2.49414530218708269e-02 3.56191305648509210e-03 -4.08184039463494464e-02
6.68260275440678026e-03 -1.72825803553915830e-02 1.05330892383495335e-02
-2.36817863173581430e-02 1.98359303867601394e-02 -1.82420457255946002e-02
-1.18905940121149314e-02 3.99090518974555900e-02 2.92751009917076692e-02
-4.58904076668730562e-03 -2.47158123645246502e-02 9.94091601930474633e-03
-6.94087454549899719e-03 1.33622578884643739e-02 -6.00946306630081688e-03
-1.73458508869940645e-02 -1.60006186862223058e-02 4.57397576019484969e-02
3.53516048055218385e-02 -1.71251790495554196e-02 1.19444961246737841e-02
2.32498796868678805e-03 3.37114321573411336e-03 7.26868881679715220e-03
-5.73211787690225448e-04 2.69482171721452703e-02 1.06782229975722811e-02
-7.26829281184961373e-02 -2.79300035975526975e-03 2.83551649655186568e-02
1.38963813697385568e-02 2.59453784131613401e-03 -1.12366320044872208e-03
-9.37351687765712940e-03 3.20449047979860010e-03 -8.26678780100099117e-05
2.91542257380198594e-02 -3.38711751907413289e-03 5.46492050031300650e-02
-5.90374004771200347e-02 -5.46072809002615730e-03 4.57600250004937675e-02
1.17804047423912660e-02 -1.61396062600894612e-02 -2.58893063506427622e-02
9.02863238272898759e-04 -4.57739612204333124e-03 -7.38361493489558124e-03
