2.44821360464743279e-04 3.56898652680468317e-05 6.12791590980118150e-04
2.61418276856050912e-04 2.22367561215454867e-04 2.08323658137337059e-04
3.93198659872810350e-04 3.12869410534805765e-04 -1.32853915464334923e-04
2.74684444683937596e-04 4.14432993126399700e-04 -1.47558986138481955e-05
1.97201418859615379e-05 5.18534510171992508e-04 -2.27448201541324687e-05
-3.20394967309630801e-05 3.75181795888604897e-04 -3.87261325102173797e-05
-2.08187956189313659e-04 7.14087706031846562e-04 7.30402218324129450e-05
-1.44476819576348022e-04 3.09986876291905192e-04 2.25077001359093705e-04
-5.12127143719519383e-04 2.03387306662340184e-04 2.32726715860069377e-04
-5.92509217351204270e-04 1.53701567085047714e-04 3.82511941714334250e-05
-2.96576400862241080e-04 7.25729680660307943e-06 1.26595616952897858e-04
2.65840190416176631e-04 8.74820910701812088e-05 -9.49150859431789737e-05
6.39897780631049334e-04 -7.53201260533812922e-05 -9.18338225647881065e-05
6.07510058770686467e-04 1.48011498549406778e-05 -1.39925826708276515e-04
2.03375746162209924e-04 -2.15993389860463266e-04 1.07207620326948492e-04
-2.80819861597368507e-04 -1.11437171972843257e-04 -5.00460985832700076e-05
-5.92975764587909621e-04 -3.02532192459221408e-04 7.10896068793214376e-05
-4.88830525380142596e-04 -3.17815559285644644e-04 4.41382769515955172e-05
-2.57130940253445130e-05 -3.66123568646237727e-04 -1.84884224172250275e-04
5.85873582135574018e-05 -1.76223342754816428e-04 -5.60683740385791384e-04
7.23045512778862327e-05 -2.50744038046850077e-04 -3.73709500098764167e-04
1.79688307231866634e-04 -4.29713232190071556e-04 -2.42979597768416112e-04
1.87151668929715450e-04 -3.58614064910003471e-04 -2.28938980295424516e-05
1.68420581736556594e-04 -4.51462094156679220e-04 -1.46014939347601021e-05
2.33222477017236608e-04 -3.95446026839973747e-04 5.33216116407129580e-04
-1.11243081202780196e-03 4.68628522372500466e-04 -9.75523224069639204e-04
1.17736480856540200e-04 1.62340748985158908e-06 3.73997014912111033e-04
1.81564575392244483e-04 -2.15566741062241339e-05 3.14228032303427403e-04
6.23306731978663566e-05 -1.37479795039135651e-05 4.21610426272273011e-04
2.52060918538313250e-04 1.23582411177691677e-04 -2.00462617008571371e-04
3.13903774958778985e-04 8.26858433122304437e-05 -5.80341088058493879e-05
1.77748580596631190e-04 1.53864362244201679e-04 -3.55507878381741173e-05
2.00433390393934516e-04 1.95892044751353774e-04 9.94140049292683453e-05
-1.44984965423368656e-04 2.49026167380802968e-04 3.34857328236871652e-05
-2.49760516149114843e-04 3.35716656582710113e-05 2.88847326625814240e-04
-2.63850000359733012e-04 1.17993999431722854e-04 1.39751639339714549e-04
-2.66092108971382861e-04 5.22522327815429230e-05 5.85280336698077385e-05
-1.26910802610996236e-04 -8.32407810958459986e-05 2.82134690469907506e-04
1.14376040163904013e-04 7.75706644371569506e-05 -2.78745868338650118e-04
2.96554930113265521e-04 -4.71640305733318007e-05 -9.48963362276449224e-05
3.19804684835036312e-04 -8.56920619527489803e-05 1.30871343095628122e-04
2.92889075561541352e-04 6.20530509896071868e-05 -2.21314227262716799e-04
3.69889658338914994e-04 -8.95213698175908765e-06 -2.32290267121083899e-05
-1.20201371182739042e-04 4.62085917831787574e-05 -2.14851476945443704e-04
-3.35104845178924103e-04 -1.22522204629658585e-04 -3.34762461508749542e-05
-3.00954699628317498e-04 -1.58977354673942050e-04 1.40969811238382715e-04
-2.86215602428987754e-04 -1.32737791856970904e-04 -2.73980118159134186e-05
-2.34978498534838410e-04 -2.28158084030025268e-04 1.21076371162519858e-04
-7.00729418637230166e-05 1.76014539840318145e-05 -3.50245007365605418e-04
1.18226125197166574e-04 4.05622305260615464e-05 -3.11335472442987495e-04
4.11432373565620807e-05 -7.16388020122822096e-05 -1.97446665180891291e-04
-6.33384722966190595e-05 -1.34334787193881157e-04 -2.15203515203665367e-04
1.17600046226251626e-04 -2.45339619229287004e-04 3.18461781539017394e-04
1.05382495499631961e-05 -2.18736564520263219e-04 3.10024419056872046e-04
1.69781234353641805e-04 -1.88741770588278111e-04 2.64930375766106083e-04
-2.17271363104099956e-04 1.20068671796223146e-04 -3.47521976762587745e-04
