-3.23157125922008959e-02 2.55288042120704328e-02 3.03229932766591048e-02
3.74212225953716171e-02 1.23855427351085012e-02 -2.66576289434872216e-02
-3.05496484995497752e-02 -1.35239876094166434e-02 4.52447012650494251e-02
2.35303581948862472e-02 -1.22421583451881588e-03 -1.40609790102321774e-02
-4.15364680164056477e-02 3.62707787262070980e-02 -1.47688642821057203e-02
1.20033459976327250e-02 -3.73726960378988338e-02 8.47620514078495368e-03
-1.51211499846928277e-02 1.23481835186947109e-02 -1.63457217318851988e-03
5.34780076843466290e-03 1.12636822505116641e-02 1.42391456806603145e-02
-3.78966885277272070e-02 -7.15951283661997451e-03 3.90039947281497490e-02
5.60656473006293510e-02 2.45563313053026588e-03 -3.61104072584961244e-02
-3.35482049851414388e-02 1.39986983124149589e-02 -1.10419793880911499e-02
1.81479007243678936e-02 -9.44224151596628758e-03 -1.96472122683157835e-02
-4.30659323337838629e-02 -5.46359055455930553e-03 2.94426011140807020e-02
3.45986281914658633e-02 -2.45802376426929037e-03 -2.51660074709292303e-03
-3.11493468346490943e-03 -1.19187563823994758e-02 -1.40138379739873642e-02
1.02173930711915162e-02 -3.05317863963505687e-03 2.85306485389615894e-02
-1.14666788897110905e-02 7.98737352981282456e-03 -1.01047714681645751e-02
4.00402299293087793e-02 2.56479689270072697e-03 3.22879389440416109e-02
-2.20910077372682423e-02 1.07295525862749486e-04 3.98511941451751284e-03
1.82503231894070028e-02 -5.32777811959217473e-03 -1.46583482222126804e-02
-4.82531025426975457e-02 -1.36611595846911626e-02 6.45934767136857602e-03
3.10398889989729199e-02 -2.82811146263997060e-02 -1.99486916177358253e-02
-2.07292716129234833e-02 3.27526965002533643e-02 9.95042993442130097e-03
1.79754944877252854e-03 -8.89237782040375180e-03 8.44578985922161962e-03
-2.96381430820900071e-02 -1.07321717535633354e-02 -1.50144248256385282e-02
1.16431837038497576e-02 5.87034868513569563e-03 1.69923313137836374e-02
2.97657875900192437e-04 -2.35890750504048619e-02 -1.81645833790988753e-02
2.34063023488282340e-02 -7.85679566407671004e-03 -1.18978750759457519e-03
2.76941755149862079e-03 3.59724369150149492e-03 -2.72773359111688762e-03
-4.53568691253680711e-04 -4.17726998569456498e-06 -3.11845342189878139e-02
1.64682740011290463e-03 5.84122233052347672e-04 -4.40231784946690241e-04
-5.30810810806414679e-04 3.28694116366134992e-03 -4.15800851252334791e-03
-6.63632087359422584e-04 -3.16153584647893560e-03 2.00134680388717179e-02
2.86802058147661576e-02 -1.17846317598084838e-02 -4.57025677488065440e-04
-1.31377788648956439e-03 1.95030972566176686e-02 -4.16085298912434176e-02
2.16567056017069604e-02 -1.41708659602111098e-02 4.41054479071378847e-03
-3.15393321807193594e-02 -1.52226969533735268e-02 1.04767026236525229e-02
6.43400337129773625e-03 -6.40247798265436430e-03 1.67636529356176567e-02
-1.46339809582418656e-03 -2.20073452891544896e-03 1.01878403404751516e-02
2.12889440031740484e-02 1.16623487651124069e-02 -1.68399658864324397e-02
-1.26957594798282614e-03 6.35488378847415269e-04 -1.42150615282998771e-03
-1.56857681559618989e-03 -1.16403020094235643e-03 -4.47988129506260435e-03
-2.07261378881127278e-02 1.13066945803097507e-02 -1.15447639594264129e-03
1.93415872077007389e-03 3.35530063132127854e-03 -1.30385110052526620e-02
-1.10148829088894118e-02 3.57360858011991633e-03 -9.74032190277884791e-03
6.26306127181042172e-03 -3.64561706101129701e-03 1.15856280346919860e-02
-1.57482963461221814e-02 -2.12079490734140563e-03 -2.55519789133258346e-02
-1.98037159360842097e-03 -4.22417858622692322e-03 5.60617901641324856e-03
-1.54449690484657065e-02 4.61265117968989724e-03 -3.37767688138423949e-04
1.44219656023258924e-02 8.14345509521596789e-03 -1.83243235894448020e-03
-1.39866501183738556e-03 6.49938349751577604e-04 5.60591455074188616e-03
3.27990674859872655e-02 1.44763823461897534e-02 2.54410669123750210e-03
6.13571116602429356e-04 1.61237307061339735e-02 1.89563915597359411e-02
1.65484519369845096e-02 8.18718082257019475e-03 -1.81660212549639155e-03
4.55496186208259601e-03 -8.16511417956089502e-03 -4.42301346250673078e-03
-8.79301947410948692e-03 -1.08735371105201928e-02 1.17387710261240841e-03
