3.20708912317361552e-02 -2.55644940773384795e-02 -3.09357848676392218e-02
-3.76826408722276684e-02 -1.26079102963239566e-02 2.64493052853498854e-02
3.01564498396769652e-02 1.32111181988818372e-02 -4.51118473495850936e-02
-2.38050426395701835e-02 8.09782841392416236e-04 1.40757349088460257e-02
4.15167478745196855e-02 -3.67893132363790870e-02 1.47916091022598523e-02
-1.19713065009017620e-02 3.69975142420102265e-02 -8.43747900827473626e-03
1.53293379408821415e-02 -1.30622712247265571e-02 1.56153195135610686e-03
-5.20332394885831499e-03 -1.15736691268035694e-02 -1.44642226820194085e-02
3.84088156714467235e-02 6.95612552995763470e-03 -3.92367214440098172e-02
-5.54731380832781465e-02 -2.60933469761531365e-03 3.60721560643246925e-02
3.38447813860036778e-02 -1.40059556092215626e-02 1.09153837711382512e-02
-1.84137409147840693e-02 9.35475942489610683e-03 1.97421273542589641e-02
4.24260345531528166e-02 5.53891068061268706e-03 -2.93507672915159154e-02
-3.52061382502365516e-02 2.44322261441434979e-03 2.65652657380119946e-03
2.91155893730269972e-03 1.21347497722599385e-02 1.39066303536604149e-02
-9.93657320959414822e-03 3.16461581160790021e-03 -2.84806024403783178e-02
1.20596546542989999e-02 -7.68484133735360293e-03 1.00336818612852541e-02
-3.95513994039286346e-02 -2.24698133341508233e-03 -3.23320772209932036e-02
2.21167208312935855e-02 2.58828042783488242e-04 -3.80023519034526245e-03
-1.83089105476205612e-02 5.50400146234699111e-03 1.52190319625984723e-02
4.81807979914196591e-02 1.39119036227380120e-02 -6.08563817126981169e-03
-3.12195773062047856e-02 2.87108278585897769e-02 2.01916712155042408e-02
2.05421199439937661e-02 -3.23940824353433632e-02 -9.92753603639175836e-03
-1.96597003050908532e-03 9.34383991456043048e-03 -8.43118836528685897e-03
2.94049206050727707e-02 1.11276177804033091e-02 1.44812087092313982e-02
-1.05307528918219557e-02 -6.33897720750819637e-03 -1.60168080897139971e-02
-4.15394356756732636e-04 2.35874516429150118e-02 1.77905863641867647e-02
-2.35878669242204769e-02 7.87835233818293471e-03 8.75559475291147731e-04
-2.83174822469648736e-03 -3.58349571199758146e-03 2.30612316484461472e-03
2.01507772715367461e-04 -1.19405141191997112e-04 3.13849968359963885e-02
-1.96073117507168356e-03 -6.66808076364578143e-04 4.98265893752539656e-04
3.53062230209783489e-04 -3.44080552590555165e-03 4.19355930036152159e-03
4.63198696965488096e-04 2.96564380172758190e-03 -2.01128820438009857e-02
-2.85352208493427906e-02 1.15356055924276807e-02 4.23539944664378255e-04
1.56353840263867929e-03 -1.95366689222759397e-02 4.13196825646176061e-02
-2.13928556013472278e-02 1.40528719607793864e-02 -4.55029643005350291e-03
3.18054242896907424e-02 1.51704447205919836e-02 -1.05352306573223298e-02
-6.30709256868674031e-03 6.48571876375021034e-03 -1.70457876260875635e-02
1.34902205566028244e-03 2.12316386447829186e-03 -9.90909447213650200e-03
-2.15854989332873136e-02 -1.16151847345390743e-02 1.69348622226600833e-02
9.49771263147789879e-04 -5.49796316894666289e-04 1.29063480973435956e-03
1.27568774003464854e-03 1.10197714995274930e-03 4.70119552232532104e-03
2.03562482297738115e-02 -1.12977424433279919e-02 1.17770542265474977e-03
-1.81395734958733493e-03 -3.40150922310445726e-03 1.32533624821981055e-02
1.13499877540683362e-02 -3.45108637549025772e-03 9.77379814892972293e-03
-5.96210657218210378e-03 3.80459441568523895e-03 -1.17265978459303692e-02
1.60345119485511695e-02 2.25353269919837665e-03 2.55793769251417488e-02
2.21535009214325921e-03 4.45233667025694835e-03 -5.72725538757576803e-03
1.55150419903294298e-02 -4.63025263367392893e-03 6.88012695504029367e-04
-1.45401917275230583e-02 -8.18401732574202886e-03 2.14376783138746753e-03
1.35752177448082343e-03 -5.78299547739295435e-04 -5.40846788556099446e-03
-3.27357290136906440e-02 -1.43420475589958723e-02 -2.32890317603383660e-03
-7.31171162828680955e-04 -1.58783910869046870e-02 -1.92748533412749577e-02
-1.65589901865344710e-02 -7.96844425804993199e-03 1.50657770643951956e-03
-4.72474309643623747e-03 8.35385595014917319e-03 4.15808308674062502e-03
9.01029083721358731e-03 1.07534684387239690e-02 -8.26355125849820662e-04
