2.23307834990351149e-04 6.36580403069980340e-05 6.28895804207373955e-04
2.75614357453912153e-04 2.06925733551042827e-04 1.98884655832650559e-04
4.35854169378740042e-04 2.44908218553907835e-04 -1.13736357665348358e-04
3.31046119276169224e-04 3.64108780383911711e-04 -5.35750401000337955e-05
9.39366704470239648e-05 5.06030082616634432e-04 -7.07641017510550528e-05
1.86783403529431079e-05 3.70540080751667437e-04 -7.26830050813002303e-05
-1.20858224178866999e-04 7.38833637106658492e-04 3.51928721341936136e-06
-1.18390782693445575e-04 3.53295224873514827e-04 1.71613779125091739e-04
-4.88331792428982727e-04 2.99129079810042122e-04 2.14993461846806804e-04
-5.12113762156333509e-04 2.59419459561902033e-04 4.24734484715152459e-06
-2.97229797450421923e-04 7.21055285722035997e-05 9.59813679381582682e-05
2.76700064479114380e-04 5.96563798313861645e-05 -8.42029141861604249e-05
6.02527668878234646e-04 -1.81070990036194356e-04 -5.36570735662483670e-05
6.10614288967571760e-04 -9.11031420350572437e-05 -1.13722101430237141e-04
1.72120933786107573e-04 -2.34350344037103416e-04 1.44537608107101460e-04
-2.95204806340374274e-04 -7.22386644415086036e-05 -4.73261863431494956e-05
-6.25654070199239552e-04 -2.11139475422722592e-04 8.03497086883758050e-05
-5.22171250962334666e-04 -2.36431818003642307e-04 5.72304419820246886e-05
-6.68208392026259975e-05 -3.85501094301428924e-04 -1.56244337307782796e-04
4.42099933650327308e-05 -2.52879305526985672e-04 -5.28826230300714190e-04
4.46272174417716177e-05 -2.94299612366728271e-04 -3.49064678063040182e-04
1.17614546990590235e-04 -4.59712251411136083e-04 -1.94930471877310534e-04
1.33157873294118510e-04 -3.78804915999395367e-04 1.26041028189997623e-05
1.02062120024602127e-04 -4.72747730550628921e-04 2.75743194256336696e-05
1.56602234222822983e-04 -3.90733658891794411e-04 5.76321836180214995e-04
-9.94902698528645716e-04 5.31378009771407635e-04 -1.09189701084268318e-03
1.05203218031477383e-04 8.19791842457149802e-06 3.75400380232828205e-04
1.87713131262530139e-04 -3.03248524065323859e-05 3.25194227784428801e-04
5.61425988819440011e-05 1.69952792222759184e-05 4.21541626881021913e-04
2.63532842115947040e-04 7.14081532739121761e-05 -2.38794053332368406e-04
3.25548688020399057e-04 2.99528276938106192e-05 -5.51525814250330683e-05
1.98837984310472370e-04 1.23104537819555105e-04 -4.07530355782695117e-05
2.27631185333969339e-04 1.75800834409004420e-04 9.73642575563346156e-05
-9.82430158190091083e-05 2.50407562641955124e-04 6.94310134294670634e-06
-2.47515368399273670e-04 9.02124256814420774e-05 2.63413873676553894e-04
-2.39420547368718068e-04 1.67367559199740196e-04 1.29698920341375624e-04
-3.07038018180848574e-04 7.02169438150455742e-05 7.58269085629073927e-05
-1.55579484657871842e-04 -3.57397949143873774e-05 2.94639784076542648e-04
1.38623441700169134e-04 3.62598677375286545e-05 -2.73189461903390336e-04
3.22346917301508074e-04 -8.50197448217120583e-05 -8.87534719937309601e-05
3.04319244623340191e-04 -1.18551738212187299e-04 1.42886302023729648e-04
3.01847371696603996e-04 3.56182254933715203e-07 -2.18263499867143589e-04
3.61386148434449626e-04 -5.46816301477887268e-05 -1.71497984260024383e-05
-1.09542468930494793e-04 4.88942729150425716e-05 -2.34480867619143432e-04
-3.54872116549927478e-04 -7.15942541344053389e-05 -3.53141405520360549e-05
-3.30369683809645309e-04 -1.00340079250960210e-04 1.48530050195562865e-04
-3.18986531985374533e-04 -1.03657922745357852e-04 -4.75418966810471126e-05
-2.73907434415993837e-04 -1.82752791869996009e-04 1.28921004180812646e-04
-5.91022906438832055e-05 -1.25212548851204705e-06 -3.59585937736874961e-04
1.37552690080772867e-04 -6.35136447718260895e-06 -3.10293147589612195e-04
3.69189105324947337e-05 -9.23195578599821890e-05 -1.90635122792625060e-04
-7.06688148946435393e-05 -1.42322479485249692e-04 -2.02264204329597906e-04
8.51057573864371828e-05 -2.18179493028157430e-04 3.52562898591444692e-04
-2.47722964425894828e-05 -1.85775802940263678e-04 3.29816341648622887e-04
1.34278886177550602e-04 -1.89487423547810116e-04 2.90474117230273650e-04
-1.93967352999628275e-04 1.20201437574716583e-04 -3.57166784196449871e-04
