-2.56121281712928806e-04 -1.67859886980648021e-04 -6.11237021635346878e-04
-3.04783230128613525e-04 -6.05346632056580347e-05 -1.37102544419676065e-05
-4.15682742415768303e-04 -2.53424349109021563e-04 1.61392791617753772e-04
-3.02731022729929578e-04 -3.65705576838237789e-04 2.99789114248660837e-05
-1.27695652056392106e-04 -4.85116776997251975e-04 2.51932704621538051e-04
1.40856823667157016e-05 -3.80592335876173138e-04 8.77896965443270005e-05
2.39036296616035315e-04 -5.97117142968173198e-04 -7.44267923401542575e-05
3.72989417513736043e-04 -3.82478617486192718e-04 -1.22320225567129626e-04
-2.52945725826947410e-03 3.05838782251122154e-03 -1.05275610695443333e-03
3.30593412524393671e-04 3.23216220291833167e-03 4.07014705386909981e-03
-2.45805640496410405e-03 -1.21308583299450934e-03 -1.96297947652457339e-03
-7.27373473428549744e-04 4.15834499860157081e-04 1.83679686873716719e-04
-6.94793372259638886e-04 4.73149885467094578e-05 -2.65866569866268776e-05
-6.54068876389857223e-04 8.29270716948826703e-05 1.68995164677276932e-04
-1.73468746787364125e-04 9.64826902332127645e-05 -3.79702281796845398e-04
2.92459062289474048e-04 3.25751634800072742e-04 -1.43542288898679260e-04
6.49279118443146785e-04 2.86918499946331451e-04 -1.25147807434000669e-04
5.26353079576935556e-04 2.86099283757224043e-04 -3.44304287485663885e-05
1.30084425453480534e-04 3.16539964271722596e-04 1.65805706624944094e-04
-2.26339369949757341e-05 2.42149509123046336e-04 5.00868523102937502e-04
-5.67975512739682387e-05 3.33865246647135905e-04 3.66007820723268651e-04
-8.33475312096432219e-05 4.37256989814116537e-04 1.32180673382720215e-04
-1.18899394708549266e-04 3.42532443045939772e-04 1.70695891659189414e-05
-1.60535319396082343e-04 4.52010890736431747e-04 -6.63553760027468797e-06
-1.75517291146398691e-04 4.57402712712884352e-04 -6.28054199749428221e-04
1.73760980132513509e-02 1.18638115338143280e-02 -4.25271214820810428e-03
-1.56968890335562605e-04 -1.70462758601885866e-05 -4.23495603414369981e-04
-1.24010762987403211e-04 5.06294569991849741e-05 -3.11253472740968817e-04
-9.64748620055910777e-05 -1.72475766538893183e-05 -4.63462695186489526e-04
-2.26182648043415924e-04 -7.47858573770243673e-05 1.82406875242513422e-04
-3.05782429260936794e-04 -6.73318403966449708e-05 3.57624970759862215e-05
-1.81047943446532855e-04 -1.47932591051835871e-04 3.09064491437194278e-05
-2.14924344960509828e-04 -1.87636429633375457e-04 -1.07807764637257719e-04
1.29892863012681659e-04 -3.75854333664715767e-04 -1.33669413339310150e-04
1.66799535773920482e-04 -3.16983898906961215e-03 -1.41790111944839481e-03
1.61633089105572836e-03 1.76085779043866353e-03 2.26010721593172814e-03
2.53617742728007300e-03 -2.69777069550974913e-03 3.05031309562631137e-03
-9.23401068791962487e-05 3.91338544528774257e-04 -4.64066544485497445e-04
1.74414139093581610e-04 -8.82583173269502197e-05 1.85489854735987336e-04
-3.62715587218342961e-04 1.26485262933462295e-04 1.11541275519488892e-04
-3.53826474540630542e-04 1.94210883395218303e-04 -1.69129753519126069e-04
-3.14957682611805012e-04 2.76595468297058389e-05 2.01303529380858492e-04
-3.52059701523632640e-04 4.78696957713076188e-05 -1.13908414536446206e-05
-2.16031228039814671e-04 1.89549055885251949e-04 -7.78856008576411796e-06
4.88988168618753605e-04 1.38686831050782722e-04 2.03022763507476611e-05
3.97256290392000722e-04 1.41700852593740212e-04 -1.37430992116271966e-04
3.16950796773518562e-04 9.41457885519358939e-05 4.18373751021050566e-05
2.84843399325662716e-04 1.81536277817251346e-04 -1.28603223914280917e-04
5.83422042936820873e-05 -1.53079902909247778e-05 3.54031319949488221e-04
-1.24121337334859305e-04 -9.14641433213958521e-06 2.82968843311248719e-04
-2.50430831247872021e-05 9.32992056483783472e-05 1.98016569302517098e-04
6.50904817396380508e-05 1.46422881717178655e-04 2.04713524503574718e-04
-6.55791501142921618e-05 2.40526775994676090e-04 -3.35663247210238325e-04
2.67063453736060552e-05 2.15793581173517879e-04 -3.29900807894301096e-04
-1.47845158882997652e-04 1.94117600625709485e-04 -2.89019366982223858e-04
-1.34714632958976566e-02 -1.57003490944696011e-02 8.73031088051812176e-04
