3.28134467225776568e-05 1.04201846673649987e-04 -1.76587825720270772e-05
2.91688726747013714e-05 -1.46391070345384792e-04 -1.85174401390682952e-04
-2.01714269629717398e-05 8.51613055511372822e-06 -4.76564339524054148e-05
-2.83150965462396469e-05 1.59679645432607778e-06 2.35961286751677117e-05
3.37589816093681412e-05 -2.09133056193824569e-05 -1.81168602870482998e-04
-3.27640227196588095e-05 1.00522551245057004e-05 -1.51066914630267702e-05
-1.18178072437168317e-04 -1.41716494138485294e-04 7.09075051267348910e-05
-2.54598634820290496e-04 2.91833926126778913e-05 -4.92935535579621135e-05
3.01778905069845661e-03 -3.35751690232126377e-03 8.37762645107626531e-04
1.81520349631939838e-04 -3.49158166248023354e-03 -4.07439439871625127e-03
2.75528620241452613e-03 1.14098030442230571e-03 1.86699810858641517e-03
4.50673408949435364e-04 -4.75490879691543259e-04 -9.94767726875562939e-05
9.22657033814042399e-05 1.33756001489484898e-04 8.02437305528752446e-05
4.34545874222854638e-05 8.17607034017457342e-06 -5.52730632470397915e-05
1.34781300125655281e-06 1.37867653803890652e-04 2.35164673689743938e-04
2.74574405090022592e-06 -2.53512970358564125e-04 1.90868475241828762e-04
-2.36250482439072330e-05 -7.57790245236088591e-05 4.47980987456248636e-05
-4.18182861460089043e-06 -4.96674657535817361e-05 -2.28000132334583002e-05
-6.32635862508545369e-05 6.89611300297063279e-05 -9.56136931716129713e-06
-2.15760563700569967e-05 1.07297964039393358e-05 2.79577071977766883e-05
1.21703338321966210e-05 -3.95656342804076339e-05 -1.69431426602284691e-05
-3.42670157809470133e-05 2.24552615970195464e-05 6.27497984945903184e-05
-1.42584785855692439e-05 3.62724729534555953e-05 -2.96736919849187054e-05
5.84731993714802158e-05 2.07368398141971741e-05 -2.09387818253589817e-05
1.89150569235757072e-05 -6.66690538210899407e-05 5.17323635692132269e-05
-1.63811953147227039e-02 -1.23951895435857364e-02 5.34460915905078746e-03
5.17656723040852226e-05 8.84835743561708862e-06 4.80952231815417759e-05
-6.37023682751269274e-05 -2.03046045926525882e-05 -1.39407550434599839e-05
4.03322631236470767e-05 2.52297431613399874e-07 4.19210683054676127e-05
-3.73501940725311167e-05 3.37770410311219124e-06 5.63871780898549840e-05
-1.97662587594622623e-05 3.73790127028343516e-05 1.93900843490468468e-05
-1.77900408639395150e-05 2.48280532322807661e-05 9.84658643455008396e-06
-1.27068403734595110e-05 1.18355952243710371e-05 1.04435070809231036e-05
-3.16498471936725503e-05 1.25446771022760643e-04 1.26726311996363443e-04
8.07158326253531880e-05 3.07962656338817012e-03 1.15448724577184086e-03
-1.37691034368701034e-03 -1.92822534963840372e-03 -2.38980613627310387e-03
-2.22913940909922432e-03 2.62755375169470336e-03 -3.12614000418921876e-03
2.47919591537068117e-04 -3.55598749614386886e-04 1.69426760408954798e-04
-3.13037580793750717e-04 5.19984495894215652e-05 8.76996071674029996e-05
4.03686699168348865e-05 -4.14655181117502364e-05 -2.27878035257579316e-05
4.95072299172903511e-05 -7.56591451830310044e-05 2.62434514953964210e-05
1.31103109152010166e-05 -2.80157290846395532e-05 1.69599704862850962e-05
-9.32644691081698646e-06 6.81193437648110807e-06 2.85406398796470589e-05
3.25573696970309491e-04 -2.38443328800294521e-04 2.42269427704907550e-04
-1.34116052068826127e-04 -6.70925769163773828e-05 1.50118642012883938e-05
-6.68866065823554129e-05 -4.13607733427800018e-05 -1.10990580792908985e-05
2.03573521185597146e-06 9.51213419342195857e-06 5.70452157894205597e-06
-1.09359649096688787e-05 1.21651405274466294e-06 -3.17780266531728257e-07
7.60086350201118199e-07 1.65601157794368232e-05 5.55461778738673955e-06
-1.34313527459135613e-05 1.54977788093221925e-05 2.73243042783634761e-05
-1.18758274077075316e-05 -9.79647788396158193e-07 -7.38144650989203772e-06
5.57833315500548847e-06 -4.10040223192896210e-06 -2.44932017397681175e-06
-1.95266072721450210e-05 -2.23472829665186600e-05 -1.68996513812063676e-05
-1.93404893101657238e-06 -3.00177782332542006e-05 8.44662456782091682e-08
1.35662727054470492e-05 -4.63017707789936932e-06 -1.45475024804979196e-06
1.36654306488972841e-02 1.55801476568948848e-02 -5.15864303855362305e-04
