3.56380608280860848e-04 -3.34341236070757224e-04 4.10877541125027413e-04
3.47486463488696899e-04 1.41973086824707449e-05 1.08729172392411959e-04
4.40649345087077554e-04 1.91426083974856413e-04 -1.82524945966393829e-04
4.19493156056869362e-04 2.24364904293398228e-04 -2.51405420397816876e-05
2.79677213840995515e-04 4.04354328072459117e-04 1.74459692462599920e-04
1.76508546660069179e-04 2.96870305838935580e-04 1.63355551415044902e-04
1.76056417812684064e-04 5.43608293885814342e-04 4.13643987656052480e-04
7.18800382373673024e-05 2.23564195296257996e-04 3.30232112490053749e-04
-2.79224301801268501e-04 2.57375887172751991e-04 4.65105548927496882e-04
-3.27504085314247258e-04 3.66374919298840650e-04 2.55674399930073439e-04
-2.07354828024568217e-04 1.22769858222892495e-04 1.53337750971295456e-04
2.23223343572316119e-04 2.77295035001151480e-05 -1.87085605397719750e-04
4.30741350349480060e-04 -3.18004367929210739e-04 -3.11372050396179607e-04
4.75818033816957078e-04 -2.16736669256925547e-04 -3.21736503644439722e-04
7.22548808707212844e-05 -2.83447569204528060e-04 -4.87667813710359132e-06
-2.85091151388306525e-04 8.65368348696712115e-05 -1.51106358294410179e-05
-6.25427289352059254e-04 5.65528041417549509e-05 1.36746278097800520e-04
-5.39377083969017350e-04 5.03994105977988808e-05 8.92538243608971386e-05
-2.22394175875933743e-04 -2.11508152878656791e-04 -2.14779333933115139e-04
-1.01320267608933696e-04 -4.06250987213392544e-05 -5.65437939391478248e-04
-1.28213337782233757e-04 -1.34906382673730661e-04 -3.90005771052439525e-04
-1.55460572224324815e-04 -3.99026139116003301e-04 -3.00654279819664047e-04
-1.10140908462603469e-04 -3.72060327024389839e-04 -9.37381945686431957e-05
-1.23721458727642518e-04 -4.34978716747919678e-04 -9.29846860046705255e-05
3.90651347352619416e-05 -6.04143811699750077e-04 3.51615905459186091e-04
-7.46317144664457310e-04 1.28524649924335638e-03 -4.95330537870648725e-04
1.67594075120635781e-04 -2.19716500472642260e-04 2.56840394165050358e-04
2.15221827423044392e-04 -2.45713612243339899e-04 1.57699271388660590e-04
1.58677948692665982e-04 -2.35063758488208177e-04 3.17640918054239835e-04
2.04028380666252025e-04 1.54605180718606490e-04 -2.71353355368365433e-04
2.72013344895974504e-04 1.19240835142426470e-05 -2.01737335859179562e-04
2.18457454854314586e-04 8.18587168849879785e-05 -7.12694899979370125e-05
2.95138617355263989e-04 1.09842471766921376e-05 3.81698841171883955e-05
4.56370525995108136e-06 2.02749697866842391e-04 1.66362721762104433e-04
-1.58514412073519764e-04 7.07190825223102726e-06 3.41710166116547878e-04
-1.26930540122131678e-04 1.28521672944607846e-04 2.45822550391339633e-04
-2.26981789976869741e-04 1.20701410796342332e-04 1.75205007886023432e-04
-1.07741703749523457e-04 -1.23437350170058508e-04 2.73787540139484083e-04
8.21930150379900358e-05 1.39391445159243392e-04 -2.75079649625125354e-04
2.30462941700244547e-04 -1.42354853170468599e-04 -2.18572668379789930e-04
2.43600603430399546e-04 -2.48908279328964469e-04 -6.85038511537940807e-06
2.25801143684063564e-04 -9.83183727141159346e-06 -2.83607047332170041e-04
2.86269383787644371e-04 -1.59379883892393596e-04 -1.45970524808385023e-04
-9.13893726188857270e-05 1.87597133635535919e-04 -1.77420994796683010e-04
-3.41095967520752723e-04 8.78036306090857827e-05 1.69115780284395740e-05
-3.17477506446065948e-04 -1.56379823885237866e-05 1.79879835377578232e-04
-3.12263703341763698e-04 9.90719559575019472e-05 -1.79415822311629470e-05
-3.20188199609731201e-04 -5.70545917473391849e-05 1.31426577416868793e-04
-5.28767334759480012e-05 1.49002721386721755e-04 -3.22597072400474492e-04
1.01792413882002771e-04 1.55970740151472622e-05 -3.05059311441837971e-04
-3.17462481332466130e-05 -3.18811102804712057e-05 -2.08212998730269213e-04
-1.50964523664620496e-04 -4.69656404707579820e-06 -2.06727393510130976e-04
2.61207091875632693e-05 -3.52533066878031739e-04 2.15328250100184170e-04
-5.92580384302668974e-05 -2.71632309606589610e-04 2.54313389514659990e-04
6.80727306128034194e-05 -3.19917168064689410e-04 1.68332149435619058e-04
-1.60267484041249020e-04 2.39285323364256890e-04 -7.92844855333196672e-05
