4.39171287796469301e-03 -6.09127692028454959e-03 6.50657950524902162e-03
-4.59778565033985842e-04 -9.83547505833959335e-04 1.74387708604428759e-03
-2.78161951341004965e-04 4.24821135474484635e-04 -1.14102538355878025e-02
7.52396818644918142e-03 -2.86209578204887904e-03 1.88441560483165738e-03
-1.46749415146025797e-02 -1.89343816661029507e-02 -9.96213899693820792e-03
1.98703576310439445e-02 3.11080362002051913e-02 1.85898259253534093e-02
-5.48800849669672797e-03 -4.93013874693204457e-03 4.47677576783434006e-04
4.00299719102625851e-03 8.75930897303511813e-03 -1.18568516808359448e-03
-5.02975691348162002e-04 -2.66966072054319881e-03 9.75038666702765511e-03
-9.24458481183343395e-03 -9.46061205651105297e-03 1.04444246089689941e-02
4.55393458288266828e-04 -8.91802694045917832e-03 9.56656271346290055e-03
-2.14759032524636240e-03 9.52064658676621267e-03 -7.75702005795375626e-03
1.06765809058408934e-02 -3.95404984307123897e-03 5.35955464635540224e-03
2.98532880115942589e-04 -2.49771821888344903e-03 -1.08464807599517599e-02
8.68673370516326315e-04 1.47909698678461154e-03 1.72730457387926251e-03
3.58992862339579943e-03 8.14847290333231555e-03 -7.46411648928391180e-03
-6.90959820913228384e-03 6.49041358606039509e-03 9.78258868812265092e-03
-1.25748280641388988e-02 -4.19026365750951868e-03 -5.61548461225603798e-03
4.04069226115844060e-03 1.17736028294825879e-02 2.22938271005723720e-03
5.62441185788709053e-03 1.26691224807276015e-02 -5.38144006064378289e-03
-7.28765499685657403e-03 2.68243769240106289e-03 -1.24768759589066747e-02
9.29721839518116155e-04 2.03824095457436627e-02 -1.44252426372064591e-02
-1.65425829894747523e-02 -3.91240301367652421e-02 -8.08515975072321424e-03
1.07127258482328513e-02 -1.76181023595667341e-02 2.76205761392667171e-02
-2.30943370605085629e-03 -7.06487979245018494e-03 5.17383903025958602e-03
7.01304368092969810e-03 2.68088620529738364e-03 -1.67486201593511908e-02
-2.15601709960044907e-03 2.92438709363324056e-04 -3.66251062467659594e-03
-2.40707454951394340e-03 3.29907082501490478e-03 6.86005267528988494e-04
2.07866901611464261e-03 3.05642889133506124e-03 -2.73261221391640774e-03
1.11610541396356400e-03 -1.91983716624344325e-03 3.62015542437665871e-03
-2.01584261453913172e-03 1.70557949708594059e-03 3.40255175432879753e-03
-3.73330478984934544e-03 -1.58225204542961073e-03 1.22384751979853768e-03
-2.95943838359891132e-03 8.56966343709242295e-04 -2.22339336560972711e-03
2.98205239359750074e-03 -3.99000874808752570e-03 -3.86425386567257334e-03
1.04369478656995973e-04 2.29005504239587765e-03 -3.16122227784543242e-03
1.36981901110422299e-03 -1.93810659055504431e-03 -2.54997102133236453e-03
4.14899693411063808e-03 -3.53339674236508028e-04 -1.26986853025745638e-03
-1.25927459495911442e-04 2.16182474244308587e-03 -3.30886078781311710e-03
1.43926057152299336e-04 -1.86137418569587432e-03 2.65249092992014823e-03
-3.48865992379243650e-03 7.42689303481702812e-04 9.56543476077653665e-04
-1.81915059095305587e-03 2.91346427381800055e-03 -2.27739619551026173e-03
-3.37906413121258353e-04 -1.09861347261619446e-03 3.57500911306418701e-03
-1.77920783584917253e-03 2.74073873964564285e-03 2.37347888386318928e-03
-7.03370097054567545e-04 -2.32016093579012761e-03 2.84104418074848653e-03
2.71218917193749576e-03 -3.54537111698571827e-03 -1.16744457141272628e-03
1.55724448889094091e-03 5.83326026935004904e-05 -4.12077052493486917e-03
3.85592646821475427e-03 -7.46562109860793299e-04 2.17300699948586029e-03
4.35538183184469574e-03 2.64214188327382971e-03 -1.28624581505953905e-03
3.31771049254525607e-05 -4.94000863580223992e-03 1.48867365690019682e-03
-3.90684397693474850e-03 -7.27815719619051560e-04 2.19172543234202877e-03
2.20839679772939779e-04 1.68182782582171342e-03 5.03724488992229880e-03
4.41196575841429350e-03 4.08741281932800682e-04 1.43092369875197356e-03
-2.41402918423627710e-03 2.36508956414915872e-04 -3.35890587053366829e-03
2.33610506366344062e-03 1.83541838352141440e-03 -2.95706538411000253e-03
-1.49256550123022524e-03 4.16910778107482116e-03 -1.04756984993920055e-03
-3.49825391771263483e-03 7.36943347203933286e-03 5.87002796924029902e-03
