4.74809348624555348e-03 -6.42561815635530643e-03 6.91745704637404882e-03
-1.12292101545288943e-04 -9.69350197151488610e-04 1.85260625843669947e-03
1.62487393746072589e-04 6.16247219449341074e-04 -1.15927787815541961e-02
7.94346134250605018e-03 -2.63773087775548074e-03 1.85927506279187573e-03
-1.43952643007615837e-02 -1.85300273380304900e-02 -9.78767930447560844e-03
2.00468661777040147e-02 3.14049065060441265e-02 1.87531814767684553e-02
-5.31195207888404426e-03 -4.38653045304623034e-03 8.61321564439486431e-04
4.07487722926362563e-03 8.98287316833137547e-03 -8.55453055593540781e-04
-7.82199993149430449e-04 -2.41228483337044665e-03 1.02154922159551527e-02
-9.57208889714768196e-03 -9.09423713721221189e-03 1.07000990088990666e-02
2.48038630263698612e-04 -8.79525708223628626e-03 9.71990046443419603e-03
-1.92436698167404636e-03 9.54837609026632818e-03 -7.94410566335147610e-03
1.11073222561903738e-02 -4.27205421100044971e-03 5.04818259595922296e-03
7.74350913932899667e-04 -2.71445488814037444e-03 -1.11682172635961998e-02
9.40928251387047627e-04 1.19564941758008338e-03 1.72242789574215895e-03
3.30483747200749269e-03 8.23500973820198712e-03 -7.47922712511335259e-03
-7.53502549848434310e-03 6.54696639020214965e-03 9.91933496622045101e-03
-1.31142051481079169e-02 -4.13986424691171941e-03 -5.52623078789514065e-03
3.81829808528250667e-03 1.15620946766039311e-02 2.01460337612412209e-03
5.52309159027815702e-03 1.26284973820062624e-02 -5.94687800003526092e-03
-7.41586833463880792e-03 2.54753130972733234e-03 -1.28668817299591141e-02
7.74261267293791314e-04 1.99833834066276590e-02 -1.47258969170261239e-02
-1.66527238979373542e-02 -3.94960904637896293e-02 -8.17889794529185789e-03
1.05890043895052084e-02 -1.80530810763146546e-02 2.75275914532620465e-02
-2.27036857131559426e-03 -7.66902360414993545e-03 5.52545493571877239e-03
6.26672653626524079e-03 3.96613270454073980e-03 -1.72439506972218402e-02
-1.98842302447981316e-03 7.27222088906817968e-05 -3.40567023051154558e-03
-2.19185272209089900e-03 3.05335721277156472e-03 8.43704538917649030e-04
2.23734696480730856e-03 2.82136513284685303e-03 -2.41497129586216780e-03
1.32013379462981597e-03 -1.76523198552483679e-03 3.34880206900829312e-03
-1.74382926964315732e-03 1.71750358060018316e-03 3.20081441846961808e-03
-3.51484733499503104e-03 -1.50039332854462275e-03 1.15257802980060059e-03
-2.66429976624364727e-03 8.67950590885934402e-04 -2.18522348149253857e-03
2.98661609885745184e-03 -3.78725905022068337e-03 -3.69789114391046907e-03
-5.41449334165237906e-05 2.29712695064810887e-03 -2.81951211172888454e-03
1.24288847098209137e-03 -1.80958491761043635e-03 -2.30414847094102468e-03
3.92201514413376834e-03 -2.32638263440165696e-04 -1.09466352237143306e-03
-2.33669163245434899e-04 2.03838739227302744e-03 -3.03507324767363302e-03
2.26119072190289385e-04 -1.72198274053663087e-03 2.37741128029502272e-03
-3.25819698209219195e-03 6.00334450311234159e-04 7.37970807697863789e-04
-1.57554998752265640e-03 2.66455599448903614e-03 -2.28424658062564108e-03
-1.12105269437194789e-04 -1.10844530988760603e-03 3.29140206573201675e-03
-1.49293845206152805e-03 2.58135885575324926e-03 2.22750835905480412e-03
-7.94759469673453258e-04 -2.13256380215459153e-03 2.66362318595180338e-03
2.37109320441674298e-03 -3.45756748637663248e-03 -1.15053299338428662e-03
1.23976698244487502e-03 4.26946203049767038e-05 -3.94089068955729132e-03
3.54366276487299041e-03 -6.47490153903291393e-04 2.15506541725469722e-03
4.03519363223496432e-03 2.58508729152649068e-03 -1.15481923764267037e-03
-1.96996285504954404e-05 -4.79100591441551822e-03 1.16607658449972233e-03
-3.80505156305274575e-03 -7.12218645603904243e-04 1.88666612090019085e-03
1.89093431639693159e-04 1.64994671554124215e-03 4.82903189119202915e-03
4.26100123474967320e-03 4.04044717885724874e-04 1.22419630524184253e-03
-2.38790847504871369e-03 -1.16024110463115867e-04 -3.14357762043348393e-03
2.27684702523317387e-03 1.56378607391482473e-03 -2.70275199459534248e-03
-1.42449277061742173e-03 3.84919061301013197e-03 -8.79237700503581517e-04
-3.65852140175388372e-03 7.60871879540358977e-03 5.79074348370697909e-03
