3.99077107413523837e-04 -2.63190108943291352e-04 5.12732596159443869e-04
2.09288822225315305e-04 2.05141576881522688e-04 9.91229438267276196e-05
4.45545382781721891e-04 2.64835724901308354e-04 -1.18634858948863590e-04
4.01792027624339710e-04 2.90969823772923707e-04 5.42291786325740769e-05
1.29756624944788216e-04 4.38076322995890530e-04 1.91494748960385850e-04
1.20120863627106158e-04 3.14763255985759576e-04 2.16129946411486063e-04
-4.80298617019433717e-05 7.28391669844557642e-04 2.63348104572381136e-04
-8.30399156171169722e-05 2.94599147155014509e-04 3.14328460580656137e-05
-3.72455473439486451e-04 4.79149063786038737e-04 -5.72372879853894360e-05
-3.01380213865914525e-04 2.92194256217136769e-04 3.24104173501336479e-04
-2.29390147967897264e-04 1.70046247305804508e-05 1.72643504754564501e-04
1.87733923880517540e-04 8.84231558683937029e-05 -1.34401190820430044e-04
5.61445949745401724e-04 -2.80931418848002882e-04 -2.35486180674914782e-04
5.57687382127379288e-04 -1.20424464344883695e-04 -2.10124014980011056e-04
8.87086398092279285e-05 -2.68571162067554798e-04 -1.43479836905619814e-05
-3.62553051281215111e-04 2.08375647923173057e-05 -7.79234197358042520e-05
-6.65571985438862890e-04 -3.25274299090873897e-05 1.89230398503186778e-05
-5.64536876572747253e-04 -3.71544125497608364e-05 -4.54929540018675896e-06
-1.66758113838836203e-04 -1.84774383849199160e-04 -3.39268644781617629e-04
-1.29454901834389194e-05 8.19387587066183786e-05 -5.73197424115911235e-04
-3.22340562324263251e-05 -4.98735838600409913e-05 -4.45439351974229658e-04
-1.21577421443942575e-05 -2.60121799732014212e-04 -4.08347246158800685e-04
1.53486753111971630e-05 -3.48078247533769127e-04 -2.14135663600909366e-04
-2.63692111739439975e-05 -4.08684974485606228e-04 -2.45056238161583126e-04
9.43503346127454060e-05 -6.56879424744742061e-04 2.44258173505546917e-04
-9.56036447775546628e-04 -2.52493931705467399e-04 1.21328961039778526e-03
1.79128610334366485e-04 -1.58823564925029493e-04 3.12765229524645985e-04
2.37862121730383376e-04 -2.02445155063178271e-04 2.36637693692199214e-04
1.40923116245301056e-04 -1.89967260199153950e-04 3.49926924346779481e-04
2.25443585733352178e-04 1.77311053203571903e-04 -2.44443872771310359e-04
3.18596898094172093e-04 3.49518979066647901e-05 -1.26943787428395675e-04
2.15769591343119830e-04 1.22640863554861006e-04 -3.04324048300173000e-05
2.73492045617388735e-04 6.40374707515559789e-05 9.01775455900557870e-05
-7.61751285909912436e-05 2.34955249557368168e-04 9.36453791949188750e-05
-2.16800946138688457e-04 2.69781008893470512e-04 -7.28132176294407093e-05
-1.73622934373101825e-04 2.90321791944106228e-04 -1.54689429425684257e-04
-1.55010978067653907e-04 -2.97256076672284977e-07 2.09629379979251428e-04
-8.98907756124784940e-05 -1.91876279267471646e-04 2.14363507021854589e-04
7.35633600844079293e-05 1.59716555072289903e-04 -2.34204319428622912e-04
2.94223139697208206e-04 -1.10726542775275920e-04 -1.58471956296537246e-04
2.97635835006802559e-04 -2.41244553619281653e-04 1.70648160204370687e-05
2.75617342844481619e-04 6.59707706964790546e-05 -2.20336649241003284e-04
3.35135324637846413e-04 -1.06615699832012716e-04 -9.35995664189498932e-05
-1.51045797920654478e-04 2.01034646242738088e-04 -1.45887763518444169e-04
-3.40965586698542544e-04 6.59981140485552413e-05 -1.12481364860997419e-05
-3.35477684794513779e-04 -9.71733443400049683e-05 8.50116324254666944e-05
-3.21530686299711173e-04 5.70582032960155282e-05 -5.24626238922662390e-05
-3.28556852120306529e-04 -1.33669723244255986e-04 3.12093656082191066e-05
-3.86452522677624793e-05 2.34100559699270002e-04 -2.76099917979215348e-04
1.39469530890286623e-04 1.19875200919519859e-04 -2.71339872020281883e-04
8.86649840436356970e-06 2.10500641690524570e-05 -2.13004476707410887e-04
-1.06915982819437381e-04 1.88261190970028208e-05 -2.34025682347175382e-04
7.80679838946231601e-05 -3.71724840495737225e-04 1.55706529350955434e-04
-4.77884456533310417e-05 -3.33182613502669683e-04 1.80307104452459858e-04
9.33998726306328920e-05 -3.41361370543917042e-04 1.14784588068332221e-04
-1.82164952701057814e-04 -1.11409682325023224e-05 1.85213915543876731e-04
