-3.20539005233655416e-04 1.94984113011464899e-03 -3.02727133763980305e-03
-9.17288476918187712e-04 -6.22624070443444921e-04 -1.07411520932987337e-03
-2.57165654156388257e-03 1.09219484997602478e-03 3.65153914244764621e-03
1.39058205066078244e-03 3.62194088098100053e-03 2.94384879019826684e-03
-5.84985644678726047e-03 2.61422328789340241e-03 4.21426782678313572e-03
4.53180791689078433e-03 -1.10969247770889012e-02 -9.83995088944489282e-03
-3.06315579481530875e-03 8.32106411710498151e-04 -1.95281322115725686e-03
-2.70514124721268345e-02 2.15885881717507999e-02 3.38869270899317954e-02
5.16702536345956531e-02 -3.66409746113909307e-02 -2.91893300473740069e-02
-4.81116220846580234e-02 2.67702148426951503e-02 -1.63648492294266035e-03
-1.29373471674401053e-02 -8.58564641769365977e-04 2.77087504590145528e-03
2.57557856270018704e-04 5.46130949398593302e-04 2.10658736965907423e-03
-3.67873159119191939e-03 3.34213348187617498e-04 -8.34465644550808072e-04
-1.71226827039205887e-03 1.83882069103136203e-03 2.95584313986907432e-03
-2.01676392028860008e-03 -1.46254633381737165e-03 -9.53922501090165298e-05
-3.46199373063171834e-03 -3.28749875980705042e-03 1.08523174970787117e-03
3.22636828912692408e-03 -8.95974271335919781e-04 -2.37504315587155901e-03
3.08812429321747572e-03 -1.15128999282010369e-04 1.74576597192821481e-03
7.44721258449487777e-04 -3.31412331578823105e-03 -1.23742751599209555e-03
-5.43650709406762189e-04 -4.24231307078137831e-03 2.31213357446691248e-04
1.68312979325868639e-03 -1.20673627112211079e-03 2.95599414748437539e-03
1.01210286023190044e-03 -6.18422729668832716e-03 6.11581339530431478e-03
-4.37306499523115733e-04 7.68433780418220636e-03 3.03697708370265218e-03
-1.91991028870042157e-03 9.01041043445616197e-03 -7.55365786093031844e-03
2.13220943071257274e-03 2.96949630620169103e-03 -1.14169405897968090e-03
3.13706558447144346e-02 -1.28720553764871681e-02 -5.70247215990349332e-03
1.83274607302941206e-04 -2.08427115522102913e-04 7.42105889131927654e-04
2.43243396454317917e-04 -6.79595474452066028e-04 2.13716892345505727e-05
-3.77231052799562039e-04 -4.32061681010953436e-04 4.95464269301582050e-04
-4.96917023033449645e-04 2.28661353875780904e-04 -2.74507310191296483e-04
6.92575904032377565e-04 -2.27746071730483557e-04 -3.02202102936854899e-04
1.33030388138122291e-03 5.14647402172663249e-04 -4.12616700157464322e-04
1.04100087698322241e-03 1.21264036798240937e-04 6.20658520877670483e-04
-1.09201273801251553e-03 9.92615815568420601e-04 4.51536047931133666e-04
-3.21954911759014806e-04 -4.72321592627000797e-04 -1.84987437767819562e-05
1.93671443218024208e-03 -6.88029405428336460e-04 -1.53925334765592225e-03
1.63175473167653795e-03 -2.18137367905937851e-03 -2.38397092220754558e-03
3.60199126301426198e-04 -8.23816124828624652e-04 -8.22737883115820523e-04
8.49225329142500041e-04 2.70892199621508567e-04 -7.01405939448118687e-04
4.54435447949652627e-04 3.43863865133187119e-04 -6.25701447566240354e-04
8.22082523588507641e-04 -6.51936407671804830e-05 7.66532950152498671e-04
1.79737722942885370e-05 4.63185468437599113e-04 2.81180727235152972e-05
2.86134937721449489e-04 -6.87176770770570045e-04 -5.86544293964985641e-04
2.07674662318035885e-03 5.42489258199996272e-04 3.90976883280824694e-04
-3.75265468116392498e-04 5.54962541614134608e-04 -2.44848001501957180e-04
-1.42071221977513318e-04 6.62488868623523075e-05 1.43402998191510811e-03
-2.53526549229388110e-04 1.11901205281172977e-03 -6.08443181377982256e-05
-8.00104674697710294e-04 -4.18297280832202745e-04 -9.00627190491359864e-04
4.36516573288914245e-04 1.61676511698072289e-03 4.76522221303676830e-04
4.11633478135442488e-04 -3.77772630741457505e-04 3.68584833827512171e-05
-8.25562289068493271e-05 2.85672077471321728e-05 -9.82027609917945910e-04
-7.70889912051320181e-04 -3.01257573143198787e-04 -2.55172228921018984e-04
6.71978743603141027e-04 -3.46401479669022905e-04 2.21289209821229349e-04
-9.62128789684602026e-04 -1.76114634756974198e-04 6.99288973349476706e-04
-1.85012905254744453e-04 -5.82095276024485742e-04 -1.16692651174560291e-04
5.93434021043881543e-03 4.06464558036989665e-03 1.79388005838121423e-03
