-7.85381021798684203e-05 -1.68665102117135758e-03 2.51453874148035907e-03
7.07999654692872352e-04 4.17482493561922234e-04 9.74992265503145774e-04
2.12611115878216057e-03 -1.35703057487733319e-03 -3.53290428349878251e-03
-1.79237407828512210e-03 -3.91291070475392397e-03 -2.99807796883084111e-03
5.72009982184247187e-03 -3.05229961088929278e-03 -4.40576257574352113e-03
-4.65192878051789039e-03 1.07821615211031417e-02 9.62382094303340652e-03
3.11118565651725227e-03 -1.56049808155505568e-03 1.68946511658487567e-03
2.71344523877439514e-02 -2.18831873189058133e-02 -3.39183599359898641e-02
-5.12977981611561634e-02 3.61618255476048936e-02 2.92465673353593976e-02
4.84130022985239383e-02 -2.70624090989122872e-02 1.31238074944132381e-03
1.31667373154080031e-02 8.41560017038785516e-04 -2.94351855065601992e-03
-4.45291780150536244e-04 -6.34554105266987032e-04 -1.97218617883864432e-03
3.11728564144651745e-03 -5.32819293396146160e-05 1.06995182522572280e-03
1.15458088826467958e-03 -1.71839622668647826e-03 -2.74571912488906326e-03
1.92805528047937207e-03 1.73111749588492634e-03 1.09740233799578509e-04
3.82454678191293355e-03 3.26666119501473323e-03 -1.00730832997206698e-03
-2.56079630368806141e-03 9.28501701245007137e-04 2.35612011602124053e-03
-2.52358741664472858e-03 1.52283411831771206e-04 -1.74121667652802812e-03
-5.77963144610651601e-04 3.49889769963743040e-03 1.57669616077371318e-03
5.56596199590201159e-04 4.16037431207475980e-03 3.41984066669219987e-04
-1.65089573702626000e-03 1.25660985498215181e-03 -2.51055479551014551e-03
-9.99945118087506267e-04 6.44434909642034159e-03 -5.70746614914551410e-03
4.21957824211918590e-04 -7.33625955664843690e-03 -2.82284142010174287e-03
1.94627949987436562e-03 -8.60172545997055574e-03 7.79871409909190134e-03
-2.22655976532531823e-03 -2.31261688145694908e-03 8.97435885474133933e-04
-3.04146193969388884e-02 1.31245493081926356e-02 4.48918254950570784e-03
-3.62403217637307664e-04 3.67250680447132405e-04 -1.05487111865657369e-03
-4.81105518184701320e-04 8.82040629515244354e-04 -2.58009382926749787e-04
2.36307936554260982e-04 6.22028941210107413e-04 -8.45391193648361476e-04
2.71473437300097441e-04 -4.05972407079352806e-04 5.18951182962606788e-04
-1.01117280212654971e-03 1.92794173823818767e-04 4.29145890365250574e-04
-1.54607347272434277e-03 -6.37288265727524255e-04 4.43049104987481646e-04
-1.31449292260061115e-03 -1.85301507549796916e-04 -7.10836066467726243e-04
1.16818786660350684e-03 -1.22757106512578866e-03 -5.45181427126052568e-04
5.38755857897703317e-04 2.02540583733530285e-04 9.13119614062226655e-05
-1.76309149780714018e-03 3.97707613484230232e-04 1.69394277708160646e-03
-1.47674375360888404e-03 2.18167093513605076e-03 2.17434154222829416e-03
-2.70308350688947690e-04 1.01569240409609633e-03 6.08374376093965934e-04
-9.22788689226907983e-04 -4.30608754693798470e-04 9.35610258876741572e-04
-7.48658587646860779e-04 -2.33137322357911212e-04 7.84173403862777627e-04
-1.11971835859531015e-03 3.06438194386462136e-04 -7.83597766172935777e-04
-2.93591115138770156e-04 -5.29156239134078127e-04 1.92218576517487987e-04
-6.21270262359295902e-04 7.93792470602582706e-04 6.80143860383935562e-04
-1.92570082525970435e-03 -7.43523904442734305e-04 -2.45089119762380552e-04
7.16231054814935042e-04 -6.20960655662689876e-04 2.56096137988056944e-04
4.77548906772027096e-04 3.09244574776526608e-05 -1.51904161434057478e-03
5.75057235529099283e-04 -1.17607025610774523e-03 1.13306942030064471e-04
1.12866152681801672e-03 5.51967004076458784e-04 8.69417824883140784e-04
-3.97871321021151772e-04 -1.85086567667999300e-03 -2.00422303324461482e-04
-5.51103009025729110e-04 2.57897429821937632e-04 2.34481388637530666e-04
7.36897305024857507e-05 -4.96172719161846332e-05 1.19503208662535680e-03
8.77805894870757521e-04 2.82431454046195966e-04 4.89197911268194393e-04
-7.50046727497764160e-04 7.18126320164760076e-04 -3.76995739172184810e-04
1.00991723533793310e-03 5.09297248259643880e-04 -8.79596077801936618e-04
9.16130326241115610e-05 9.23456646568402784e-04 1.90806310622807060e-06
-5.75217525773775735e-03 -4.05350461213739403e-03 -1.97909397392509109e-03
