3.98878301812445667e-04 -2.44323843350308708e-04 5.19094789896341262e-04
2.58748664041885061e-04 1.91015472604626657e-04 4.80794946724668256e-05
4.53138563671132404e-04 2.52877941652537559e-04 -1.23650168571019147e-04
4.04468389876282250e-04 2.93400993791181105e-04 4.74420138133215845e-05
1.55813436028470986e-04 4.80919270104313544e-04 1.57196598952128201e-04
9.93239227316664361e-05 3.38394123723486533e-04 1.94478859614978690e-04
-8.23977299659580314e-06 7.91330692131395953e-04 1.65196736975076203e-04
-8.66133850909404105e-05 3.08333717862572111e-04 -2.81445882908544025e-05
-3.93168016263692487e-04 4.67461559771902458e-04 -1.16379689401283597e-04
-3.57498094762719086e-04 2.96548420862755013e-04 2.87551439658586757e-04
-2.31673199156445434e-04 2.74786033033264825e-05 1.36372427755129306e-04
2.00727528724058504e-04 8.07100767375436247e-05 -1.52301533425309977e-04
5.61647506141856696e-04 -2.93754915657249316e-04 -2.08982883152399274e-04
5.71411680443566260e-04 -1.36136499009158456e-04 -1.95555316959919527e-04
9.63074875695323264e-05 -2.73724335253979021e-04 2.97469874214715161e-06
-3.57526173676613339e-04 1.34979094889394041e-05 -6.97374856084944966e-05
-6.60860325690970922e-04 -4.82263559997799638e-05 4.27899960630165519e-05
-5.54368785408234505e-04 -1.05109519411508866e-04 2.98602020687299487e-05
-1.68157746274722407e-04 -2.10288603259685847e-04 -3.09443621142577543e-04
-5.08731454061787415e-05 7.71791927843961138e-05 -5.74681114481458664e-04
-3.68063148959204281e-05 -6.26642893920074094e-05 -4.50790689290772638e-04
6.35701404466388324e-06 -2.96807420606351186e-04 -4.20359285184594993e-04
5.10402240862044255e-05 -3.41452740105912492e-04 -2.04363035402315053e-04
-5.73987685138034223e-07 -4.22523563143980348e-04 -2.35019395895909555e-04
9.01861405275046653e-05 -6.29364697573993998e-04 2.85810202435097334e-04
-1.02669966546655995e-03 -7.00526389398952273e-05 1.16895031947803233e-03
1.91070352024104391e-04 -1.39320685300120377e-04 3.28759370775393435e-04
2.39638080145885640e-04 -1.90504560269144017e-04 2.52202781596904421e-04
1.32373797509933121e-04 -1.82099165604313837e-04 3.57281399223730392e-04
2.40101648071621999e-04 1.56605625655913588e-04 -2.46899613727534636e-04
3.26326227810074128e-04 2.18858840989498090e-05 -1.11660442563581131e-04
2.20706506739828115e-04 1.19123243381210589e-04 -2.65864223936008931e-05
2.73801531565128072e-04 6.75443563257780225e-05 1.01652128054257026e-04
-6.82492030349105157e-05 2.66674859979593073e-04 6.05141844131704002e-05
-2.20143888950616957e-04 2.59266091457411327e-04 -1.04830823076095802e-04
-1.70431503321971905e-04 2.78156570535928720e-04 -1.92203457768718957e-04
-1.86923973282275167e-04 1.97106297903746931e-05 2.09909580083764618e-04
-8.70455026732318195e-05 -1.96065252465811590e-04 2.08912359023632690e-04
8.07260238256313407e-05 1.46190621511347820e-04 -2.47107222323820477e-04
2.99953992043893477e-04 -1.19936358459172581e-04 -1.46466659126633444e-04
2.91593137322497813e-04 -2.37726573323084436e-04 3.99206514649016613e-05
2.87897245168844819e-04 5.08006387141327461e-05 -2.21805050446645310e-04
3.36994892404596800e-04 -1.16353707516565384e-04 -8.21309842201620502e-05
-1.50865218226129468e-04 1.89164370529983290e-04 -1.66801020908565411e-04
-3.47246210077792187e-04 6.97001233173378409e-05 -3.25432952031804335e-06
-3.36726676490356437e-04 -8.47920911151585062e-05 1.01824095739916462e-04
-3.33700612480151591e-04 -3.83737210287098165e-06 -3.63629976072230214e-05
-2.99275791359171494e-04 -1.73607245914346795e-04 5.87285451335618034e-05
-8.34970193125478212e-05 2.12175241549207604e-04 -2.76435921563152021e-04
1.09222528791441968e-04 1.40611311806768460e-04 -2.91897363415454523e-04
7.30356204986196669e-06 1.97369521772157992e-05 -2.13418778944351859e-04
-1.08255734847879757e-04 8.60838537284483438e-07 -2.32051351581555473e-04
7.65907411029334128e-05 -3.56854749827754882e-04 1.92818077209200170e-04
-5.62076672197042091e-05 -3.13492141928379869e-04 1.96095489570698975e-04
1.00583623955782884e-04 -3.32616370095939614e-04 1.34426279811592370e-04
-1.81305136179857985e-04 -5.57196385609404863e-05 3.60478523768545639e-04
