-3.64759289563032496e-04 2.60805311695477826e-04 -5.55544889715875456e-04
-2.60483072748840527e-04 -1.26626285388287130e-04 -6.86305858277336256e-05
-4.35695696545224109e-04 -2.09027805829098412e-04 1.41371587046634772e-04
-3.71642611488809393e-04 -3.01776197428438309e-04 -1.60403456983537751e-05
-2.00750214547351646e-04 -5.16098233108053250e-04 -1.45715868461238074e-04
-1.02678572122094636e-04 -3.67189226086139797e-04 -1.63572713184123586e-04
7.35088859822319307e-05 -7.82184695877319314e-04 -2.15379028777995529e-04
-2.13835609458599141e-02 2.19793056457486813e-02 2.67656943587313290e-02
5.18541276198440926e-02 -3.52648317955370771e-02 -2.77464483437723786e-02
-6.67707111680471144e-02 1.82362790166967770e-03 2.88079108119321248e-03
3.29543691568634500e-03 9.27085589942366894e-03 -1.00607730056299083e-02
-2.39572591508974142e-04 -3.16454950306965799e-04 1.19046747086848370e-04
-5.85318572621673638e-04 2.67109671862719722e-04 2.15495269122734090e-04
-5.87330967894317268e-04 1.48371408193348486e-04 1.81842727537961935e-04
-1.04097115676271557e-04 2.56978419501230348e-04 -3.35407113194463591e-07
2.75604406416718462e-04 -2.26849484752378316e-05 3.60749976593410793e-05
6.82799647529819254e-04 2.84141120948655512e-05 -3.20228129520039317e-05
5.57574839971763936e-04 1.02652532055991230e-04 -2.51160316317999843e-05
1.69100742231975687e-04 2.48484932066972419e-04 2.96892811327165163e-04
5.58112015785205973e-05 -6.49052063543820168e-05 5.76678486472914642e-04
1.73513047703188761e-05 9.62987249024660485e-05 4.99752328282809799e-04
-2.05311891701143168e-05 3.29684364802851348e-04 3.39634474629590954e-04
-3.40129075808714987e-05 2.93358825633305287e-04 2.59652597938142549e-04
7.91087511631261009e-06 3.65256888787968137e-04 1.62194679022675814e-04
-7.02734551241146477e-05 6.43844352866906888e-04 -2.87378601141696777e-04
3.45192115712364966e-02 2.10358807736110709e-03 6.73524860383167834e-03
-1.82140451048917740e-04 1.48335039745206565e-04 -3.26674990942521504e-04
-2.55361360935069115e-04 1.59908042490997104e-04 -2.53514680090827227e-04
-1.40251334289409613e-04 1.73257768320889127e-04 -3.36856065135116012e-04
-2.14196436637115184e-04 -1.83689329126712764e-04 2.15202648258472351e-04
-3.44114517039528778e-04 -4.66927350831758403e-05 1.55740320418096267e-04
-2.62294668294860145e-04 -9.10084926011300865e-05 -8.52492394876058768e-06
-2.33290990629075878e-04 -4.59378288167333615e-05 -1.20995372793197831e-04
7.40191738408668698e-05 -2.75835070044472275e-04 -5.54633334273191281e-05
1.83335572751630593e-04 -3.01708923961641062e-04 2.81059419503626451e-04
2.46393202802397404e-04 -3.01810974632221729e-04 1.94230153866215005e-04
2.79283342264569079e-04 5.62870019115008224e-04 -4.06444471518163652e-04
8.81521830142506513e-05 2.15609772495017893e-04 -1.73688636376123640e-04
-5.42764020162178618e-05 -1.38770253472086935e-04 2.21789124310145525e-04
-3.09006130171152193e-04 1.26910577697685739e-04 1.17578967474440965e-04
-2.64047351685725573e-04 2.41642540707243114e-04 -3.94633574904990070e-05
-2.85902318911679387e-04 -4.31168722481167777e-05 2.32422552857602938e-04
-3.38118604690240687e-04 1.12643932631328880e-04 7.66316859392990324e-05
1.81817605596323872e-04 -1.70394739130053097e-04 1.83322031241939243e-04
3.50813575917374720e-04 -7.19876735684188418e-05 -2.51279378540303355e-05
3.21453182412945182e-04 1.09598927827914139e-04 -9.35065139318069782e-05
3.27619921181909746e-04 -6.51966803669190575e-06 3.29400289893477805e-05
3.08841589887531853e-04 1.66376407620738576e-04 -6.08414137551749334e-05
8.36747335914989065e-05 -2.06909085648465663e-04 2.85290945331917456e-04
-1.11566929486883737e-04 -1.46272914693268419e-04 2.88517070828664401e-04
2.12707108082632601e-06 -2.79475104389970141e-05 2.19174333859317727e-04
1.09617858766064558e-04 1.57696845607714631e-06 2.23125653357358900e-04
-6.68878684209062158e-05 3.37757119173609510e-04 -2.06753150906902050e-04
5.07536048590662148e-05 3.20814324355822578e-04 -1.87184705690235376e-04
-1.19343963167484191e-04 3.24125974449973597e-04 -1.48553338682147484e-04
5.36873847981622632e-04 -1.28477388122438807e-03 -3.47696698573596308e-04
