-3.41190122494131704e-05 -1.64814683451691181e-05 3.64500998195341945e-05
1.73440870695546661e-06 -6.43891872163395275e-05 2.05510911552668000e-05
-1.74428671259082950e-05 -4.38501358234391473e-05 -1.77214184756156257e-05
-3.28257783874728567e-05 8.37520363725720350e-06 -3.14016681149678094e-05
4.49367785188806601e-05 3.51789630037397066e-05 -1.14807304908901269e-05
3.35464939042819956e-06 2.87951023626532637e-05 -3.09061464308551040e-05
-6.52691129856361343e-05 -9.14599625407663906e-06 5.01822918029193267e-05
2.14701743309508551e-02 -2.22876393636112537e-02 -2.67375497704404747e-02
-5.14609596035804015e-02 3.47973702357651724e-02 2.78628280331736609e-02
6.71282092628098376e-02 -2.12017632253243271e-03 -3.16834252085179940e-03
-3.06376371652989938e-03 -9.29833450272699556e-03 9.92440057787477917e-03
3.88450627849156382e-05 2.35744873569422174e-04 3.32547863384616066e-05
2.36710664798169424e-05 2.66452437945295943e-05 -6.51238597033481628e-06
1.59192874507510084e-05 -1.22349091841900300e-05 1.37125894219575922e-05
7.78962810673923024e-06 1.67459157527486725e-05 -2.63929162895268802e-06
8.19217672598948773e-05 9.18703898629842755e-06 3.36624879491534174e-05
-2.19393218388483314e-05 1.98122439049144126e-05 -1.07671831110126202e-05
-3.20605456352943130e-06 2.45698735551763572e-06 -4.74417043692996440e-06
-9.42995957253279539e-07 -3.81963288072865721e-05 1.25508098154123804e-05
-4.93805617234185576e-06 -1.22739864300140970e-05 -1.99737199145597760e-06
1.94550101256015521e-05 -3.36344355104586392e-05 -4.89616389920371608e-05
1.41741751254504335e-05 -3.28769441965001620e-05 8.07248105550040381e-05
-1.70273165053329268e-05 4.80939144726072053e-05 -5.52895625358274954e-05
-7.33688743117457587e-06 5.72666743560122106e-05 7.28247168732337410e-05
-1.99126854033900176e-05 -1.44796552929128903e-05 1.56839870659944295e-06
-3.34925119057699339e-02 -2.03353543842121204e-03 -7.90419892330971111e-03
-8.92990097518665100e-06 -9.01435444508618842e-06 -2.08437983287193106e-06
1.57232807891834745e-05 3.05965177781469127e-05 1.31189849392280558e-06
7.87753677947649169e-06 8.84139728342471010e-06 -2.04253340886143800e-05
-2.59052114345068149e-05 2.70837034707991752e-05 3.16969654690622848e-05
1.77882892294546494e-05 2.48068509842260313e-05 -4.40798778545151365e-05
4.15881615550320295e-05 -2.81147507800805023e-05 3.51113463423614842e-05
-4.05105409360521939e-05 -2.16065275090446610e-05 1.93432447389408046e-05
-5.76997080595635409e-06 9.16021006487920163e-06 -5.05085098585127210e-06
3.68083161989863641e-05 4.24428325042297354e-05 -1.76228596427530635e-04
-7.59616994804254990e-05 2.36544040962930087e-05 -2.02669609749604805e-06
-9.23593689822939119e-05 -5.82580648905382955e-04 1.96534891434399034e-04
-1.10668034101883174e-06 -1.95445200292063029e-05 -3.52237226475090508e-05
-2.64496218094134789e-05 -7.42036803926088523e-06 2.53180980136749525e-05
9.05213812725871609e-06 -6.97421923851315859e-06 2.88876916521924791e-05
-2.75457856367722397e-05 -3.91596738415867862e-06 -4.57293974402654267e-07
-1.99492625716543148e-06 -7.68376646601596840e-06 -1.06175024109576280e-05
1.12371228564388768e-06 3.70977488523650334e-06 5.49929828086301786e-06
-3.09523873701944043e-05 -1.87696313999301929e-05 -1.65210103333738320e-05
-3.56736583958253356e-06 2.28755025108100089e-06 2.83822673743483802e-05
1.52734940774112548e-05 -2.48068367127556326e-05 -8.31758180810948395e-06
6.08069129824184533e-06 1.03570401395628866e-05 3.42296861787524091e-06
-9.56579852836035886e-06 7.23083829360821897e-06 2.11286862161313001e-06
-1.77714278951085361e-07 -5.26615590074194177e-06 -8.85502376876543462e-06
2.34440069544176880e-06 5.66160288649995846e-06 3.38029258679012129e-06
-9.43063313068829270e-06 8.21055826178121499e-06 -5.75555491496586758e-06
-1.36212391818480035e-06 -2.43780699336162975e-06 8.92569822419657290e-06
-9.70287268202719706e-06 1.90976306541453715e-05 1.39350736977018799e-05
5.45406236063799438e-06 -7.32218242744270839e-06 -8.91078388046359919e-06
1.87603392117013067e-05 8.49039564596601676e-06 1.41270588705551140e-05
-3.55568711801764674e-04 1.34049351978532860e-03 -1.27818251949493307e-05
