3.20861749654850596e-04 -3.61967830663921476e-04 4.30397590209585475e-04
3.64826840490539261e-04 -3.96898218609856516e-05 1.20781730197864868e-04
4.39605404684585406e-04 1.10556449910184212e-04 -1.58010938610519697e-04
4.53903936971842203e-04 1.80500214583471919e-04 -3.89753800222342200e-05
2.92963663356568494e-04 3.68034374069181277e-04 1.15420577620727659e-04
2.02593820593908541e-04 3.05343454943730766e-04 9.55522835413483688e-05
2.72020874265950150e-04 5.69852058207262068e-04 3.48020771224501300e-04
1.62717421198819144e-04 1.79966414439526200e-04 2.96625081482907241e-04
-1.90644210209583721e-04 2.65857908102384941e-04 4.93576397233852818e-04
-2.95441817529082265e-04 3.67714029680585080e-04 3.27358693956204491e-04
-1.87796711465468058e-04 1.14801767908061331e-04 2.25380016622006872e-04
2.42123671598224149e-04 6.32301167153841864e-05 -1.64301642257895628e-04
4.13504576935207104e-04 -3.10010520558295412e-04 -3.79677165280876527e-04
4.41486886591217970e-04 -2.14345022533376757e-04 -3.78241719377047487e-04
3.91376123351975364e-05 -3.17152460606221094e-04 -4.99604000862878328e-05
-2.76293485023859230e-04 9.32512402375592351e-05 4.47118088228148350e-05
-6.17036915635854090e-04 2.17315616525115942e-05 2.34326513616995051e-04
-5.50092067690032905e-04 -1.85114826040424928e-05 1.68723358658414292e-04
-3.00295446810579377e-04 -2.01348509013261835e-04 -2.93943649456246230e-04
-1.93036549230173304e-04 8.30090717955239709e-05 -5.54290416398945740e-04
-1.69534102268747527e-04 -4.35683465722017574e-05 -4.18903818203742373e-04
-1.67895018969768455e-04 -2.32189679991319460e-04 -3.68301158277279436e-04
-8.69506146298581708e-05 -3.37045115746682430e-04 -1.97215753223995804e-04
-1.51498962536562246e-04 -4.03032815401793178e-04 -2.15487633389211026e-04
2.61729963267310203e-05 -6.65625647041001383e-04 2.48242580274831792e-04
-7.13927847169529349e-04 1.36727532863460135e-03 -2.65645703689679235e-04
1.46655072818574126e-04 -2.46845297220069234e-04 2.61227168481717182e-04
1.92209753917984969e-04 -2.71201778168210744e-04 1.67643267081219670e-04
1.28813703279799524e-04 -2.48004986219066068e-04 3.19769803671297393e-04
2.02299101980075123e-04 1.13652407910756363e-04 -2.74577568879745960e-04
2.70484256503360199e-04 -5.41947229244384279e-05 -1.81311487876533361e-04
2.27153279571195985e-04 4.60002907814705168e-05 -6.61999437508567273e-05
2.98882635617122292e-04 -5.87890713780064741e-06 4.82485391234549206e-05
4.40649748949233037e-05 2.28040357069897296e-04 1.51171025849360433e-04
-1.18536040929601645e-04 2.29360758567510516e-05 3.41874563299584210e-04
-8.40877919214276412e-05 1.42425982430289199e-04 2.54372252469802927e-04
-1.84683355277957654e-04 1.12501759245316614e-04 2.15875200964254653e-04
-9.56853931118074457e-05 -1.36293999709940838e-04 2.81923337446521630e-04
8.43816475480112016e-05 1.23571141641487926e-04 -2.38636370615075843e-04
1.96228978958958689e-04 -1.29615841089820267e-04 -2.32370983462137573e-04
2.17167358925404334e-04 -2.77550216586973180e-04 -6.26530556935835320e-05
2.15472267435306268e-04 2.10739704482472503e-05 -3.06981927834852739e-04
2.74222261696885046e-04 -1.68813890116999068e-04 -1.93847329746931070e-04
-8.84378213699335824e-05 2.13128157134065752e-04 -1.30389292639155544e-04
-3.43575444783435224e-04 8.81876282436223685e-05 9.05495677971090025e-05
-3.04205391971483963e-04 -4.30986551707142234e-05 2.23989216628446341e-04
-3.31951928506258839e-04 6.18036560954754249e-05 5.96993945620820411e-05
-3.01450224094172996e-04 -1.14307135173398003e-04 1.48350274712538796e-04
-1.06564979872490376e-04 2.14601501718243151e-04 -2.69797235820639931e-04
6.34802635487797325e-05 1.16128917738359845e-04 -3.10802183085818801e-04
-5.31339335607581862e-05 2.43126240368389949e-05 -2.07207212346471783e-04
-1.69176309764502617e-04 3.24331150190624703e-05 -1.90718580071572006e-04
1.72700294076219427e-05 -3.90477929597862305e-04 1.63893254215284509e-04
-6.89347861187354568e-05 -3.16599781004083002e-04 2.04488226083721742e-04
6.18718867086003076e-05 -3.59049904872543334e-04 1.04766171291342187e-04
-1.61709777364580916e-04 2.54498721335169305e-04 -3.85101170424569122e-05
