-1.35688359772547784e-02 1.07722342788481029e-02 -1.87397781077454084e-02
2.49324265765249464e-03 -8.12828948279498142e-03 1.73050941010024495e-02
-2.67914901889447776e-02 1.62572439970844196e-03 -8.13807460341209321e-03
2.50663443301526456e-02 1.36908677634384746e-02 -2.04699214950724295e-02
-1.55598575026427710e-03 -3.66174842981603632e-03 9.12373221155782232e-03
2.00169034414265923e-03 -1.71312534028444929e-03 -4.34769667646950353e-03
-3.59242268799568887e-02 1.80000808194300532e-02 1.94573916620335297e-02
2.82304121312892953e-02 3.18892480845711646e-04 -1.18900660341569875e-02
-2.25211828468840913e-02 1.26858843609998218e-02 -2.60939622166720397e-02
3.06191968944640180e-02 7.62071227089089476e-03 9.84149847382376208e-03
-3.11870226489752156e-02 -1.97110539907185967e-03 -2.23881983770333193e-02
2.40090892629769570e-02 -1.21580185706670063e-02 2.99668595156803441e-02
-1.92408892202386994e-02 5.87337263492493378e-03 1.33686448746441755e-02
1.38375373028987170e-02 -1.13504971540772104e-02 -4.55944471655342909e-02
-1.51470854934698806e-02 -1.04184891871828000e-03 1.47761940488950749e-02
3.36412230468816631e-02 2.71808200088896612e-03 -1.15130336205310213e-03
-1.93338742148974063e-02 -1.63699843798612577e-02 3.63966284237813298e-02
8.26257011132902619e-03 -7.75629050095338890e-03 -4.90592279560608802e-05
-2.12851176359780681e-02 -5.60888318437369193e-04 -2.36831608656236092e-02
2.14437075778191044e-02 -1.80506503401334228e-02 2.17035380849672777e-02
-1.83730102174761711e-02 4.13740863630307487e-03 -7.35392624854291910e-03
1.85279405330947000e-02 3.93933382142579447e-02 5.32982278520144348e-02
-9.30907776281131305e-03 -3.55089394788805635e-02 -2.37236324653693487e-02
-1.41022828113313015e-03 -3.73632376462040838e-03 -1.95797378495035090e-02
-1.09493492290596572e-02 -8.14730548510667063e-03 8.80927339824211231e-03
8.54709415902377145e-04 3.51418466384956218e-03 2.52004649105685985e-03
2.58996266859923274e-03 2.37466513352768693e-03 6.63632862058616269e-03
1.81424963163889785e-03 -2.30026583231035531e-03 -9.94379297169972753e-04
2.75892155394863448e-03 1.75636096101761119e-03 3.44611297589114685e-04
9.46364987565329052e-03 -9.92790380100561087e-03 1.25107711905525498e-02
-1.39779373118820160e-03 2.37718527342267727e-03 -3.56417179140366969e-04
-6.48186869667366494e-03 -5.06796486934435464e-03 9.73407907001710981e-03
-1.01448353089272914e-03 -5.16334441943877565e-04 1.82645121132951616e-03
1.29342351740838191e-02 -1.96087804850182401e-02 -1.55287738860419022e-02
-3.17831160275350300e-03 -1.41854032787234186e-02 1.48000236038492439e-02
4.22225847135337951e-03 -2.89382297177809278e-03 -8.81331479787306193e-05
-1.18203792457713952e-02 -3.38613939785006868e-03 9.53708710093925660e-03
4.11138451934150995e-03 -5.64967262042603835e-03 7.54427910952548686e-03
-8.05343150031967436e-03 1.55628286959563766e-02 -2.23220593803268308e-02
1.76077673436569881e-02 4.19821817691878874e-03 -7.54423357093414459e-03
-2.07448761668205250e-03 1.19810131550401877e-03 -3.58294959385196954e-03
3.47198916245927691e-03 -1.61367287583391583e-02 2.00850413911970449e-02
-1.15315688937620564e-02 2.13987564522435392e-02 1.29044698868070462e-02
2.05613124728187824e-03 4.21123385978994236e-04 -4.28060768297067185e-03
-1.22694253807065223e-04 1.72106396223736802e-03 1.12466796396870627e-03
1.45903011406978145e-03 1.22088441097998324e-02 -2.30936152431042707e-02
-7.04461873701767161e-04 6.01838951843070014e-04 1.96513004792031598e-03
6.01462542862707394e-03 1.11102135064613528e-02 -5.44610659572364320e-03
-8.96430584843432854e-03 1.31018759502037341e-02 -2.59444450515489144e-03
-4.37719626258092909e-03 -8.25242747764742823e-04 1.24066887863572006e-03
-1.71444171611701002e-03 7.01197765010930230e-04 -4.17535956160941524e-03
1.59089103862455339e-02 -3.53833183147800323e-03 -1.00786488435478105e-03
-1.36085390910256621e-04 -8.89354964600297393e-04 -2.02399176866396857e-03
1.78784439976253928e-02 1.47643769535754643e-03 -1.41884940272496429e-02
-4.33070325111661880e-03 1.01321322005523129e-02 7.92402313331597163e-03
1.36282598602832650e-03 -5.77444516223746263e-03 -4.19183931772026952e-03
