1.32479742275999277e-02 -1.04102664481841821e-02 1.83093805175358233e-02
-2.85806949814303374e-03 8.16797930465596768e-03 -1.74258758312003138e-02
2.63518847842601905e-02 -1.73628084961862609e-03 8.29608554202261247e-03
-2.55202482671244880e-02 -1.38713679780219472e-02 2.05088968750946621e-02
1.26302208690770861e-03 3.29371405574685515e-03 -9.23915278917854937e-03
-2.20428416473656763e-03 1.40778188534071858e-03 4.25214439292815553e-03
3.56522060056909396e-02 -1.85699328776373143e-02 -1.98054124332580316e-02
-2.83931295524881139e-02 -4.98858895285237899e-04 1.15934409526740802e-02
2.27118270570936739e-02 -1.29517422691022063e-02 2.56003858194381873e-02
-3.03237550769349350e-02 -7.98842630057147902e-03 -1.01688571677799669e-02
3.13748193604406825e-02 1.85630363116379843e-03 2.21628183604113127e-02
-2.42512129345751823e-02 1.20947884539516215e-02 -2.98025578734224493e-02
1.88273846433034929e-02 -5.56336211436663820e-03 -1.29889677093632996e-02
-1.42790241894899354e-02 1.15648421766105878e-02 4.59726888849113363e-02
1.51079478811346826e-02 1.35900137932450115e-03 -1.47262336488087862e-02
-3.33649295618578048e-02 -2.81133324112652549e-03 1.10659155323028719e-03
1.99509111305332595e-02 1.63482528182087444e-02 -3.66309549373983259e-02
-7.71247804363899350e-03 7.77480198355743127e-03 -1.19664130702353412e-04
2.15854130827886487e-02 7.62236827450631029e-04 2.39771045150798563e-02
-2.12506710285889321e-02 1.79676412683379000e-02 -2.11492476685683321e-02
1.85425443197449191e-02 -4.09384028973087347e-03 7.77283006674666169e-03
-1.83600455141249320e-02 -3.91611485342666238e-02 -5.29299266937371532e-02
9.39602837744117105e-03 3.58459845946272476e-02 2.39208482185933428e-02
1.56172724366969245e-03 4.13935658002220156e-03 1.97952254828927185e-02
1.09231762327329264e-02 8.81293113214767256e-03 -9.05751597851694491e-03
-1.40781568732847796e-04 -4.88145999248416375e-03 -2.25440078736718072e-03
-2.73661774141780671e-03 -2.12781983630761775e-03 -6.89755578906788014e-03
-2.00645938555688279e-03 2.57146761047856616e-03 8.26736030088753111e-04
-2.88773525722843408e-03 -1.50835597479854512e-03 -6.64381101260412077e-04
-9.66594897763336548e-03 9.81425139309485481e-03 -1.22361936216728046e-02
1.12730947468484130e-03 -2.32299055049823905e-03 5.37728667016900384e-04
6.25471541710246898e-03 5.02196457856288452e-03 -9.66787912626625341e-03
7.15600895275606843e-04 5.22213349081678165e-04 -1.87469975045297110e-03
-1.29783001489787424e-02 1.93807401279483434e-02 1.53776028601925411e-02
3.29684764368310453e-03 1.41624672028666677e-02 -1.51418981671488286e-02
-4.13817067943195172e-03 2.75139698934780347e-03 -1.66239104491072308e-04
1.20050626010493530e-02 3.27363763860475223e-03 -9.75296230190351131e-03
-4.01569912622970222e-03 5.78596662013597905e-03 -7.82620244697200887e-03
7.96904985277166293e-03 -1.56863998375978662e-02 2.25606957509419080e-02
-1.78039963226159469e-02 -4.06860233582896809e-03 7.77660455439628182e-03
1.85732025775664825e-03 -9.20551098917045591e-04 3.64560264954555315e-03
-3.68746142989458299e-03 1.61156547878909123e-02 -1.97780594633621930e-02
1.12573466320651707e-02 -2.12299425621265414e-02 -1.27106225570601146e-02
-1.96769342591194456e-03 -6.34251543113060015e-04 4.41099697560982766e-03
4.66269698590500447e-04 -1.80925159048099049e-03 -1.21521753176581518e-03
-1.15482472209829743e-03 -1.21657454546291177e-02 2.28696260264758255e-02
1.03641380220802605e-03 -6.63642607938545411e-04 -2.02482944248239807e-03
-5.71317520453290106e-03 -1.09959063712879550e-02 5.29775632101110467e-03
9.07087082830681894e-03 -1.33164774519219774e-02 2.86424174097553138e-03
4.31371599903214963e-03 7.09113830026382951e-04 -9.29866695549901208e-04
1.76757564967776814e-03 -7.25510389047769218e-04 4.38256677395588729e-03
-1.57397340764810316e-02 3.50589871645894070e-03 1.19858346442635309e-03
1.18815361502634678e-04 1.27983289419815981e-03 1.86009851444868409e-03
-1.78095092115066571e-02 -1.15983791435346354e-03 1.39840058011659208e-02
4.26883136440801836e-03 -9.77308229567976951e-03 -8.02878930460731305e-03
-1.20111620866374547e-03 5.51994644090229337e-03 4.23034943476272626e-03
