2.27812078729664938e-04 -2.55804540371157481e-04 5.74628137838218041e-04
2.58503749369352800e-04 1.09020512124797481e-04 1.55590056078151907e-04
4.38636289734111113e-04 1.69611063470291075e-04 -5.40887309135678712e-05
4.01401568795657453e-04 2.46365353272212228e-04 8.18402083036326325e-05
1.83342192905033304e-04 4.40553823802266144e-04 1.40261450956125311e-04
1.10915310014698948e-04 3.30109372889839049e-04 1.24905533383740791e-04
-1.22917118583686838e-05 6.56757856325027598e-04 1.97393704224390633e-04
-1.28931831956853604e-05 3.76646221512664777e-04 1.15620869624444918e-04
-3.35582267790183921e-04 4.50213746083648510e-04 1.09614665336622044e-04
-4.05931793784307003e-04 2.18355392447589365e-04 3.27220885828554200e-04
-1.89759072984862630e-04 2.31860296132109461e-05 2.11915036919211306e-04
2.24795019867056478e-04 1.44790991109929154e-04 -1.00631642746141554e-04
5.22318981703232725e-04 -1.48791254803529735e-04 -2.68846950017143451e-04
5.44690949097841027e-04 -3.26976367089379152e-05 -2.66878528973324360e-04
1.49398409376310813e-04 -2.53716076248724912e-04 -3.75971095130975304e-05
-2.84729761203577389e-04 -7.60698975596628711e-06 -4.15771601889492552e-05
-5.94007199033878266e-04 -1.48257090496916493e-04 7.07053416169028785e-05
-5.12680213897757529e-04 -2.37461960719260448e-04 2.82591092542278181e-05
-1.49158076865183093e-04 -2.24347026741638213e-04 -3.17911402833478691e-04
-1.04910440706296025e-04 9.96829945700956313e-05 -5.66433074023791738e-04
-6.83056338371633963e-05 -4.76933913545045407e-05 -4.55080225815493542e-04
1.07562972243938838e-05 -2.75643246116062755e-04 -4.42077302825887660e-04
8.51347454929226579e-05 -3.19664128624345652e-04 -2.30134141604500047e-04
4.16210480562113609e-05 -4.07964718013229411e-04 -2.61104998062613091e-04
1.85524727145281305e-04 -6.35351404275610963e-04 2.38803205285785790e-04
-1.19813596290400644e-03 3.97582324250586182e-04 4.59800471817442763e-04
9.96537678912163145e-05 -1.69606136184951488e-04 3.26186052583545168e-04
1.73305533112057600e-04 -2.07629345260870431e-04 2.90496114923749233e-04
5.09539374825412748e-05 -1.75319386735208561e-04 3.71946086027415558e-04
2.42158725772653966e-04 1.14352165798440304e-04 -2.11539234207308097e-04
3.16942020659069144e-04 -3.01607212182608527e-05 -6.55718754823810484e-05
2.25747795994835792e-04 7.90859677856393397e-05 -4.50083671791486531e-06
2.58832001543481724e-04 4.07413920539644834e-05 1.37311103011012928e-04
-5.08203886074396215e-05 2.18855432596805279e-04 7.13372578044547300e-05
-1.54287851821289552e-04 2.13235273610931398e-04 8.43446253582013706e-05
-1.48006649957464347e-04 3.00121289257121384e-04 -8.94490214471517703e-05
-2.14197981023668777e-04 -3.84840395891681045e-05 2.65521401779199979e-04
-3.87078554958426852e-05 -1.87429614084111006e-04 2.60636967049198115e-04
6.43271477025970294e-05 1.85084659962014283e-04 -2.34278902118273050e-04
2.76012320452768013e-04 -3.95475127764026712e-05 -1.81627807588027120e-04
2.94104121025072723e-04 -2.01893753324504149e-04 -1.24220448318284257e-05
2.47443923210866014e-04 1.16601137420566304e-04 -2.38966902852238923e-04
3.38043371856415779e-04 -6.02961500029295926e-05 -1.21058234312238535e-04
-1.23192961883212372e-04 1.79619259208149928e-04 -1.88025711377624969e-04
-3.31713521124731394e-04 2.36017990786117511e-05 7.63425516372943173e-06
-2.94813625749964700e-04 -1.69290821517745514e-04 1.21679194510882686e-04
-3.29701764466602061e-04 -7.07172723720683613e-05 -2.05014288385661684e-05
-2.56805066111023914e-04 -2.30498907174783686e-04 7.04277540448589371e-05
-1.32377900446823234e-04 2.10405458387256581e-04 -2.61773104877999273e-04
6.14764943907682252e-05 1.77054518436344530e-04 -2.87630908693816301e-04
-1.49639655849849196e-05 3.12244769635361492e-05 -2.13109963783130325e-04
-1.26932060923082047e-04 -6.69981233427191606e-06 -2.23549589001145353e-04
1.21232470606466157e-04 -3.63983976035686966e-04 1.62095263074688348e-04
-1.40925668646880563e-06 -3.35317307922759680e-04 1.83169206311738209e-04
1.47759212338965658e-04 -3.27050521675179842e-04 1.10304677950220274e-04
-2.16528043607676184e-04 5.60662304072478751e-05 9.67181975872869094e-05
