-3.65157968914786579e-04 2.39560110429692941e-04 -6.08155711702806911e-04
-2.83741954068439384e-04 -1.04162728236600888e-04 2.92316407408677037e-05
-4.09118888800463765e-04 -1.74161729561417289e-04 2.98416556208103145e-05
-4.81424578936184844e-04 -3.01942410090738633e-04 -1.55772765661144064e-04
8.95156181610623491e-05 -3.88642526960580881e-04 -1.07744719012092816e-04
-3.12981032694281680e-04 -2.34530090498452637e-04 -1.40890449263686435e-04
2.95157914336208194e-05 -5.41876837448995730e-04 -4.00996524376751040e-04
9.36825840649024855e-04 -1.27489758591270430e-03 -2.85824747863605566e-03
-1.52368507459321734e-03 2.36253549584120037e-04 1.70034427898002605e-03
6.71084051658610292e-04 -1.10662264902172680e-03 2.41727048985929116e-03
3.40602933842859557e-04 1.00592532477072893e-04 1.36601304824068848e-04
2.79038602077896769e-05 -6.31053279009918811e-05 -1.15663924176168109e-05
-5.20490477347479441e-04 3.19025973348985303e-04 2.29923843014123719e-04
-6.36867350216618888e-04 -5.74850965426865201e-05 2.62917328551992568e-04
1.39091431528015619e-05 1.21635052518165310e-04 4.63465366593585060e-05
3.85149556763941803e-04 1.31865656891161365e-04 7.15486418609856401e-05
5.68276851378612946e-04 1.71776787729616132e-04 -1.67193508895824294e-04
4.53916489561834169e-04 3.73886617821561629e-04 -4.62043038214066115e-05
1.23007301577438000e-04 3.11211288815060882e-04 2.70346562929901779e-04
1.11552690608363037e-04 -1.35981331103707248e-04 5.52596996486798275e-04
9.39076710215758226e-05 4.94114078586349592e-05 4.35832202146713144e-04
1.59227215523749521e-05 2.61583021000433291e-04 4.26931575143285613e-04
-7.16432595613269996e-05 3.33494702374537155e-04 2.13940566734294180e-04
-1.04175649093818379e-04 3.58007017197792266e-04 3.08490319521209644e-04
-1.31192387970102686e-04 6.85974250409060460e-04 -2.37821055744547039e-04
1.57916612871744633e-03 7.23024117797343990e-04 -2.99340440138440300e-03
-2.03165595316523451e-04 1.97382759897002380e-04 -2.93418209067031199e-04
-4.31038014885309906e-05 2.63873179783935541e-04 -2.72858584210888822e-04
-2.79509402756339398e-06 3.67565552554793840e-05 -4.13250992753688706e-04
-1.93088919286044103e-04 -2.00300596504776607e-04 1.82794694392640622e-04
-3.15035969320032194e-04 -3.79653702700100126e-05 1.63391596346429413e-04
-2.49274083288675286e-04 -5.34419605888736271e-05 4.98146406724409019e-05
-3.19314380016422206e-04 -8.96808916410751777e-05 -1.49475899583695337e-04
5.60046148578852154e-05 -2.25634188330658958e-04 -9.31263621620770365e-05
2.14214190445538577e-04 -3.93104889214956899e-04 5.14243344928999591e-06
1.41826688226043274e-04 -1.19518488518099986e-04 5.94376901938975521e-05
2.55417927285228608e-04 -5.51105442632149334e-05 -3.13753140593675539e-04
-1.11569511634324048e-04 2.07623212740593033e-04 -2.31342102611886702e-04
-2.52351752573820587e-04 -1.21576691761049460e-04 3.59698442668587859e-04
-2.29886722556305045e-04 3.05264446854858207e-05 2.05453993923576661e-04
-3.22837988625757077e-04 1.87130557233405881e-04 3.13817915564840177e-05
-2.71097701867617502e-04 -8.02549948255570911e-05 2.78489002532911201e-04
-3.32891446655825263e-04 1.04763124161966203e-04 4.99312933928131031e-05
1.04307831186423172e-04 -1.92309059706907703e-04 1.65856983353140919e-04
3.31479484211971709e-04 -1.54228795068434010e-06 3.91203578525844975e-05
3.32726037769237593e-04 1.04012145377474496e-04 -1.42905228970757747e-04
3.22922926519364495e-04 1.40692398338804203e-05 1.28188466503864618e-05
2.98034808150715591e-04 2.20596814863860402e-04 -7.13606448705661478e-05
1.53263274988768572e-04 -1.98306075825716022e-04 2.62262243867716904e-04
-4.64054852071793533e-05 -2.14660565171387319e-04 2.76193759312315379e-04
-6.32195053940076690e-06 -2.35749353585390509e-05 2.01035899710433341e-04
1.29344515669149729e-04 -2.21959075705768782e-05 2.34378734879081563e-04
-1.56638054861213405e-04 3.74223286813135658e-04 -1.42421804708803279e-04
6.18823840414783888e-06 3.09621905035584177e-04 -2.17387936482626998e-04
-1.36101122757859017e-04 3.17806690474320419e-04 -9.44832023536679166e-05
1.90817616387839450e-04 -5.70017120442356529e-04 3.02341548418461059e-04
