1.37345890185121641e-04 1.62444299414645399e-05 3.35275738645888707e-05
2.52382046990865840e-05 -4.85778388819659327e-06 -1.84821696819019611e-04
-2.95174009336473479e-05 4.55066609112621408e-06 2.42470752927575567e-05
8.00230101405273908e-05 5.55770568185264056e-05 7.39325573575114311e-05
-2.72857811066095626e-04 -5.19112968416852636e-05 -3.25167319440324953e-05
2.02065722679582732e-04 -9.55792823913864122e-05 1.59849158799456434e-05
-1.72240795752521356e-05 -1.14881018876031868e-04 2.03602820152360407e-04
-9.23932657453339521e-04 8.98251364400039524e-04 2.74262660901161085e-03
1.85926734238340131e-03 -6.86467295667768547e-04 -1.80995894431664806e-03
-2.65152257874303290e-04 8.88267256574137463e-04 -2.74449137568784536e-03
-1.50843860857996926e-04 -1.23778562090283829e-04 -3.48516341743280154e-04
-2.52698880074846155e-04 -8.16856632089372732e-05 1.12198035163758365e-04
-1.82850435575328436e-06 -1.70234718545455568e-04 3.89231070030197327e-05
9.21764011187778615e-05 9.01827332516244422e-05 3.96120042133179130e-06
-1.63307552529112375e-04 1.32081023730559602e-04 -8.74942714626097555e-06
-1.00419795560364414e-04 -1.24258667135195071e-04 -2.99714816720363848e-05
2.57303476552653201e-05 -2.35196972326996386e-05 9.64881672789214158e-05
5.87637243359233601e-05 -1.36424657102301181e-04 1.79451945671787934e-05
2.61507752877450936e-05 -8.68642620734226697e-05 4.75648399035769119e-05
-6.64224990206701183e-06 3.62983365336116168e-05 1.38360775369934623e-05
-2.56020371844124263e-05 -1.71801650413041856e-06 1.92480236687803986e-05
-2.66790187767688359e-05 1.40602251156294634e-05 1.51457276826020464e-05
-1.34914859315956584e-05 -1.38305737501915032e-05 1.61935748702058671e-05
6.25546010376070111e-05 4.99577008154371456e-05 -4.73853214585965524e-05
-5.43323391751786191e-05 -5.06228461334494971e-05 -9.82149541238751820e-07
-3.81030165813439885e-04 -1.12060644204793006e-03 2.53360392956696046e-03
1.03511827425307136e-04 -2.77766237120508921e-05 -3.27678435165139684e-05
-1.30201731623526609e-04 -5.62438345230651098e-05 -1.76375307128604115e-05
-4.81588434549778808e-05 1.38562831479729177e-04 4.13049067262731486e-05
-4.90698064866098627e-05 8.59484307063363031e-05 2.87445398146674751e-05
-1.90605133903694931e-06 6.81260914882708619e-05 -9.78197208640483646e-05
2.35262872938394934e-05 -2.56440071967657126e-05 -4.53138039545260374e-05
6.04823784729404822e-05 4.89394995871106944e-05 1.21647965726824094e-05
-5.18422625044559395e-06 6.77875573385367924e-06 2.17891043576223066e-05
-5.99263386242490247e-05 1.79869615604025501e-04 -8.94870588074913665e-05
6.17996173142107310e-06 -1.80602800739021398e-04 3.00113312532542182e-05
-4.12199462615598310e-05 9.35945838523830379e-05 4.82317388144755605e-05
1.50277367130166747e-04 -2.01935986564820273e-05 -2.92948644373114127e-05
1.88024604871223544e-04 -6.35079682009648228e-05 -1.25419540550314809e-04
-4.61255978964629672e-05 9.02106809091685047e-06 -2.38261863355495413e-05
2.87338676006843540e-05 1.47631960910982684e-05 -1.89597467246555921e-05
2.36537786567514886e-05 -3.63461425950092128e-05 -3.95220996806722776e-05
-5.15192520059051633e-06 -4.44669741590366109e-05 7.11269409194254323e-05
1.88851306967891994e-05 1.26898004987577751e-05 2.21687280244840497e-05
2.34036912759685075e-07 -2.20595111279274110e-05 -4.67546130163139326e-05
-3.79124120192728922e-05 6.52786761402710176e-05 2.12260344598750607e-05
6.77883794723756639e-06 5.66480325381879410e-05 7.68258218817970663e-06
-4.12297420396916768e-05 9.90209231092328357e-06 9.32890825707210743e-07
-2.08853745419453377e-05 -1.20993825615405589e-05 -4.89138989717631707e-07
-1.50710091835888719e-05 3.76060467350427890e-05 1.14371493815009222e-05
2.12859161243856865e-05 -7.64954160499709831e-06 1.20740640726969839e-05
-2.41245474606768232e-06 2.88957199048487943e-05 -1.08291458779362099e-05
3.54055842547472475e-05 -1.02393107774486920e-05 -1.96734583658850692e-05
-4.77898171767903324e-06 2.56954028871755023e-05 3.42187301708887890e-05
-1.16580895811066411e-05 9.24383120085942251e-06 -1.58214755965523579e-05
2.57104272198367331e-05 5.13950890035108653e-04 -3.99059746005747955e-04
