2.47710658180097770e-04 9.66539700423020971e-05 5.00808343712065801e-04
2.98798537510616929e-04 2.26801025900992803e-04 1.77161308880938710e-04
1.53436960606780006e-04 3.12152203671946552e-04 4.41328356077474147e-06
3.10885626988834226e-04 4.29800398313611516e-04 5.63147819776042615e-05
-4.68199033558954045e-06 4.33437694119951462e-04 8.73983164096111913e-08
-3.35132705057558726e-05 3.94857915524892908e-04 -3.87921770228723779e-05
-2.28216777680420845e-04 6.73587337153779084e-04 6.81336664124795004e-05
1.72900794934521530e-04 2.09647556070328381e-04 2.45619312224592786e-04
-4.15142920084346457e-04 1.73943590434675569e-04 4.57873053597674935e-04
-5.66992971321760540e-04 1.87649021664694038e-04 5.92658746798508832e-05
-2.88839959797918921e-04 1.44016723984067492e-05 1.63615487825681473e-04
2.50955095734432668e-04 1.08816920665344197e-04 -9.63531449070318530e-05
6.83677540322581863e-04 -5.87026557719827854e-05 -9.89678057009380445e-05
5.73405733987026570e-04 6.10690020621897957e-05 -2.65656898815487389e-04
1.68882318772447919e-04 -2.49690956710252147e-04 1.28434904536762925e-04
-2.45605733476176420e-04 -1.16143521246090157e-04 -1.11836376518287202e-04
-5.71970892405246150e-04 -3.11393530653617813e-04 1.27477211656475901e-04
-6.89512809742971115e-04 -4.04897764136242600e-04 -2.36476248178160860e-04
-6.08122039961075833e-05 -3.38978270136354020e-04 -1.82404154927612647e-04
-2.22215374883356345e-06 -1.62016510112110039e-04 -5.69516772030907031e-04
6.84900712513516780e-05 -2.47958373660956235e-04 -3.74297345364337983e-04
1.81054376155570442e-04 -4.10336382508059158e-04 -2.34759798256263519e-04
1.85984326038410259e-04 -3.63633410402684797e-04 -1.89595906863006899e-05
1.85030727082056653e-04 -4.50375176454148693e-04 -5.00379747872461836e-05
2.17874226966648934e-04 -4.06153073009213556e-04 5.44991903690102554e-04
-1.10334889196172506e-03 4.76156260326338000e-04 -9.51220656649551916e-04
1.09724521520027774e-04 1.58591957898914221e-06 3.65845277403430472e-04
7.27490235915523135e-05 1.93106457620251959e-05 2.98412321858950748e-04
6.31728473211884981e-05 -1.72348451322165333e-05 4.28005143066034896e-04
2.37333539889732556e-04 1.33760318868144745e-04 -2.28187165423766457e-04
3.02711720281203058e-04 7.99783268111217563e-05 -6.02240019886718392e-05
1.58077949599425580e-04 1.25482921999997240e-04 -2.40161512295215289e-05
1.85928932625455622e-04 1.94553770072361759e-04 1.25292737766898781e-05
-1.63455209871208587e-04 2.55402394608687095e-04 3.12458920209253017e-05
-2.57861330266867799e-04 1.16004414267027484e-04 3.39896075715463535e-05
-2.65108009022880598e-04 1.30156247561268691e-04 1.40831456811287968e-04
-3.05541610498074776e-04 2.84999661463904294e-05 6.35131832041835537e-05
-1.37627773305619980e-04 -6.73051730176872068e-05 2.29684329193536354e-04
9.23296339435092627e-05 8.86068880847584272e-05 -2.87720125746773769e-04
2.71238537547338057e-04 -7.78643401685472189e-05 -6.54494277387872639e-05
3.23323755679384933e-04 -8.60692128685425955e-05 1.37217655008704093e-04
2.88746713422290417e-04 3.04555569617382844e-05 -1.36193076562986964e-04
3.80628941710870947e-04 -1.08118181641882698e-05 -3.04416265230093849e-05
-9.42406840283989785e-05 1.59028696738603562e-05 -1.68631692397743611e-04
-3.56780379620693234e-04 -1.12787121124493928e-04 -2.54649730166669864e-05
-2.86169289541768725e-04 -1.51273350861328679e-04 6.89285860545995043e-05
-7.22163955168349963e-05 -2.84859784990534941e-05 2.51341872370845299e-04
-2.24958277544360632e-04 -2.21807429199461859e-04 1.19269373748918451e-04
-6.95208497228693497e-06 -2.11661583625113845e-05 -3.07471278965058760e-04
1.41030579685336215e-04 3.90226381743507194e-05 -2.96225094965592306e-04
3.51017305073600622e-05 -6.84938877426883707e-05 -2.09550319073710105e-04
-5.35719448976256779e-05 -1.33926358369994221e-04 -2.15187437272676305e-04
1.23410182847890623e-04 -2.27900793676279954e-04 3.31577763593802772e-04
1.45029221106753153e-06 -2.24629210983659560e-04 3.08400336131369444e-04
1.68531161543884989e-04 -1.98755688253970475e-04 2.80843952914731302e-04
-2.19233494315422545e-04 1.11093544306161085e-04 -3.51791241051007558e-04
