-7.87296998916096058e-02 -4.72641615302904494e-03 2.85361989416568207e-02
5.01558193571041144e-02 3.53042530094391793e-02 -7.97085608771386234e-02
-1.08902617717493655e-01 -4.41154996391723841e-03 -1.27286781674005312e-02
3.15510545645114604e-02 -5.08019674771063023e-02 -6.64582492680259040e-02
-1.34979825439283108e-02 -3.49677123708582727e-02 5.87793828062936896e-02
6.22109387258379387e-03 4.63794793377658721e-02 -2.25370457120543932e-02
-1.34041803071957233e-01 2.66809545679240756e-02 -2.86781956983524766e-02
9.87571908602893345e-02 1.45360394235982682e-03 3.62326658518226097e-02
-1.09579222287683464e-01 6.35901539972314467e-02 -8.69997957112556008e-02
6.88962741915002397e-02 -1.69643994386303731e-02 4.99265242793338615e-02
-1.10268675303731190e-01 2.81801091420255112e-02 -3.42439791716477870e-02
5.49847786649380055e-02 3.50339865884774504e-03 -3.14017907655030903e-02
-4.53970636492684321e-02 -2.03997629729296692e-02 6.05903690092264302e-02
5.87749485146265016e-02 -3.14066976649047813e-02 1.00175597856111409e-03
-9.71672746783900365e-02 5.87656831831386839e-02 3.94669986695532771e-02
1.32580375918473159e-01 -7.47261013566645760e-02 4.01809476505192720e-02
-7.38161846991456372e-02 9.87643788949732482e-03 -1.02643514909996902e-01
1.05930986616966649e-01 5.06239297662514076e-02 5.62011087749938187e-02
-1.13490128338251006e-01 -1.40402360072613419e-02 -6.45103150477837062e-02
6.78252734310069716e-02 -2.45357438727773491e-02 7.62495437036978529e-02
-2.20170038745257646e-02 2.91394704338809873e-03 -5.74560026713655247e-03
4.09714106608942696e-02 -8.83042681161887444e-02 -4.29782209340974219e-02
-4.62499533884770386e-02 9.73334446355842431e-02 1.75080043880404546e-02
3.37044783591942121e-02 -1.23334590792225640e-02 1.72209450740705705e-02
-8.61549310712530492e-02 -7.13159035789363571e-02 6.13878324690215749e-02
-1.90931620632781573e-02 -1.86892875391801994e-02 -1.07499969076130242e-03
-4.54220042396247248e-03 -1.89394022409072882e-03 -1.07234176158383931e-02
5.00124294234436384e-02 -2.25616299260262276e-02 3.15156465282262488e-03
2.39680131399103713e-02 2.28553538595659411e-02 -1.19177406723474100e-02
1.03261306285107324e-02 -2.16591552723355285e-03 7.30451469900712524e-02
3.42433967914779203e-04 -3.54858591225731823e-03 2.48655678670813701e-03
2.63795241361752808e-02 2.06938800126099665e-02 -1.74338201676216276e-02
-9.50483519347433692e-03 5.70579255233938376e-03 4.47761351403261898e-02
8.12686794877954810e-02 -3.72543056954066643e-02 -1.56471329156127048e-03
-2.37955438076431491e-03 -1.92653836745160581e-02 4.79724590131676010e-02
6.50297270424431417e-02 -5.03242261376306566e-02 1.04480468104303226e-02
-4.38352199189484537e-03 -6.16879466151620814e-03 -1.01014303782995807e-02
7.16761146999850274e-03 -9.55232791192361930e-03 3.28591302154590537e-02
-1.19020548315554309e-02 5.42462661038212168e-03 1.17453498724700012e-02
3.35202082336425455e-02 1.75826630469930745e-02 -6.34106612207951947e-03
1.66268767123112227e-03 1.06919683481078165e-02 -2.12657847574901915e-02
-7.38568519693005854e-04 1.42731278852038512e-02 -4.96182295165112919e-02
-4.50002324214198168e-02 2.96698273725404249e-02 -9.30849406351422215e-04
-4.87781962787359191e-03 1.18602416092941088e-02 -3.56719913690923818e-02
4.83726129565269503e-02 -2.12517269835867939e-02 3.70749474738349960e-02
-6.20374321737759971e-03 -5.37875174332724804e-03 3.62064493458968961e-02
-3.45312485475743891e-02 -3.56858873359966466e-03 -5.11095491555670911e-02
7.58954468577188734e-03 -5.17591723117272196e-03 9.54091817582991553e-03
-4.14792108823294203e-02 1.16800757240563824e-02 -1.94462172499028085e-02
4.15393099332339588e-03 5.21914244476973099e-03 1.00575696003035731e-03
-2.50945692493246275e-02 -5.27406405184260851e-03 1.93907880013051148e-02
2.84139727879262338e-02 7.50453957209407108e-04 -1.00108739940811819e-02
3.03789263790499309e-03 -3.40338908502259285e-03 -1.45010556676115065e-02
1.02769279759996834e-01 5.69646157108469886e-02 -3.84876298005845108e-02
-1.33559729638452751e-02 8.22313995725210134e-03 4.48266701250310540e-03
1.82155447405122350e-02 1.82670642074338474e-02 1.40666096261665707e-03
