-7.84819892334295138e-02 -4.62976218298674289e-03 2.90370072853688849e-02
5.04546178946147297e-02 3.55310540353401746e-02 -7.95313995682576796e-02
-1.08749180756886873e-01 -4.09939776024529148e-03 -1.27242648838397556e-02
3.18619401915002931e-02 -5.03721670787926901e-02 -6.64019344860482946e-02
-1.35026645342638998e-02 -3.45342746767383219e-02 5.87794702046101000e-02
6.18758060207803828e-03 4.67743372532907625e-02 -2.25758378890772646e-02
-1.34270019849637656e-01 2.73545419050778560e-02 -2.86100620319399979e-02
9.89300916552238591e-02 1.66325149843015514e-03 3.64782851640472056e-02
-1.09994365207767814e-01 6.37640975876661159e-02 -8.65419226576579215e-02
6.83292812201784783e-02 -1.67767504169656807e-02 4.99857901540137137e-02
-1.10557515263529110e-01 2.81945108144239197e-02 -3.40803636838221055e-02
5.52357337606724369e-02 3.61221557951308921e-03 -3.14981439104101216e-02
-4.47133861089458531e-02 -2.04584656287016518e-02 6.04914012035254953e-02
5.93483542486135315e-02 -3.13456286628425937e-02 7.36099079745626702e-04
-9.69983923596175884e-02 5.85159922264284343e-02 3.95954335740900387e-02
1.32334770184996980e-01 -7.48422448779106630e-02 4.00691112740009861e-02
-7.43881555915508891e-02 9.56504435884370646e-03 -1.02516037698340431e-01
1.05241473807223679e-01 5.02190320021151659e-02 5.59646325268156608e-02
-1.13550940542247111e-01 -1.43792142773976964e-02 -6.46927192027113157e-02
6.78230512772581423e-02 -2.46977603828894589e-02 7.56800269316669494e-02
-2.19485138032744116e-02 2.66598866972714245e-03 -6.11989761250089030e-03
4.11524650370498415e-02 -8.87146044986968085e-02 -4.32129807323536827e-02
-4.60639690624386269e-02 9.69698112251815569e-02 1.74890447973541537e-02
3.38895090862762691e-02 -1.27838342556767133e-02 1.71709070992833238e-02
-8.59370568442864025e-02 -7.17220566519455732e-02 6.19328243727116784e-02
-2.01965109552398811e-02 -1.82131312788538606e-02 -2.02622034741085444e-03
-4.43247590244244451e-03 -1.89235430451173978e-03 -1.03575723384349630e-02
5.00851784470351877e-02 -2.25423192802642024e-02 3.44997697468157546e-03
2.40311859872315604e-02 2.28381190144337255e-02 -1.14897355292813749e-02
1.05634641684004653e-02 -2.03215520836540816e-03 7.28169598246474897e-02
6.45145688195982261e-04 -3.46860758544619658e-03 2.42633278471946498e-03
2.65376020857747072e-02 2.08193629346099633e-02 -1.74578363188511478e-02
-9.31890626084888075e-03 5.90034632241174563e-03 4.47886644141028828e-02
8.11052242779242705e-02 -3.69989033007979765e-02 -1.53346739954034520e-03
-2.63741571103118288e-03 -1.91493792602490318e-02 4.80064486207391478e-02
6.47646190334202621e-02 -5.01940698900693871e-02 1.05888782672416103e-02
-4.68906360239292053e-03 -6.14029469536981742e-03 -1.00379171950953968e-02
7.02998369669288314e-03 -9.61963308494130642e-03 3.30888145446525880e-02
-1.18097251976119217e-02 5.51323349846687995e-03 1.14576297467232271e-02
3.37914467711898855e-02 1.75047987068245280e-02 -6.40651554981830698e-03
1.98601142691050715e-03 1.06058991352392731e-02 -2.11285671024814860e-02
-4.49821806270715436e-04 1.43035834421655888e-02 -4.97544225930742767e-02
-4.46196034797089469e-02 2.96590155543762363e-02 -9.61291032874431552e-04
-4.97206031190199071e-03 1.18761444789679694e-02 -3.58406230614901275e-02
4.80158325769062602e-02 -2.13645141047112894e-02 3.70494825008183259e-02
-6.48991250691936805e-03 -5.53002509418857712e-03 3.62753779319514927e-02
-3.46034649430912236e-02 -3.59707471209871812e-03 -5.08582072831962467e-02
7.36458640822752666e-03 -5.39772466037218360e-03 9.66018754957883446e-03
-4.14861629673017041e-02 1.16589095656938705e-02 -1.97536885288678681e-02
4.29496157300873239e-03 5.25816508294408170e-03 7.09531865064765054e-04
-2.50594675188172689e-02 -5.34255793958529710e-03 1.91812376822314036e-02
2.83604008430286096e-02 6.16527598839412914e-04 -1.02260614313538587e-02
3.16130282075288357e-03 -3.63128987869887300e-03 -1.41694779040177042e-02
1.02770730052207895e-01 5.67399864998633305e-02 -3.81792294644531446e-02
-1.31874418023013897e-02 8.02438426899813005e-03 4.76351096541783627e-03
1.79963112461968139e-02 1.83781577517400097e-02 1.05486972156564962e-03
