2.34558434303294499e-04 3.96405020204141444e-05 6.26534785493021960e-04
2.52486618035704870e-04 2.23431992058599667e-04 2.10317589596853855e-04
3.94297435649340979e-04 3.12567715222722496e-04 -1.00006841186839617e-04
2.75621428984064833e-04 4.11231558858098816e-04 -2.74810362156256149e-05
2.13325818562324918e-05 5.20324856139851573e-04 -2.53783663095547952e-05
-3.56439052615498215e-05 3.74918549478924293e-04 -3.91024765644266197e-05
-2.19306531802192239e-04 7.12622258516709770e-04 7.43996674082625029e-05
-1.59737700907127360e-04 3.12298286112455258e-04 2.01323857948838245e-04
-5.19050998814416008e-04 2.05094270311765442e-04 2.46525572609587393e-04
-5.44247861612926821e-04 1.82705565605713571e-04 3.88202163403737407e-05
-2.95610995383599462e-04 1.41036778413281572e-05 1.09729314995523838e-04
2.63710464623983609e-04 1.02017092852681391e-04 -8.44367596765498456e-05
6.15954206548832229e-04 -8.79472352264429417e-05 -8.44854706387252862e-05
6.09370349838713040e-04 8.84349979334973535e-06 -1.36163108642040341e-04
2.04592732727092565e-04 -2.14460068278386529e-04 1.17598785520717965e-04
-2.79619188387657735e-04 -1.15552538035486465e-04 -4.57351089917232953e-05
-5.84362204985550615e-04 -3.03234267270879084e-04 7.35144001749784962e-05
-4.81762816908733313e-04 -3.08777201127735711e-04 4.73832720510470107e-05
-1.90722090445454878e-05 -3.73232693225547692e-04 -1.88804269921352566e-04
5.88606811792670475e-05 -1.94880719865947482e-04 -5.49481600665257977e-04
7.27477733659451497e-05 -2.53394120568556326e-04 -3.74925133706838806e-04
1.73717561801340411e-04 -4.19564477405969449e-04 -2.38149578860176995e-04
1.85240397454618569e-04 -3.55557963549011356e-04 -2.46142596081096425e-05
1.68017494527081544e-04 -4.53617359545463407e-04 -1.74622241798521380e-05
2.29013088274837605e-04 -4.10780769743710524e-04 5.34444219495892946e-04
-1.11280843519784029e-03 4.77875954049690542e-04 -9.79571919477148978e-04
1.16233250771908240e-04 -9.60583925646036208e-06 3.71968911718408696e-04
2.00941804774040295e-04 -3.12174014865640968e-05 3.16616052340292723e-04
6.83702175357893063e-05 -1.20410289251801260e-05 4.19822919593163641e-04
2.43286231455773440e-04 1.27891589771801775e-04 -2.37306464613243177e-04
3.16126688621750078e-04 8.05144974973485289e-05 -5.95867080069914219e-05
1.78249916671884646e-04 1.53335679407354101e-04 -3.39994509271494792e-05
2.04218590272910888e-04 1.97471379308997847e-04 1.07629341273760034e-04
-1.30746967552473360e-04 2.35612701291066160e-04 3.32447545129230829e-05
-2.48551285989480645e-04 3.41515926317134636e-05 2.78765393336647207e-04
-2.55592164708407952e-04 1.15153454390744337e-04 1.37625861626117430e-04
-3.11562418824367965e-04 2.30977412626063832e-05 8.04101545975836066e-05
-1.36510178353491975e-04 -8.51237597347518938e-05 2.91991591827224452e-04
1.24023152308153030e-04 7.79315069324353158e-05 -2.72158150567890450e-04
3.27164481030094135e-04 -3.03820208088235717e-05 -1.03594936166146514e-04
3.21952183608116094e-04 -8.55456790370699895e-05 1.24407085832724273e-04
2.88492844528532937e-04 6.32047512207096888e-05 -2.24211129657696077e-04
3.64291889216849065e-04 -6.97508140182285705e-07 -3.04011553739945228e-05
-1.19782986354417657e-04 4.60362620031578958e-05 -2.26982277698786847e-04
-3.40575493166063513e-04 -1.19239954861843106e-04 -3.44658233401376886e-05
-3.06581910218917326e-04 -1.57804571607912068e-04 1.45512711471185852e-04
-3.02735238832369999e-04 -1.42541455571753271e-04 -4.92716538146740891e-05
-2.40869726001691816e-04 -2.29855656071257516e-04 1.18169950601960469e-04
-7.21846265614019223e-05 2.40480559377469822e-05 -3.55487198239631016e-04
1.25217117551756988e-04 4.08068107344984108e-05 -3.12370609374773534e-04
4.26297095983018857e-05 -6.93205854882143416e-05 -1.98935408600196584e-04
-5.72322668939401457e-05 -1.32906485464239681e-04 -2.12517724794068877e-04
1.26598649279705965e-04 -2.32491194998739629e-04 3.29134316020657203e-04
1.29654535692765404e-05 -2.14364852495542131e-04 3.12033408899667027e-04
1.69628002373257416e-04 -1.92440327601316294e-04 2.68997721245243582e-04
-2.15763320575286532e-04 1.19645934140501779e-04 -3.49835010713054413e-04
