-1.96294789112982926e-04 -9.15578836879760161e-06 -6.12385818788752090e-04
-3.24717468548563204e-04 -2.75260670910437710e-04 -1.99016875578550412e-04
-3.85337549179354255e-04 -2.93585031233334348e-04 6.77294021671492885e-05
-2.63878217820590066e-04 -4.47429228570328519e-04 5.04820077011913781e-05
-5.40001057625083547e-06 -5.01987557573357890e-04 3.69919048809341788e-05
3.69237154529411526e-06 -3.80040720045826674e-04 4.41037999028282002e-05
1.91941750735225014e-04 -6.75897430994609749e-04 -4.76712397767808937e-05
2.90898305208564523e-04 -3.45465827824575911e-04 -1.70559901147449011e-04
3.98920835339211521e-04 -1.59614695109944194e-04 -3.81483613757893636e-04
6.91331735323430507e-04 -1.48790110360785821e-04 2.09951621243931186e-05
2.53975185969146366e-04 -6.30519270883311833e-05 -7.18092312173013170e-05
-2.41682510018215169e-04 -9.12826792678345100e-05 5.25928449870427528e-05
-5.96292928408459488e-04 8.38237327015489697e-05 9.98154661555616940e-05
-6.17017443904188667e-04 1.01748688645653118e-05 1.55288514467777361e-04
-1.83003732219688686e-04 2.14848322024341343e-04 -1.34688698929963380e-04
2.42638908412473597e-04 8.01063327859896646e-05 5.79552442299124948e-05
5.96181040139143192e-04 2.95474462732592258e-04 -7.75709965137316715e-05
4.91181071984314599e-04 3.21960714760649580e-04 -5.64479112782900749e-05
4.75209331209924812e-05 3.73402216111262675e-04 1.81083014984650958e-04
-5.70975054930838999e-05 2.05975531624602581e-04 5.40757112780454463e-04
-8.82359980030056334e-05 2.85676446155846975e-04 3.96560465878437185e-04
-1.65402133944114738e-04 3.99249191682216065e-04 1.77173750007142417e-04
-1.81668869348783346e-04 3.59655496083632897e-04 7.60187998238848195e-05
-1.69487913541210844e-04 4.28587487697029701e-04 -1.00450304518773237e-05
-2.29893842892625599e-04 4.20196754550516971e-04 -5.34772922524240357e-04
1.07810445938483213e-03 -5.59032485835331272e-04 9.38550497991741395e-04
-1.49110967807897232e-04 3.66561656428565641e-06 -3.73946891002230331e-04
-1.80148314311789903e-04 5.35155846393964296e-05 -3.14610218335342751e-04
-5.12752441343966581e-05 -2.58648580093723268e-05 -4.26000597967490791e-04
-2.29809482788390085e-04 -1.22622650582049353e-04 2.40420237989091845e-04
-3.11436695200839608e-04 -1.10373890590986790e-04 5.69651569567036775e-05
-1.74527831797277599e-04 -1.59661010891154476e-04 2.61842657253152922e-05
-1.81986763273966901e-04 -1.94953784734552826e-04 -1.11175979522037949e-04
1.27463956596240990e-04 -2.27406863704260331e-04 -3.38526987135323587e-05
3.03428174132314155e-04 -6.62229035959249757e-05 -2.67978199801177652e-04
2.75291535564381462e-04 -1.21228219825519901e-04 -1.00949296979346848e-04
2.53373193566108768e-04 1.69913368140983678e-05 -1.14321878279755040e-04
1.30321680758549441e-04 1.14706008464304787e-04 -3.00003310796714828e-04
-1.11655844507785318e-04 -6.10522853781159114e-05 2.93091009713641881e-04
-3.18262473748553987e-04 2.77062054950816261e-05 1.00636076025284460e-04
-3.20512522320015592e-04 9.32991103277380773e-05 -1.15935841707770493e-04
-2.93709631622895984e-04 -5.69544063625526675e-05 2.31474186334068577e-04
-3.63873465895725445e-04 -4.77085625805173663e-06 2.46735584477353331e-05
1.23754407698628555e-04 -4.06790819448277219e-05 2.32562730368979231e-04
3.46708333531786650e-04 1.20672917416346503e-04 2.74251268093106404e-05
3.02034444831456028e-04 1.59116173347406686e-04 -1.50876490436768762e-04
3.01486893983682336e-04 1.31105944037646083e-04 5.03340567552523765e-05
2.49060541307688510e-04 2.39785004563231041e-04 -1.13603165066367140e-04
6.74165654228620070e-05 -2.37448629165637470e-05 3.57750209427631916e-04
-1.34326114813454467e-04 -3.86786985885345658e-05 3.06142256507602184e-04
-3.27305942040556630e-05 7.09435839408856239e-05 2.03865336906972061e-04
5.81614058452473159e-05 1.34342678356880185e-04 2.04120192683454604e-04
-1.01566127135743756e-04 2.31745431596642321e-04 -3.34417777320350496e-04
-1.87196245555742991e-05 2.36354383945869273e-04 -3.04577505322978226e-04
-1.83977805407575801e-04 1.78551677777694096e-04 -2.73006423159305456e-04
1.89888542533878102e-04 -6.81274445821777874e-05 3.48130241290434128e-04
