-3.82636451903115731e-05 -3.04847136516165428e-05 -1.41489667042698705e-05
7.22308505128583340e-05 5.18286788518380437e-05 -1.13007140183034435e-05
-8.95988646998672426e-06 -1.89826839893881476e-05 3.22774390196903281e-05
-1.17432111634747666e-05 3.61976697122297028e-05 -2.30009714855657633e-05
-1.59325712799816564e-05 -1.83372985664936828e-05 -1.16135385713793836e-05
3.19515337162557062e-05 5.12217056690238148e-06 -5.00132333840158048e-06
2.73647810669672251e-05 -3.67248275221000210e-05 -2.67284276314816091e-05
-1.31160604301437162e-04 3.31675417121206524e-05 -3.07639568013892337e-05
1.20130163475204487e-04 -4.54795752018212485e-05 1.34958041148306243e-04
-1.47083873710503687e-04 -3.39154552449277499e-05 -5.98153784647668593e-05
4.16358094144530957e-05 4.89482492470030278e-05 -3.79200837782225214e-05
-2.20279546057684404e-05 -1.07344135848468807e-05 3.18439146895070928e-05
-1.96612781403727403e-05 4.12350252489397196e-06 -1.53299955168364078e-05
7.64709406547562677e-06 -1.90183686579150472e-05 -1.91254058257370196e-05
-2.15890005074038786e-05 -3.88253745954814057e-07 1.70899134092454146e-05
3.69802799751841379e-05 3.54462052494968003e-05 -1.22201352381891995e-05
-1.18188351535925776e-05 7.75980453828682649e-06 4.05659633875317524e-06
-9.41825507558128640e-06 -1.31835136329138693e-05 9.06463922724306425e-06
-2.84487240764469934e-05 -1.69522885714982769e-07 7.72125493670160765e-06
-1.76317568618314759e-06 -1.10948117586550992e-05 8.72448788480351383e-06
1.54882246370604838e-05 -3.22823255872906490e-05 -2.16353321715983789e-05
-8.31542785722567306e-06 2.03152857237533842e-05 6.09758288530345787e-05
-3.57152810583522299e-06 -4.09753253462154157e-06 -5.14045402157751736e-05
1.47041901412929966e-06 2.50298718484337056e-05 2.75072546317294617e-05
8.80754617787994024e-07 -9.41598480680644681e-06 3.28703028347411726e-07
3.47039758130081658e-05 8.11565317856407305e-05 4.10214214854075828e-05
3.28777170359889918e-05 5.94022269217470567e-06 1.97797928382163453e-06
-2.07934904622503918e-05 -2.22981831528323328e-05 -2.00583400494997247e-06
-1.70949734013926482e-05 3.79058869345524511e-05 6.17767837432714939e-06
-1.34767486673833549e-05 -5.26893918975242215e-06 -3.11377337584866796e-06
-4.68999342091047005e-06 2.98593930936382607e-05 2.62155105028774441e-06
-3.72208487460704679e-06 6.32533148380037434e-06 7.81518520183418700e-06
-2.22318269989439871e-05 -2.51759457444502037e-06 3.54663824827791479e-06
3.28301095623237003e-06 -8.20583758680582822e-06 6.07944200609275846e-07
-5.48768881428335093e-05 3.20713109642115120e-05 -1.07871935354695550e-05
-1.96993708559735099e-05 6.07476543477556330e-06 -3.66765646467705827e-05
5.81892252582591973e-05 -4.00890780767047510e-05 3.39117236821714338e-05
6.18849759494253387e-06 -2.95822487295528935e-05 8.01171896949037657e-06
-1.23673078003677119e-05 -1.68792215543194044e-05 -2.09328591457514312e-05
-8.90200728154014794e-06 2.67581531374194563e-06 2.95886014086205380e-06
-1.43966128810050229e-06 -7.75343129066808788e-06 -8.47124412495378013e-06
5.21678709436304653e-06 -6.25034485815702126e-06 -7.26305667637249961e-06
-4.18423321123619681e-07 5.46836439823402234e-06 5.72759692625918963e-06
-3.97142134421089778e-06 -5.35718005833017388e-06 -5.58045267019238386e-06
-6.13284036572313718e-06 -1.43296255450339760e-06 7.04069653082704816e-06
4.54746538746129752e-06 -1.31160173949461888e-06 5.36377896558291032e-06
1.24834484868766330e-06 1.14355115341071884e-05 -1.06240294057828745e-06
-8.19081530599669386e-06 -9.92934849197352524e-06 -4.56678553559332942e-06
4.76806113853991530e-06 -3.03193021183235147e-07 -2.26301118800089924e-06
9.10899726169747876e-06 -2.12811214596384505e-06 6.22835286717135029e-06
-9.89911539424622269e-06 -1.62299845267128236e-06 -4.92992830677547729e-06
-9.29138951307170225e-07 -1.43619289264050425e-06 8.39753211061427282e-06
-2.50325221439622091e-05 7.45763402097308556e-07 5.28346129969329203e-06
5.75417098629775865e-06 -2.19895314503271416e-05 -7.45590357668880158e-06
1.43498030343183845e-05 1.38886498236221985e-05 4.00870191406187343e-06
2.58747780414084303e-05 -5.15184895583239912e-05 1.70476942262028520e-06
