2.34840005352885827e-04 3.97801290448595305e-05 6.26504363593967601e-04
2.52756456892295404e-04 2.23325515033347534e-04 2.10776688429564009e-04
3.94696441619308441e-04 3.12847807208871788e-04 -9.98685349289306189e-05
2.75668384257771887e-04 4.11473298469889953e-04 -2.75152198157896922e-05
2.15093498614876813e-05 5.20735271139711737e-04 -2.49261296523511397e-05
-3.57319265265824198e-05 3.75063826686047386e-04 -3.90461246555128054e-05
-2.19494010434372993e-04 7.12760961603427744e-04 7.50777028581669310e-05
-1.60226746453214419e-04 3.11115860715783523e-04 2.01012503534696394e-04
-5.19164883687891977e-04 2.04658238992259581e-04 2.46710683325130557e-04
-5.43934017889333827e-04 1.82997429016386066e-04 3.86991814970390403e-05
-2.95932270323491780e-04 1.38741569926012629e-05 1.09692796514120007e-04
2.63301433916824745e-04 1.01710561756895491e-04 -8.44598799667599533e-05
6.16214347025154292e-04 -8.80885010008389876e-05 -8.45876674340858723e-05
6.09330114105263916e-04 8.87257983331421151e-06 -1.36413581644853507e-04
2.04505953853864039e-04 -2.14418219209909061e-04 1.17500003568526235e-04
-2.79946368845091832e-04 -1.15832764382690009e-04 -4.56327072701860005e-05
-5.84544495242758687e-04 -3.03199463503495657e-04 7.37735158048623095e-05
-4.81755887733217500e-04 -3.08638853801988062e-04 4.76747299046568142e-05
-1.91629863740841604e-05 -3.73161574136547712e-04 -1.88740922698941435e-04
5.85614931988300127e-05 -1.94877409719034400e-04 -5.49468296114556600e-04
7.26248984378030237e-05 -2.53381640913586477e-04 -3.74928669792743471e-04
1.73727564796523717e-04 -4.19525911481910476e-04 -2.38203975540929677e-04
1.85341078160971645e-04 -3.55491533359473275e-04 -2.46799458850181808e-05
1.68137423616775074e-04 -4.53549251617483282e-04 -1.75172514875601351e-05
2.29272519107907575e-04 -4.10673106631622819e-04 5.34328115566687118e-04
-1.11163395887311492e-03 4.78167849792516728e-04 -9.81360786313013964e-04
1.16474546689202273e-04 -9.57784622150439697e-06 3.71936928636178437e-04
2.01150278765921923e-04 -3.11689965425551382e-05 3.16512724290373088e-04
6.85878264536476636e-05 -1.20533581230025524e-05 4.19822860358747441e-04
2.43653720799508059e-04 1.28080550344686361e-04 -2.37375976431658357e-04
3.16157720484661368e-04 8.06442681988355317e-05 -5.97650698654423579e-05
1.78216653287011540e-04 1.53419607460337202e-04 -3.41097585396904390e-05
2.04249148842953034e-04 1.97580991959076148e-04 1.07497786835426855e-04
-1.30844164584265836e-04 2.35849023009067441e-04 3.37203365739190741e-05
-2.48546197225310345e-04 3.38138167289122124e-05 2.79080994517794199e-04
-2.55778256409620874e-04 1.14831543445824636e-04 1.37899040532853904e-04
-3.11757418162329812e-04 2.30869416781937780e-05 7.98907054016125245e-05
-1.36705171291696715e-04 -8.52155926749558959e-05 2.92050147642949432e-04
1.23444662315229115e-04 7.77542647077881610e-05 -2.72209772393495878e-04
3.27217813014186228e-04 -3.03733012130661764e-05 -1.03686303791948015e-04
3.22084084931394371e-04 -8.55205013032106341e-05 1.24297036158774318e-04
2.88408891543346832e-04 6.31821671710741900e-05 -2.24361777691651029e-04
3.64276877190071414e-04 -6.06362502310013590e-07 -3.05824450244229179e-05
-1.20077588416154854e-04 4.58922169631594410e-05 -2.26931983314191803e-04
-3.40745030671541795e-04 -1.19339497438718177e-04 -3.42305547457619842e-05
-3.06546819212258727e-04 -1.57639348077509469e-04 1.45540306036291570e-04
-3.02737745218255891e-04 -1.42548318362834973e-04 -4.90862428454103634e-05
-2.40743536331073244e-04 -2.29871167135152054e-04 1.18312284335612660e-04
-7.24493213663131286e-05 2.40507070755777776e-05 -3.55397101943359705e-04
1.25029133132393969e-04 4.08117751577417729e-05 -3.12434933880258495e-04
4.25463869411698154e-05 -6.93194606936748639e-05 -1.98947251066811483e-04
-5.73015912489666484e-05 -1.32935812091965221e-04 -2.12470887752454261e-04
1.26763836731566472e-04 -2.32455512700911087e-04 3.29092560664208432e-04
1.31264154524608833e-05 -2.14308856474565771e-04 3.12015445043581537e-04
1.69796754424902377e-04 -1.92375204160686160e-04 2.68923602115120851e-04
-2.15911822682352201e-04 1.19766005289016273e-04 -3.49403291253071440e-04
