-2.10376422152158682e-04 -7.53205174514048892e-06 -6.20376037753445075e-04
-3.36124217761302191e-04 -2.75631370241224971e-04 -2.09305236921419890e-04
-3.91809530160713848e-04 -2.96505936578927987e-04 6.33861128229717963e-05
-2.70548653116264859e-04 -4.50279068319403564e-04 4.86439523998960510e-05
-1.10439273857121378e-05 -5.04232754759748047e-04 3.21282360880026374e-05
-1.63867091129699105e-06 -3.82399094778662629e-04 4.58680942321265661e-05
1.84268457951830555e-04 -6.78959112541122067e-04 -6.71027433611914859e-05
2.79179830031228704e-04 -3.46548705792315559e-04 -1.92871731035104688e-04
3.87831332226085124e-04 -1.60894063129468634e-04 -3.97271434710688709e-04
6.60490252700540736e-04 -1.92388776605934009e-04 5.82982623127392685e-05
2.50626572680712201e-04 -7.30423766561738574e-05 -6.60099058524821203e-05
-2.55052566185298701e-04 -9.02101635094076926e-05 4.29651498685679201e-05
-6.06281992089563460e-04 8.90592544454116286e-05 8.88717430171936940e-05
-6.20219488061124480e-04 9.58670548389939370e-06 1.52367204071524043e-04
-1.81801368263734275e-04 2.10195015158731735e-04 -1.33667979295370998e-04
2.42988984555658760e-04 7.11245999771570325e-05 6.32980865704624307e-05
5.97036892388658202e-04 2.87449945917561678e-04 -7.43527352797812568e-05
4.91889818468038698e-04 3.15402533667352714e-04 -5.65749924441583119e-05
4.85518523829497894e-05 3.69546408158338835e-04 1.80762799013578501e-04
-5.78072613469232666e-05 2.02980368849026149e-04 5.41021268549712886e-04
-8.82436733127267559e-05 2.83090374214367557e-04 3.96334146644861107e-04
-1.64526836559319989e-04 3.96930274201956479e-04 1.75902679412587304e-04
-1.80989927775598858e-04 3.57458732818116687e-04 7.27935939557333711e-05
-1.67462984297372941e-04 4.24504476510989548e-04 -1.23425482012606835e-05
-2.24373772849784103e-04 4.15151145117143017e-04 -5.35443445851768729e-04
1.22809801396073226e-03 -4.22630697011427969e-04 1.01222311116799801e-03
-1.50711850366080924e-04 4.04150070387743199e-06 -3.74809102609230393e-04
-1.81423069415931337e-04 5.37784688180442672e-05 -3.14824294667337412e-04
-5.26361086675697365e-05 -2.56307735015948168e-05 -4.26483052113901806e-04
-2.30302573491325546e-04 -1.22960689062145967e-04 2.39994016310696168e-04
-3.12092091948823480e-04 -1.10975800158216731e-04 5.72607305565492331e-05
-1.74975427015500173e-04 -1.59997494376673544e-04 2.63760876156871049e-05
-1.82773580353456921e-04 -1.95478979270635733e-04 -1.11153943187947135e-04
1.27062049015691514e-04 -2.27576952447350322e-04 -3.67466745951061657e-05
3.02842108953482736e-04 -6.33350987902514539e-05 -2.68574049173686547e-04
2.74456914108434091e-04 -1.21178528777354799e-04 -1.03582304756599797e-04
2.54730140700765162e-04 1.17042453023907811e-05 -1.02816244649472921e-04
1.32449848763038780e-04 1.13802360644177369e-04 -2.99512918433553210e-04
-1.12644490363855709e-04 -6.17393131763233072e-05 2.92153191286281810e-04
-3.19330441187926084e-04 2.82690657879003382e-05 9.96323580528812869e-05
-3.21476329308012510e-04 9.41156841696155766e-05 -1.16607163481496912e-04
-2.94019473314310886e-04 -5.75225194179296295e-05 2.31205181528526538e-04
-3.63779266296937465e-04 -4.53494049490466011e-06 2.48202824452703474e-05
1.23630842697508569e-04 -4.10296714703495269e-05 2.32888240194739637e-04
3.47042819229592681e-04 1.21209723241325062e-04 2.73081305053324286e-05
3.01878012760159464e-04 1.58076301056686574e-04 -1.50658661459690535e-04
3.01648162585710367e-04 1.30588700340661390e-04 5.01550809461903668e-05
2.49254079937699657e-04 2.39240018713005043e-04 -1.13774882312345227e-04
6.75964337577550367e-05 -2.40364048377239570e-05 3.57694064411440138e-04
-1.34263757030517183e-04 -3.89079094236244316e-05 3.06021856450122698e-04
-3.26726978545632818e-05 7.08891897279739780e-05 2.03794332527706956e-04
5.82549510164120932e-05 1.34197555875958940e-04 2.03951114553069246e-04
-1.00898318686426514e-04 2.31367036997592174e-04 -3.34528907515174723e-04
-1.85933063363563633e-05 2.36126140825021480e-04 -3.04405394577322852e-04
-1.83873876188123120e-04 1.77882061921597057e-04 -2.73102382368328733e-04
1.72419749892793739e-04 -8.47381263544555452e-05 3.32528141190335802e-04
