2.44635832007271447e-05 3.22480772997190416e-05 6.12832584052252528e-06
-8.33677608690067866e-05 -5.23058552078774371e-05 1.47145150814411850e-06
2.88691145859459267e-06 1.63418706299438016e-05 -3.64824221059588226e-05
5.11973114150702764e-06 -3.88057698495136109e-05 2.11287325841063588e-05
1.04654224757755435e-05 1.65025163799636899e-05 7.20210643565149771e-06
-3.73705974378794108e-05 -7.33526809261524299e-06 6.82196957661376075e-06
-3.52255524825424379e-05 3.38018490623056764e-05 7.97495949697544517e-06
1.18953083578014285e-04 -3.54328450765320361e-05 8.14077249959170622e-06
-1.31333551461806854e-04 4.37641758627909468e-05 -1.50560751385558152e-04
1.16556234811206910e-04 -9.39134758954794299e-06 9.69974438097783088e-05
-4.53056976427795789e-05 -5.91682196635725963e-05 4.36828906616378867e-05
8.24886773152604374e-06 1.15003982474877979e-05 -4.14947300981920332e-05
9.93235493559083225e-06 9.70753444572641051e-07 4.28407558310782161e-06
-1.08893739558605642e-05 1.84592853172136052e-05 1.59536224266705357e-05
2.27045855901297636e-05 -4.22320405117732555e-06 -1.61679757268447623e-05
-3.69573842894330715e-05 -4.47081644055329763e-05 1.76653793002764302e-05
1.24923971458995153e-05 -1.57495175859339795e-05 -5.79219474918947334e-07
1.01339307348211971e-05 6.76367986536465134e-06 -8.90026253950149761e-06
2.93888660088656290e-05 -3.61516597820887723e-06 -7.97812368536293345e-06
7.54231851906746165e-07 8.10295912999174899e-06 -8.44702756484371365e-06
-1.56187748749237322e-05 2.97087333007810804e-05 2.14054768521176365e-05
9.20072823720372805e-06 -2.25956372799539966e-05 -6.23012961283423729e-05
4.35115038537278753e-06 1.96719945864341208e-06 4.81136480707151936e-05
6.74439319402132982e-07 -2.90447751064937341e-05 -2.98597996888208187e-05
4.89874625812347208e-06 4.47803848552019755e-06 -1.11533028508161141e-06
1.16464055087617344e-04 5.55371527810887586e-05 3.08623248549840488e-05
-3.42373036768786512e-05 -5.53634551762696498e-06 -2.87217397305195672e-06
1.97272093499905861e-05 2.26094722754891289e-05 1.68842962303567554e-06
1.59517177860779271e-05 -3.76841316245973709e-05 -6.66019175515436502e-06
1.33511473081825128e-05 5.11986128254039415e-06 2.61803987903781038e-06
4.06562853583788790e-06 -3.03315319593811992e-05 -2.50433930889312485e-06
3.24122627151136617e-06 -6.57788691633634124e-06 -7.73367092400333408e-06
2.14755684894961125e-05 2.10201268844041459e-06 -3.65615635252027971e-06
-3.78211556857432169e-06 8.27207056171711864e-06 -3.02633802118709169e-06
5.42959117281723914e-05 -2.95212820613392416e-05 1.05069453441076523e-05
1.86786576988132169e-05 -6.34698533153016365e-06 3.43167357762541071e-05
-5.70272774615646506e-05 3.47911869805845591e-05 -2.29255392478603965e-05
-4.25532252865793467e-06 2.85867679692214735e-05 -7.46277079060377871e-06
1.08001719513734060e-05 1.60149515314648538e-05 1.99434188927859321e-05
7.88737182626014430e-06 -2.10423542516583823e-06 -4.05394573906672784e-06
6.07755623381861076e-07 8.59518286640494251e-06 7.68987267727740641e-06
-5.61058177096405378e-06 5.65964775314456046e-06 6.84340383687550885e-06
4.97610893133949503e-07 -5.14130299721467370e-06 -5.76216257915257050e-06
3.55325428135371587e-06 4.86254549280991415e-06 5.95625688054783413e-06
6.29778855805088579e-06 1.87022580260688524e-06 -6.92242424042955565e-06
-4.66880645209926315e-06 4.36952979177105284e-07 -5.11835542339896497e-06
-1.08958263254552417e-06 -1.19596180221735835e-05 1.06883810078000339e-06
8.51054360662641314e-06 9.36885157785298864e-06 4.53740202326743307e-06
-4.85288760855809190e-06 1.43022378538206233e-08 2.29696246808043340e-06
-9.23462389812321422e-06 1.90386573411734127e-06 -6.41307743013579731e-06
9.87368908660653363e-06 1.56972903429911407e-06 4.84708146089547287e-06
9.53359767445444790e-07 1.26174378399371897e-06 -8.51977319938501546e-06
2.58655180451399587e-05 -1.08847570331891330e-06 -5.43634685096629038e-06
-5.46689088389548004e-06 2.18172843504557093e-05 7.61005046625868459e-06
-1.40771217632207433e-05 -1.44931422390891034e-05 -4.17878025320788217e-06
-4.34920727895584617e-05 3.50278789345607279e-05 -1.68751500627356381e-05
