3.68899339686967580e-04 4.30413628610388135e-05 5.75629799288152728e-04
2.26198437257328454e-04 2.79250725767925180e-04 2.14561047129582078e-04
2.83570802780339841e-04 4.42885882328830779e-04 -1.09052874777233180e-04
1.48662209287650070e-04 4.79476699474049375e-04 -1.16282106854173979e-05
-1.29456289948749514e-04 5.03804661888419564e-04 5.74113541761789344e-05
-1.40340715665083403e-04 3.49112601441240941e-04 3.01590271654418697e-05
-4.00073197927297195e-04 6.08642504828553910e-04 2.40340139136394889e-04
-2.09458862623841430e-04 2.42270235419631322e-04 2.99128623888591681e-04
-4.99518238972192089e-04 3.68688614728054516e-05 4.09280178653500886e-04
-5.61096570539461456e-04 2.39434011450692640e-05 1.82944366873447355e-04
-2.93165715741000230e-04 -6.49520792214634796e-05 1.64525150197314819e-04
1.41819220048522323e-04 1.91146644650733242e-04 -1.12460049283527187e-04
6.37274425846499730e-04 8.93131163756660790e-05 -2.07690093672423536e-04
5.83369428950962672e-04 1.72351950067590304e-04 -2.59322143504937027e-04
3.09590853421874560e-04 -1.95422047844144499e-04 4.24711414906717524e-05
-2.80415959309371582e-04 -1.76158739235767262e-04 1.22389732278941962e-05
-4.66194880177604862e-04 -4.78807422098637440e-04 1.57651145357029363e-04
-3.57741076209104852e-04 -4.57911533980089015e-04 9.75039192571743735e-05
4.43508045550831603e-05 -3.65400988047891596e-04 -2.43222236283681419e-04
-1.72995092737075946e-05 -1.34279430433646956e-04 -5.87174745281135294e-04
4.21221176303635873e-05 -1.86709811885943990e-04 -4.20101467959961778e-04
2.11283526734397733e-04 -3.28698156183278268e-04 -3.34840508292463227e-04
2.57323667099712170e-04 -2.84573269497890571e-04 -1.20349908627587852e-04
2.69167049310564102e-04 -3.85861722598948055e-04 -1.26111359590626602e-04
4.55856453673244839e-04 -3.88911392756110218e-04 4.06771090885642273e-04
-1.32001082431104384e-03 2.85921301851654094e-04 -7.67714451382500458e-04
2.01842076255053551e-04 -1.40821920459207293e-05 3.34186555881987727e-04
2.74316264432443912e-04 -4.81096140542090067e-06 2.61157359121090430e-04
1.70648095755378910e-04 -3.53132248762087176e-05 3.93059336971571325e-04
1.46797410165720071e-04 2.33186836753806787e-04 -2.51613842702163616e-04
2.67789742178762180e-04 1.76169345373118532e-04 -1.06762756957828848e-04
1.20212209145455315e-04 2.01370478523081462e-04 -4.41036826134045434e-05
1.67757336562395968e-04 2.36028531964326400e-04 9.43778463556947780e-05
-1.84113126942806680e-04 1.69259429358535433e-04 8.26727295959721494e-05
-1.92946219044463766e-04 -5.46058958124180562e-05 3.22747492215911440e-04
-2.55984350804210991e-04 2.75415064288507824e-05 1.99517139101305013e-04
-3.04272828556801690e-04 -5.40034426236051513e-05 1.31846860685676102e-04
-2.68313744942040031e-05 -1.60444952960427621e-04 3.19446505314784730e-04
-2.45717042389814639e-05 1.37936113847814248e-04 -2.68698734222088504e-04
3.06084409815578315e-04 7.43735586785477067e-05 -1.70768866840740073e-04
3.61711898106656881e-04 -4.96642563862617635e-06 4.37518295390763954e-05
2.31520592473572596e-04 1.51493775544715112e-04 -2.77280511817128909e-04
3.38874724312869036e-04 1.03307010670928664e-04 -1.05438555917945862e-04
-2.20513531001117108e-04 6.03557496936566083e-05 -1.72082793435618744e-04
-3.10612203675986165e-04 -2.06702627233543954e-04 2.68627913787051358e-05
-2.12293377054615458e-04 -2.62665229110133080e-04 1.87435105746220303e-04
-2.59374478599146954e-04 -2.22813866723799213e-04 -8.40336214100639052e-06
-1.38360979545052272e-04 -3.01477231196764018e-04 1.27176405569949237e-04
-1.54037535445427840e-04 2.01082414290902423e-05 -3.37949844908743866e-04
3.78231715520739315e-05 9.89944343674475767e-05 -3.27055966105250194e-04
9.14902447010984919e-06 -3.46433090675552944e-05 -2.12521357906687462e-04
-7.17076658260395360e-05 -1.22557447764054186e-04 -2.15301207737484811e-04
2.59412798954714008e-04 -2.21071572960090625e-04 2.56409787791117528e-04
1.42951404789545328e-04 -2.33740445787751949e-04 2.65066736223103531e-04
2.74073162046192277e-04 -1.63585052876648020e-04 1.93357812830937742e-04
-2.60061441372720452e-04 1.07015509659651617e-04 -3.32038718402534612e-04
