-1.64905127167713772e-04 2.91167014345616870e-04 -6.91606984048576123e-04
-4.95258674674481369e-04 -5.79116717116523461e-04 -6.84923381772062356e-04
-3.83862034135873387e-04 -3.78031776734566449e-04 -2.64628887481244135e-04
-1.64681014393153191e-04 -5.78720925041409373e-04 1.51630107951605808e-04
5.20307497213434722e-04 -3.16119937165737497e-04 2.60996856387141207e-05
-1.05620763150682251e-04 -3.18495649480610155e-04 -7.31359184575897103e-05
-2.20143783623782952e-04 3.38335218971863583e-04 -6.40342829384188406e-04
2.77323523190986521e-04 -3.07743302610941072e-03 -1.02707343371477577e-04
1.56482067258476576e-02 -9.62259468931436768e-03 1.46197174019455645e-02
-2.14716700479620215e-02 -8.24565513115604887e-04 1.79832002477278152e-02
-5.24132038057223415e-03 1.93477125332979227e-02 -2.14378293164507738e-02
-7.14941807712188293e-03 -5.30962041791038786e-04 -4.60002233656364723e-03
-5.20436908120203157e-04 8.57721408695333309e-04 -3.66562120988622731e-04
-3.18594151991646868e-04 9.95513828430105718e-05 1.70084417865368209e-04
-3.51225815213851433e-04 1.14615111842297779e-03 -2.57269493438050389e-03
-9.65803463993353262e-03 8.83057646601015378e-03 6.32859180708988944e-04
-8.25644335723296763e-04 -4.81722533910655670e-04 -4.79460858133329282e-04
3.38344418583602646e-04 1.18519654304094502e-04 6.26676576154228115e-06
1.63039219158167548e-04 -8.86207487811319083e-05 -5.35287751959323543e-05
5.52290478150752051e-05 1.85625938291522630e-04 4.79092235206479700e-04
-4.18150416794382807e-05 1.69646679533563827e-04 5.54671561516784095e-04
-1.73139017164647413e-04 1.75601593735308370e-04 -6.56185314085178106e-05
-3.35572877551371107e-04 4.08981829803423125e-04 2.77870953222958406e-04
-2.70690383654681455e-04 5.21579688594897561e-04 5.24482159138806026e-04
-1.69417845398989186e-03 8.04125225556617806e-04 9.72545926689605267e-05
5.20846959596816816e-02 -3.27429619469716826e-02 1.09967372775798822e-03
-2.08603241538596329e-04 -1.22877275555710597e-04 -2.29335847355294220e-04
-2.50536706150938926e-04 1.15273718774552836e-04 -2.62358022785846856e-04
-6.21924095678405564e-05 6.34358803113244107e-05 -2.71954352599745874e-04
-1.48414112135591969e-04 -4.13451658537677957e-04 4.87295165636503214e-04
-2.04766139271228553e-04 -1.56083243076365896e-04 2.03085829003635254e-04
-1.51432588317401695e-04 -1.74719691854896553e-04 5.51694754504783447e-05
-1.66410975820596718e-04 -1.68620219627158008e-04 -3.79074967415959918e-05
3.90613547391893690e-05 -1.20730477211949960e-04 2.12457973592927729e-04
3.12271831409083322e-04 8.05057309720624836e-03 4.10830862084221593e-03
-7.34487224165913943e-04 -6.37184714989857959e-03 -5.85718986874228520e-03
-8.46883112557605955e-03 7.41358680436987605e-03 -5.14622890392502086e-04
-4.60693144590351711e-03 9.91113380093056051e-04 1.89265895378820659e-04
-1.08282174790727548e-02 1.78971844409092640e-03 -2.30052401877234303e-03
2.91424618295010873e-05 -2.97685448067408487e-04 6.30302736737142766e-05
-4.77076530135622789e-04 6.48461653528498161e-05 2.87783528600815686e-05
-2.68555140895410105e-04 -1.16256679933757212e-04 4.19369903068123051e-04
-4.02341995618282766e-04 -2.17405278436499927e-04 8.37013921353157997e-05
-4.38029016422425421e-03 5.06721784879426984e-03 -2.32346616971534914e-03
8.58217846746445190e-04 -1.97521986374682434e-04 2.45140210112515522e-04
4.92468311181104568e-04 1.20055124893658771e-04 -2.35543587603803672e-04
2.70090994479943447e-04 2.51222209584955891e-04 6.91690761109864383e-05
1.42763993826788838e-04 2.57044498311209679e-04 -1.72229534847412324e-04
2.09297962430632367e-04 -6.45673009446179336e-05 2.81856246816758471e-04
-5.99776850429556418e-05 -1.10400152538270291e-04 3.24220018878218497e-04
-3.42690413945856420e-06 5.74707811343277974e-05 2.29913427068240139e-04
5.52113922605013130e-05 1.18034346406226121e-04 2.09685632671874345e-04
-1.54734087393082476e-04 2.44283734915175244e-04 -2.08523879677180446e-04
-9.73932064690374855e-05 1.80542643387848756e-04 -2.41084671780189552e-04
-5.33834458396498235e-04 4.13804498993641801e-04 -4.40046661804083250e-04
1.03170540429123325e-02 -4.03375926240290283e-04 1.43220006836108915e-03
