-2.03994212519253808e-04 -3.34208377206655677e-04 1.15977184760423396e-04
2.69060237417152888e-04 2.99865991348598280e-04 4.70362334642480278e-04
1.00291231355533546e-04 -6.48541055942643296e-05 3.73681762258477315e-04
1.60188051055031207e-05 9.92442255673599977e-05 -1.40001897266188408e-04
-3.90851207264685235e-04 -1.87684724722682068e-04 -8.35110398148930619e-05
2.45961478815765627e-04 -3.06169519606307866e-05 4.29768912921478372e-05
6.20216981551080146e-04 -9.46977723800417493e-04 4.00002690247793489e-04
-6.78646605671450907e-05 2.83516279068977929e-03 -1.96421280517114103e-04
-1.51486884868754657e-02 9.58572582784156246e-03 -1.50289975805990659e-02
2.20327666185014814e-02 8.00622111970535674e-04 -1.81661446146012609e-02
5.53448609631323422e-03 -1.92827604540764599e-02 2.12733041662534587e-02
7.00759885707336050e-03 3.39815397140305544e-04 4.71248238584717413e-03
-1.16837517726296573e-04 -9.47034525070999402e-04 5.74252214661046239e-04
-2.64775276959315804e-04 -2.71903332910600876e-04 8.92377256395688180e-05
4.16349617919768733e-05 -9.50729070578833343e-04 2.53022379288983220e-03
9.93845059924290501e-03 -8.65441772677438652e-03 -6.45098153936883188e-04
1.29183921590090168e-03 9.60529956009293110e-04 3.21809712776299946e-04
1.93966576255022059e-05 3.39391879675994513e-04 -1.03770685018716655e-04
-2.07390023713250715e-04 4.54021736829023504e-04 2.96751011479613747e-04
-3.79295385413676105e-05 -5.13465078578756733e-05 1.08082510074655595e-04
-3.07075950925306620e-07 1.70631323523801634e-05 -1.34570093556822317e-04
-3.81445095697503203e-05 1.53096562447969898e-04 4.00459039700981037e-04
7.82492104516589368e-05 -1.24408560305532554e-04 -1.57521044595370567e-04
1.52333434411735255e-06 -1.35717965995949506e-04 -3.98370799548179396e-04
1.23832200031664692e-03 -4.15213832800507589e-04 -5.04025683554602854e-04
-5.07646851353706352e-02 3.24570406451200263e-02 -3.31959276375487760e-04
6.76116528354277799e-06 1.36959467601631326e-04 -1.04850708526693507e-04
-2.37795582815049865e-05 -1.10462757369131928e-04 1.20066366475642637e-06
-1.08455686187538354e-04 -2.81226554351156932e-05 -1.21104984371825451e-04
1.61670196987189841e-06 1.80264821783871171e-04 -2.35681322934339597e-04
-6.30236029075336270e-05 -2.00861022967526359e-05 -9.63230720458064062e-05
3.12203791719463798e-05 -2.66507866681849092e-05 -1.10657928370738013e-05
-1.34636074179924942e-06 -6.74083123371683926e-05 -5.64703496140987862e-05
1.45051772203617311e-04 -4.85289521465854731e-05 -2.95130703188899906e-04
-1.19325612364619557e-04 -7.99596720139383009e-03 -4.43105611305812715e-03
9.90471574970125043e-04 6.34430564346972863e-03 5.65767272964098032e-03
8.77310395413286037e-03 -7.35958336174627123e-03 3.82776029706826011e-04
4.63376282039772072e-03 -8.30668427132628430e-04 -5.08712400693605389e-04
1.08527891833117354e-02 -1.92765455793874056e-03 2.56922275299443148e-03
-3.35226871645079403e-04 2.23311889388860780e-04 1.07738593167025796e-04
1.15364632028965909e-04 -5.98797397142236380e-05 -7.25301823991579640e-05
3.70345484218375092e-05 -3.52370956109579003e-05 -1.42089391250994142e-04
6.34672713054137299e-05 1.14098267765571262e-04 2.17371637826300622e-05
4.60080369522537173e-03 -5.12757359848792661e-03 2.49554896315096805e-03
-5.47605643070459024e-04 4.04224613608226415e-04 -2.72003001491220658e-04
-2.80174934126489110e-04 1.42610104216474309e-04 4.81084818575833694e-05
-1.07165158807964928e-05 -2.84083428611566781e-05 -6.07657139699800461e-05
-4.40301428173656508e-06 4.44327328855543386e-05 4.50531292774630874e-05
-5.52604269852045274e-05 4.44590595155276946e-05 5.60935980919853952e-05
2.21545134908817103e-05 1.14057181708227142e-05 2.83594722703169738e-06
-5.72212033065128498e-06 -2.28274720667725030e-05 -1.73920691615526773e-05
1.64962735655382230e-05 4.52310135782806586e-06 5.61557506561046653e-06
-1.04678711561631533e-04 -2.32121619550846182e-05 -4.78859081139370820e-05
-4.55581983205078430e-05 5.31978023999031937e-05 -2.39820644429139789e-05
2.59761296350305957e-04 -2.50219446116993808e-04 2.46688848973145480e-04
-1.00569926015396122e-02 2.96360416580638652e-04 -1.10016134995855443e-03
