Run semi-empirical minimization
 &qmmm
  qm_theory='AM1', scfconv=1.d-10, grms_tol=0.0005, maxcyc=2000,  qmcharge=0,
 /
   8    O1       -6.4520       -0.2610       -1.7020 
   6    C1       -5.5200        0.6210       -2.3140 
   6    C2       -4.3400        0.8550       -1.4100 
   6    C3       -3.1870        0.0700       -1.5240 
   6    C4       -2.0990        0.2740       -0.6710 
   6    C5       -2.1400        1.2650        0.3210 
   6    C6       -0.9880        1.5080        1.2910 
   6    C7       -1.2040        0.8100        2.6540 
   7    N1       -1.2860       -0.6610        2.5750 
   6    C8        0.4070        1.2580        0.6900 
   8    O2        0.9770        2.1450        0.0570 
   7    N2        0.8890       -0.0230        0.8970 
   6    C9        2.0980       -0.5860        0.4490 
   6   C10        2.3530       -1.9120        0.8160 
   6   C11        3.5280       -2.5520        0.4120 
   6   C12        4.4720       -1.8690       -0.3700 
   6   C13        5.6650       -2.4520       -0.8060 
   7    N3        6.5960       -1.8250       -1.5610 
   6   C14        6.3290       -0.5470       -1.9030 
   6   C15        5.1800        0.1300       -1.5280 
   6   C16        4.2270       -0.5350       -0.7470 
   6   C17        3.0380        0.0930       -0.3310 
   6   C18       -3.3080        2.0360        0.4420 
   6   C19       -4.3960        1.8320       -0.4110 
   1    H1       -6.0510       -0.5920       -0.8800 
   1    H2       -5.2020        0.1840       -3.2660 
   1    H3       -6.0280        1.5640       -2.5420 
   1    H4       -3.1240       -0.7040       -2.2870 
   1    H5       -1.2200       -0.3530       -0.8030 
   1    H6       -0.9830        2.5880        1.5080 
   1    H7       -0.3750        1.0640        3.3260 
   1    H8       -2.1230        1.1810        3.1220 
   1    H9       -1.4600       -1.0220        3.5170 
   1   H10       -2.1310       -0.9040        2.0470 
   1   H11        0.2820       -0.6290        1.4560 
   1   H12        1.6390       -2.4660        1.4220 
   1   H13        3.7010       -3.5830        0.7120 
   1   H14        5.9140       -3.4790       -0.5500 
   1   H15        7.0890       -0.0620       -2.5090 
   1   H16        5.0330        1.1590       -1.8420 
   1   H17        2.8660        1.1220       -0.6330 
   1   H18       -3.3790        2.8120        1.2020 
   1   H19       -5.2880        2.4450       -0.2940 

