2.64962607220449529e-04 3.26657233123067847e-05 6.32963312322732839e-04
2.16553609989037659e-04 2.51762714837078412e-04 1.98368404946992072e-04
4.28753816091405316e-04 3.17401890975682968e-04 -8.77688178932458372e-05
2.98865328973435887e-04 4.22308506198478732e-04 1.33205134476415635e-04
4.80327978381302147e-05 5.39908362078429923e-04 -3.22073871555612638e-05
-3.48722238830422601e-05 3.67578822271413905e-04 -3.93011376480016482e-05
-1.93400674142970056e-04 7.12282676687763395e-04 6.39401710791765425e-05
-2.29490829057563052e-04 3.12535590438515749e-04 2.04019907921607768e-04
-6.02015564265708934e-04 1.91078569072086941e-04 4.11377062935187703e-04
-5.27956956058644143e-04 1.82606836495392952e-04 5.66113059699122455e-05
-3.10303036611537370e-04 1.28917441163768324e-05 1.22236499917162259e-04
2.77237897907613932e-04 7.20582061811514234e-05 -1.20741790411220051e-04
5.89194403037259515e-04 -8.96312032017878034e-05 -8.78222822601269066e-05
6.63993208737228766e-04 -5.13592039173374842e-06 -1.68770875155547503e-04
2.08418620095726051e-04 -2.28713872225546580e-04 1.27668681337612792e-04
-3.18587681269081463e-04 -1.20042030215102108e-04 -5.85031687593111100e-05
-5.77071269860553898e-04 -3.08533021248490376e-04 1.04792833967127787e-04
-5.10005112695477848e-04 -3.27491513345197635e-04 -1.61389418919130772e-05
-1.92472039340681940e-05 -3.61181116269687912e-04 -1.97311956812758562e-04
8.00622972254163645e-05 -2.06183901837102772e-04 -5.30437366145039991e-04
-1.87144213179870115e-04 -3.55540897753207170e-04 -4.15199554357688220e-04
1.71925892515696296e-04 -4.00663218058050128e-04 -2.18095658825699363e-04
1.88897344653349010e-04 -3.53936709044740409e-04 -1.99418821610373080e-05
1.55080454103542406e-04 -4.58333319241803949e-04 -5.01122994348818484e-05
2.35426028116357826e-04 -4.16730860805412766e-04 5.54263304156968643e-04
-1.10939919425004948e-03 4.61639045083002452e-04 -9.49303720247552545e-04
1.21406667458829346e-04 -4.10683682006868797e-06 3.71453361287622970e-04
2.05091177469004409e-04 -3.73840499297698319e-05 3.31299317759396555e-04
7.03905096682507273e-05 -2.24466028067486549e-05 4.26352994800819750e-04
2.37687660841950948e-04 1.36850872826175016e-04 -2.26534418632954850e-04
3.06765362581901753e-04 8.28110194280646161e-05 -6.17791904486826143e-05
1.65018053928254750e-04 1.55846325832734801e-04 -4.06186040111784855e-05
1.52016162005105175e-04 1.85033916974703094e-04 -5.41496516038683011e-05
-9.43958925419572737e-05 2.13704367995736205e-04 3.13112484786077987e-05
-2.50034356435274794e-04 9.67742013627404928e-05 1.02862971868499908e-04
-1.71224005871681436e-04 6.19499601372720826e-05 1.41242355337554683e-04
-3.20122060324015364e-04 1.01716268973839353e-05 5.60584882644099057e-05
-1.53769604545881804e-04 -7.72751390940849180e-05 2.88640482904227674e-04
1.48790901920112180e-04 8.30142434651539229e-05 -2.93807413275891849e-04
3.42801569064697003e-04 -1.84421846046145341e-05 -1.03228545567494930e-04
3.26592730613024785e-04 -8.79747612909965055e-05 1.25090246254570538e-04
2.87427496921111448e-04 5.68647903680406580e-05 -2.03144957699196739e-04
3.03612661316109004e-04 3.42362077127536968e-05 -3.05966655003711023e-05
-1.34204268728843802e-04 3.54354785667717844e-05 -2.11400698013382055e-04
-3.45655623753402224e-04 -1.08844452862556513e-04 -2.75816934273608594e-05
-2.93405044182549167e-04 -1.54412427518900718e-04 1.02348278550798899e-04
-2.52373920831686256e-04 -1.15387111568443772e-04 6.59390075617193104e-06
-2.45342342129030899e-04 -2.25452626831889219e-04 1.15592328254512372e-04
-6.50317642508602096e-05 3.13156346288163300e-05 -3.60844727591843250e-04
1.16143429765919279e-04 2.47155015665357847e-05 -2.97280080384933491e-04
4.92374152496136215e-05 -6.97508829534804594e-05 -2.03077743433957320e-04
1.92260329713145762e-04 -1.36079343671369462e-05 -1.50992511470361500e-04
1.25649898159401293e-04 -2.45804374326384308e-04 3.20027971829330243e-04
1.89107155874327440e-05 -2.09418522971354976e-04 3.00872654072559828e-04
1.62990530769354665e-04 -1.88424447727114468e-04 2.69553062646106739e-04
-2.15144736734117247e-04 1.25407103800844263e-04 -3.42052541875022525e-04
