4.60119834855960974e-02 -6.40916903229181711e-02 5.89721662293474225e-02
7.84164573785606223e-03 1.15084811388643793e-02 -4.45681238166555360e-02
5.56691704176870417e-03 3.59063005572881622e-02 2.24260979199732979e-02
-8.53608175416535886e-02 -1.96658820942747781e-02 -7.79547801249487193e-02
9.87554656715583512e-02 -3.97118038824606501e-02 3.73284532331774610e-02
-2.18926945220093705e-02 4.37789724543051761e-02 -1.81769631823627265e-02
3.73901606847075740e-02 -2.12781884545805156e-02 -2.27964155428699439e-02
-1.14167353260709259e-01 -2.89510139397695099e-02 3.39208544854532335e-02
1.25973791855109596e-01 2.72159809906371564e-02 -7.93881341523370310e-02
-1.09672407056120136e-01 -6.46855624273399155e-02 5.66907997967698307e-02
3.21288582102714493e-02 7.26124141325623640e-03 9.93375813870134294e-03
-5.28463371448193442e-02 1.64879984912755795e-02 -5.55813596307106472e-02
1.85068085959308348e-01 9.25001051311980793e-02 -2.05527396407023666e-02
-5.96095813394974527e-02 7.20129087119936173e-04 -1.83618294907796908e-02
2.16489229864782473e-02 1.88947235247702849e-02 3.22936390650054861e-02
-8.43241187544583326e-02 -4.47387453105185795e-02 -3.66868046728807684e-04
1.24453487693632070e-02 4.34205822016870968e-02 -1.01069982828935423e-01
1.06780128600831858e-02 2.70734711533329175e-02 7.32337103670617218e-02
3.09941306045184994e-02 -1.87684967746601927e-02 -7.21294298195569450e-02
-8.50474178073606923e-02 7.40601690134146118e-03 5.58427352809758304e-02
9.79410106906093425e-02 8.15715636901082064e-03 -2.63166348899801505e-03
-3.35965261977004825e-02 1.88951272386228553e-02 -5.33347044415304339e-02
2.10391417526825109e-02 -2.37671480954162462e-02 1.21479432847659830e-02
-2.65136554203655450e-02 4.53249281514107594e-02 7.22679847070395454e-03
2.03383766336520111e-02 -1.80760019710088926e-02 1.43436279349149487e-02
1.83736168148023182e-02 2.38909645519456149e-02 -3.35656238390313888e-03
2.03496596932195573e-04 -4.53983919860134755e-03 -1.16018629196732448e-02
-7.89893451419421133e-02 3.02861997155393636e-02 3.45709167624219660e-04
5.13857702616669076e-02 3.48525621941366825e-02 -3.02476278929328934e-02
-5.78290312642848470e-03 7.15678083857196334e-04 2.18497713838976537e-02
1.71290913540973477e-02 -1.42920039336686122e-02 -1.01657073996243297e-03
-1.03184887753924315e-02 5.68665967807913120e-04 -6.10485831573637228e-04
1.43609045433548133e-02 -6.81011730126801496e-04 4.85985769041987758e-02
-2.22330580052672033e-02 1.15970067369985941e-03 4.68905252841930742e-03
-1.23348233053754974e-03 -1.74758229860233760e-02 4.53575771103915670e-02
-3.94746022298333443e-02 2.29649445354895843e-02 3.50534967850091306e-04
9.74548896656011188e-02 6.06859329015625448e-02 -3.31479025217689127e-02
-1.15817746195476801e-02 -2.61606786572621264e-03 1.12848985884057562e-02
8.35042465611601781e-03 6.86165131990046362e-04 1.70255923497086847e-02
-1.45273358134072161e-01 -1.08968994889338644e-01 6.35570677218600943e-02
5.07810379695827763e-03 6.00953818846350352e-03 -8.43059810221413741e-03
-2.76434987490392636e-03 1.05734249724569462e-02 -2.67382982096115995e-02
2.91728115955631750e-02 -1.90048580843675818e-02 1.85191850256348212e-02
-7.01291437424855779e-03 4.24201621450603916e-03 -1.48140087712715918e-02
8.08606965271270184e-02 -3.27095023194924617e-02 5.05220560199457491e-02
-1.77164027342824326e-02 -3.30378754458748869e-03 1.92348289658981209e-02
-1.23569641789114115e-02 -9.94927601657580318e-03 -4.41119424635729729e-02
-4.28444706168584766e-03 4.92267452814587614e-03 1.15308895067389727e-04
3.81748016617742270e-02 -2.24257866425998653e-02 1.18328993611545030e-02
1.88375992928579983e-02 1.12002956675096854e-02 -2.79280641106138816e-03
-1.99110340025097088e-02 -2.38255824534683303e-03 3.04360781234014333e-02
-5.43758330464627626e-02 -2.21145984913799776e-02 -1.25391975006909906e-02
9.49041857436672132e-03 1.01371739989741839e-02 4.60764670690760880e-03
-2.09445898595095326e-02 -4.85068179426306756e-03 -9.87669426165105335e-03
2.39788901756421424e-03 3.86362646035376400e-03 4.21628994184519712e-03
-1.76866058923385028e-02 -2.24010123546842799e-02 -7.03543191257871570e-04
