-4.62769460928165455e-02 6.40590245996058710e-02 -5.96051295416701529e-02
-8.05819934784510021e-03 -1.17602438537014568e-02 4.43697554117085460e-02
-5.99567085786010916e-03 -3.62237024482638462e-02 -2.23383291020800533e-02
8.50619522126801475e-02 1.92435735880762994e-02 7.78215749904723059e-02
-9.88034984693964835e-02 3.91718955203822217e-02 -3.72962458460218971e-02
2.19275667458924128e-02 -4.41465512765765872e-02 1.82162643200107291e-02
-3.71967600105646071e-02 2.05659057778927526e-02 2.27324753717907668e-02
1.14396844089766817e-01 2.86384783493309932e-02 -3.41248743933748391e-02
-1.25371776290843895e-01 -2.74070595597092417e-02 7.89767570894018417e-02
1.10200364012178781e-01 6.45029555908445268e-02 -5.67474111027397449e-02
-3.18185551736599112e-02 -7.27413315737261354e-03 -1.00559946386185057e-02
5.25690992469117283e-02 -1.65600566974567313e-02 5.57021014211218704e-02
-1.85657280362345606e-01 -9.24104739279962978e-02 2.06405619229624929e-02
5.89455881307602222e-02 -7.14993166728202455e-04 1.85306003659352382e-02
-2.18573416065739740e-02 -1.86660096525447378e-02 -3.24213077463431018e-02
8.46427064357274106e-02 4.48587873407336815e-02 4.25371215488118794e-04
-1.18682774995026528e-02 -4.31120491804386080e-02 1.00965189994968299e-01
-1.01680077473877088e-02 -2.67459796399877187e-02 -7.32175714251698112e-02
-3.09748834005844319e-02 1.91296778909298797e-02 7.23267417763697046e-02
8.49673555101352757e-02 -7.19983299950435838e-03 -5.53122979148307908e-02
-9.77538664774294658e-02 -7.80161547125761325e-03 3.04686304335570306e-03
3.34246003051847859e-02 -1.84944640205648055e-02 5.35528001003561308e-02
-2.12280390973358588e-02 2.41210848044609849e-02 -1.21280014026049453e-02
2.63585749662620036e-02 -4.48665948321689545e-02 -7.17668617126907254e-03
-2.05738026617683679e-02 1.84927328318143062e-02 -1.48978912390719167e-02
-1.72642176205522677e-02 -2.43526035970286180e-02 4.30586610415069175e-03
-3.24903264391024891e-04 4.54394603542141590e-03 1.12304095583856227e-02
7.87842539644731110e-02 -3.02488156656095936e-02 -6.77008485383616214e-04
-5.14561607713351563e-02 -3.48301155913299312e-02 2.98212748981320740e-02
5.54521546558653378e-03 -8.52528956683371378e-04 -2.16232369652646986e-02
-1.74358567166792502e-02 1.42091929142405468e-02 1.07834993041111549e-03
1.01534707214641761e-02 -7.24512293640647894e-04 6.51104435584815727e-04
-1.45129207053599184e-02 4.95977813152098375e-04 -4.85444272525949044e-02
2.23274538978091609e-02 -1.37340504169559561e-03 -4.72036377689791491e-03
1.48351668697282459e-03 1.73790487846606362e-02 -4.54604400822600646e-02
3.96458262357050270e-02 -2.30268944956268547e-02 -4.91777323187646016e-04
-9.71347676052771031e-02 -6.06961045284599293e-02 3.30918440335045000e-02
1.17355442240935619e-02 2.69334300482029776e-03 -1.15735390713099847e-02
-8.49921555803613039e-03 -7.69179375455200285e-04 -1.67317849364327920e-02
1.44930556565007473e-01 1.08987437073943261e-01 -6.34538391762926035e-02
-5.40469652757130225e-03 -5.92156342717250692e-03 8.30550785595956728e-03
2.47692237798281508e-03 -1.06302897628249866e-02 2.69414431673107961e-02
-2.94764242568792828e-02 1.89706218766548286e-02 -1.84885883601344503e-02
7.14711864297740140e-03 -4.27745169307281077e-03 1.50254094692849737e-02
-8.05150409033736220e-02 3.28183467723550185e-02 -5.04944743265183862e-02
1.80098077784649827e-02 3.45819997210638922e-03 -1.93371772444489200e-02
1.26093380997430969e-02 1.00646631281442467e-02 4.41053485628168027e-02
4.52978940381487845e-03 -4.69722190131398668e-03 -2.30901223321902085e-04
-3.81097698975233698e-02 2.23944710079710500e-02 -1.14720546335626596e-02
-1.89537427226239182e-02 -1.12250111690762218e-02 3.09008649144632171e-03
1.98617965872600957e-02 2.45230912830031369e-03 -3.02330003799674771e-02
5.41835727167496173e-02 2.21282064257471156e-02 1.26901900121613523e-02
-9.61606847252612258e-03 -9.89136962464779931e-03 -4.92767467873693899e-03
2.09256791439220990e-02 5.06010031723442243e-03 9.57582160757849271e-03
-2.56087954833356893e-03 -3.67520201262664954e-03 -4.48584300449130381e-03
1.79017506290726214e-02 2.22756052508834360e-02 1.04559573313289409e-03
