3.03942297422592005e-04 -3.52113498686304146e-04 4.13057600870641532e-04
3.62085493228450216e-04 -3.04492850324891538e-05 1.17701792147044550e-04
4.22309852852021154e-04 1.75705161653478376e-04 -1.76567957020022236e-04
4.67073600228476546e-04 1.59735483181784122e-04 -2.80730782030019969e-05
2.65802535992599195e-04 3.46243716037421181e-04 1.08330616027994730e-04
2.07465911773135013e-04 3.03210617347728594e-04 9.54722986201954354e-05
2.57092561646859769e-04 5.90122263708808912e-04 3.58781137427235627e-04
2.59094744816873402e-04 1.59606223646804733e-04 3.09740458962012139e-04
-1.90824811873847801e-04 2.92565222456181624e-04 4.78221035264938025e-04
-3.43125300076398902e-04 3.68726594344086147e-04 3.07627415483010397e-04
-1.69154250962285187e-04 9.41544077196970953e-05 2.44671557623151500e-04
2.34267378653839835e-04 7.70712362907658991e-06 -1.89620068999816078e-04
7.25204874192091347e-04 -2.72636925028503757e-04 -5.46989221437090131e-04
4.34822632489300319e-04 -1.79931491197229466e-04 -4.00043538940048071e-04
1.73363408381196210e-05 -3.03002336357195538e-04 -6.41291331014130382e-05
-2.76736864243866388e-04 1.04803606993102732e-04 6.25336172833051382e-05
-6.15616950658983970e-04 9.54532328908955256e-06 2.72337212589444358e-04
-6.42201412792099994e-04 1.22563983083620544e-05 1.20453214358962445e-04
-2.94789861486500896e-04 -1.81729762274328803e-04 -2.59770524972344663e-04
-2.01205794711895421e-04 1.27385610491714027e-04 -5.54755058267301449e-04
-1.71144094210984418e-04 -3.89159540035248757e-05 -4.25278280974645693e-04
-1.65206011650577384e-04 -2.47616733344336953e-04 -3.82446261316281104e-04
-9.89528629676563837e-05 -3.45817935731598542e-04 -1.96073032173799193e-04
-1.41490661018185151e-04 -4.08263972116920454e-04 -2.11703536447698860e-04
5.98750521045038290e-05 -6.56255206792684224e-04 2.63892183596668034e-04
-7.39094563661929884e-04 1.35456667054261099e-03 -2.54800452639029353e-04
1.65124727858510361e-04 -2.36291220484113163e-04 2.67121979263032310e-04
1.85309018453702038e-04 -2.61898360376720861e-04 1.72064755447448614e-04
1.29155145669747443e-04 -2.46303882267496924e-04 3.19981943484554966e-04
2.13545226400718529e-04 7.20549150683215433e-05 -2.25720673724074089e-04
2.63706133886726845e-04 -6.44802614376925322e-05 -1.79403817850912851e-04
2.23218084654747503e-04 4.41559694666047252e-05 -6.95407455175160358e-05
2.92633006406243417e-04 6.92742317953516247e-06 4.31114561869478711e-05
4.25098426026077590e-05 2.20262236345828338e-04 1.45287881827737262e-04
-1.14229487801213410e-04 1.44046228759449103e-06 3.61380519040054493e-04
-7.08208880145423279e-05 1.42921144817864849e-04 2.61150259551998741e-04
-1.73795164532440920e-04 1.23175724173262208e-04 1.88869997036465037e-04
-9.54788082216367483e-05 -1.21368379228140949e-04 2.76286634053653213e-04
6.51687964683949229e-05 1.51360147163217878e-04 -2.58414512435224621e-04
-1.23297120034112609e-04 -1.79477039516559339e-04 -3.02068819843984539e-05
2.13241309960076378e-04 -2.59953284411448382e-04 -6.67528313542746613e-05
2.18849058602696092e-04 -1.20244459157221721e-05 -2.73417269621153503e-04
2.71629516199130381e-04 -1.80418777335002335e-04 -1.86742522658075045e-04
-7.93243446337918429e-05 2.11762454763306598e-04 -1.22360710993202370e-04
-3.40128158397528634e-04 8.51031516587630370e-05 8.01904924238899022e-05
-2.99077796312739947e-04 -2.78925649033663738e-05 1.80298045755769007e-04
-2.38303761851501304e-04 1.86630396564085423e-05 1.22678968792018159e-04
-2.93751143067313666e-04 -1.08059942175150401e-04 1.50315718990676986e-04
-8.77353020384469598e-05 1.65473214935325661e-04 -2.84014871496869646e-04
6.94449064239655294e-05 1.18573649955979965e-04 -3.14121056988119786e-04
-5.46041697123710563e-05 2.38461183269842261e-05 -2.03675320552779555e-04
-1.67004009138726209e-04 3.55060433271470004e-05 -1.96270319534821389e-04
-2.16725474492168880e-05 -3.93770897618634253e-04 1.26968793506965357e-04
-5.84071127841585705e-05 -3.16179750559672501e-04 1.93100442472401740e-04
6.43949439040165331e-05 -3.53175300021074234e-04 9.28314185010543604e-05
-1.67129739425192643e-04 2.50467088339819061e-04 -3.35677673853581921e-05
