3.60743304177049140e-02 4.91551543446178130e-02 6.66032594047827331e-02
2.27609091742762004e-02 -1.97315602584824390e-02 -6.52618554702226739e-02
-5.91587752690365676e-02 -4.38069110618363178e-02 6.38242746188497634e-02
5.60887677507242444e-02 2.84184194490913200e-02 -1.98585940031510422e-02
-5.48163292074104191e-02 -7.39585713611923268e-02 -4.41817073966679352e-02
5.28048417356554722e-02 5.86150157902274316e-02 2.70936682072866475e-02
-7.33348870884995563e-02 -1.58814911234710365e-02 1.31957433274543234e-02
7.08098879902585576e-02 4.00965948596603283e-02 3.86591370833135883e-02
-1.30132420780086910e-02 -1.56208207080155148e-03 1.00936698069684638e-02
1.85797192908490061e-02 4.19852034238799021e-03 -5.87819832971696599e-02
-7.81903466128788249e-02 7.94297071600746918e-03 -2.75661819356889382e-02
6.46158491135491175e-02 -1.98527538602615294e-02 -3.45027772337136440e-02
-6.62531275827937804e-02 3.86440438940400810e-02 6.86224588169856986e-02
5.65552627302521316e-02 -8.70422775905712598e-02 -1.20910600758445952e-02
-7.32862252121810887e-02 -1.88411289102150548e-02 -3.62128488556101580e-02
6.60390728978770269e-02 4.27398695197682699e-02 6.89947438712078809e-02
-2.14809959637474179e-02 -4.89320289244270512e-02 -7.07257023029939091e-02
6.05868899083681356e-02 6.76935384951882213e-03 6.82928767550217142e-02
-3.97039235888394515e-02 2.50598504064208916e-03 1.45186559067433940e-02
8.41712889916905738e-02 -3.79617794999971281e-02 -4.77397801000361000e-02
-1.49784751177235442e-01 2.43006096704605490e-02 3.77534417392340060e-02
2.19626657723361873e-02 3.39252686333146869e-02 -3.55904036487277864e-02
-1.01999481261758618e-02 -1.62168818245831403e-02 7.00244540318095687e-03
1.70538453494568643e-02 -5.58332254164994879e-03 2.73425550241579718e-02
2.14186807155636316e-03 1.52155127630440035e-02 -5.87480099920227872e-02
4.53625082246311706e-03 -2.96939120121422206e-02 1.97006487875146519e-02
-4.78716870492177371e-02 -3.25992630370123271e-02 -6.16711141345831493e-02
1.33485488534503816e-02 -6.40991419684766583e-03 -2.24450072963339187e-03
-8.01162773540431417e-03 -4.30508230348158882e-03 4.42383748505603691e-03
3.04897772012036050e-04 1.66202547849454429e-02 -3.78082677792224153e-02
-1.80482766126881522e-02 2.24675854728586533e-02 1.09102134306733323e-02
-2.41136957998078216e-03 5.72416726095203998e-04 -1.15307654397245329e-03
-1.40705296170473559e-03 -1.56541811997021885e-02 2.17136676515512494e-02
7.92973405111874197e-03 -1.00698564753027853e-02 -7.14647433133985821e-03
1.57259076120963570e-03 1.38171573651177937e-02 -1.85711899578766548e-02
1.17948374442687909e-02 1.17014283558081189e-03 1.79309435359664704e-03
-2.30059176438510704e-02 -4.98866910295481247e-03 6.94469910719197614e-03
9.96873566522288312e-03 -1.94037624479173054e-02 1.99381451920688235e-02
-1.12299468385009815e-02 1.17301148990778259e-04 3.67248129259412082e-03
4.56179870082160654e-02 1.26539150694284785e-02 -3.49629939371212117e-02
1.71490344360880620e-03 -1.46000133383430430e-02 7.78970597391204223e-03
-9.06864490728342965e-03 2.11448760477488396e-02 -2.48781958563437655e-02
-2.66863866951456696e-02 6.30418851910334865e-02 3.21650108319198047e-02
2.45672936901958350e-03 -8.54006928351047634e-03 -6.51230402083458060e-03
-5.65613069930437362e-03 1.07300258986242625e-02 -4.66089420016374545e-03
6.65072175723468995e-03 -1.16473581906080259e-02 3.21527741276597112e-02
-3.63785903170925629e-02 1.84658485992422738e-02 -3.21151484727499881e-02
2.64333948189898749e-03 2.89391694176677206e-03 6.28643419697083594e-03
-2.34427968014165877e-02 3.28532892558444090e-02 1.69927027451841628e-02
-2.08205655400168776e-02 1.06128666249372117e-03 3.82189043485814395e-03
-3.14704083907707544e-03 2.56608272988495534e-03 5.42752645157928981e-03
1.31411558133546880e-01 -3.13162702521596614e-02 -2.11874915838590194e-02
1.40352490365849292e-02 -1.82997254043226754e-03 4.14191070991494215e-02
1.38940764337824874e-03 -2.43099397532864359e-03 1.02896829328273931e-02
-8.27114639998716150e-03 4.52203278269047715e-03 2.20919995908452904e-04
-8.15773223143745341e-04 5.61507324759791260e-03 6.71893258144362626e-03
