-3.63782727151275090e-02 -4.88030408459315113e-02 -6.70163170056533725e-02
-2.31229946675046497e-02 1.97620095435149280e-02 6.51441536780756336e-02
5.87364654161845468e-02 4.36312059001828373e-02 -6.36477066618297421e-02
-5.65558413509527208e-02 -2.85781549322731039e-02 1.98866670813540453e-02
5.45505266714178191e-02 7.36123276451549069e-02 4.40733767806399390e-02
-5.30123076474286054e-02 -5.89182264075751583e-02 -2.71891405059068413e-02
7.30777945268527018e-02 1.52913688597622281e-02 -1.35545244648815587e-02
-7.10689827350754338e-02 -4.02562010833071304e-02 -3.89688775422755984e-02
1.32040668898825396e-02 1.26951684834536991e-03 -1.05718908422334015e-02
-1.82365939907726086e-02 -4.56724693673207609e-03 5.84743558816866460e-02
7.83595008638411084e-02 -8.03712512372716653e-03 2.73215103780657873e-02
-6.48501164922029583e-02 1.98450467366324546e-02 3.46923973027134583e-02
6.55279227086016935e-02 -3.83714069690115761e-02 -6.80754695955486100e-02
-5.69900853627414300e-02 8.72222090817684897e-02 1.24911036147846433e-02
7.32688888713429742e-02 1.91441312465722505e-02 3.62769779887115729e-02
-6.57623360336331564e-02 -4.28446731267613720e-02 -6.90572774884911922e-02
2.20966129144064029e-02 4.89224836011379616e-02 7.04533650904044656e-02
-5.99446884955760345e-02 -6.78161024782718454e-03 -6.84133299693806818e-02
3.99987134503259553e-02 -2.32425527836776016e-03 -1.42588853817710495e-02
-8.39700831969786843e-02 3.78343938895054147e-02 4.82945351583034047e-02
1.49955895271446427e-01 -2.42616937164570230e-02 -3.73281634582593586e-02
-2.17974597606856099e-02 -3.36776518999703511e-02 3.59728499100440691e-02
1.02989009891435186e-02 1.65626997603147384e-02 -6.80637237100715792e-03
-1.69123546884386786e-02 5.99158651376686946e-03 -2.71308514877102724e-02
-2.20174312366086707e-03 -1.45592575562513184e-02 5.84841178084261198e-02
-3.79715625880118739e-03 2.83393453415996081e-02 -1.94458483348756220e-02
4.77065623213592249e-02 3.28355542574964368e-02 6.14039921553201154e-02
-1.35338578719040835e-02 6.67181255722438648e-03 2.07243597418594336e-03
7.88247258973456648e-03 4.55138618574908553e-03 -4.74381942854059171e-03
-5.18442998412754633e-04 -1.66923097000137646e-02 3.80339884529464906e-02
1.77845704788014251e-02 -2.24031052114209601e-02 -1.07308096128224187e-02
2.18815149532603469e-03 -6.16572695561808689e-04 1.22261728948996938e-03
1.11441995529849218e-03 1.56472537765226516e-02 -2.17567791077381972e-02
-7.97224389372134905e-03 9.84959423895695636e-03 7.00118644951212062e-03
-1.45836127340842224e-03 -1.38185978274053874e-02 1.82098094388365994e-02
-1.17240165562542478e-02 -1.31306398039867669e-03 -2.05424461314864578e-03
2.31797128083835111e-02 4.86549337878155064e-03 -7.13356910422844118e-03
-9.87325685700124640e-03 1.95251308271454475e-02 -2.02144318261224774e-02
1.11647780420325859e-02 -2.68661296153996137e-04 -3.41406678015889614e-03
-4.54946898881819495e-02 -1.24744380299119193e-02 3.49932008191056118e-02
-1.92814475356888255e-03 1.48599666227544908e-02 -7.72295314255776796e-03
8.84979584868073391e-03 -2.11328516018331157e-02 2.51516131259649188e-02
2.64147571789465387e-02 -6.28614664136984830e-02 -3.19782683092617315e-02
-2.37740502438579153e-03 8.32830682874717045e-03 6.63466473182778259e-03
5.99625885770190253e-03 -1.08151290502830257e-02 4.58070370773985564e-03
-6.35164396092195022e-03 1.16752507555113929e-02 -3.23330721734154808e-02
3.66168940789440636e-02 -1.84845116388986826e-02 3.19924695039579682e-02
-2.34958833883167377e-03 -2.78585699959162146e-03 -6.43674991596151266e-03
2.35305321034550360e-02 -3.30187624707797348e-02 -1.67086878736872925e-02
2.07511206335929121e-02 -1.17986031244970112e-03 -3.50776937787002432e-03
3.20164500878944653e-03 -2.58992884821193951e-03 -5.22385113102651066e-03
-1.31244554124408164e-01 3.12807642088325163e-02 2.13837619033938400e-02
-1.40135764891357126e-02 2.22374343805090179e-03 -4.15460758926563881e-02
-1.33100053059409008e-03 2.74717372588831592e-03 -1.04827833752997954e-02
8.20675145608314519e-03 -4.16885748266940248e-03 -3.13751414409507278e-04
9.82902962568938093e-04 -5.86554033593773144e-03 -6.68536481405826791e-03
