2.90530082335169659e-04 -4.75069955866944734e-04 3.30748616502159610e-04
3.44155003912613249e-04 -7.56833034423446565e-05 8.21336473368776182e-05
4.65380753445319149e-04 1.07794915170758801e-04 -1.64317874219615487e-04
4.54094334921987869e-04 1.31201305838181393e-04 2.49284493498386247e-06
3.56757599953902178e-04 3.12753947247805238e-04 2.00821597747774273e-04
2.30259913718636389e-04 2.45969938979698915e-04 1.69681742746167336e-04
3.02414731793132149e-04 4.44740155563416370e-04 4.58427693624664995e-04
1.15160828080371365e-04 1.61344477695027529e-04 3.53586014934783362e-04
-1.86007166016305842e-04 2.15522175603383777e-04 5.22275739133503964e-04
-2.32276440249760784e-04 3.67764693606619213e-04 3.52710532323987735e-04
-1.66694105256650157e-04 1.21220239184533380e-04 1.87139980500519520e-04
2.20995572609908797e-04 4.68884432323612434e-05 -1.99831994990476544e-04
3.48060433268873495e-04 -2.68416102365854399e-04 -4.29313229162745435e-04
4.09193296052515480e-04 -1.75803736353969238e-04 -4.18680816263807193e-04
2.28888664390087882e-05 -2.57679165543427352e-04 -7.74862094777887628e-05
-2.69733482752078412e-04 1.19142461882459138e-04 8.57163687029647629e-06
-6.02441398093064373e-04 9.97829318190561075e-05 1.91608545587241793e-04
-5.23226639827232870e-04 1.00709564704826629e-04 1.55466631514543586e-04
-2.74303501509628198e-04 -1.21130706829609505e-04 -2.17673643246497531e-04
-1.54856482785464583e-04 1.04794172580236180e-04 -5.42930965552800428e-04
-1.68794451245346343e-04 -3.91782525813152958e-05 -3.99834657824759407e-04
-2.27063498020997872e-04 -3.20481868719228724e-04 -3.71504534936978271e-04
-1.41192782199380922e-04 -3.27498427429420702e-04 -1.56849257511993935e-04
-1.96637634980315258e-04 -3.84348315290029504e-04 -1.54605838213147425e-04
-4.20890112047282629e-05 -6.61309903337702824e-04 2.03839975866131892e-04
-5.39437980782714625e-04 1.45392744094661281e-03 -1.14781414943574005e-04
1.21165297113146948e-04 -3.00913235074608525e-04 2.11458516596918001e-04
1.66459721800823091e-04 -3.10981674959721953e-04 1.00465914680833158e-04
1.10888531750010072e-04 -3.15379283200459032e-04 2.62730443940455496e-04
2.16864729010447430e-04 1.46371034704300806e-04 -2.52303515311204623e-04
2.69891023822686630e-04 -3.19300806131700098e-05 -1.93456420982318557e-04
2.31780370807513662e-04 3.12285653176099439e-05 -5.76863112213449900e-05
2.87861771513519941e-04 -6.11922854718677088e-05 4.74056502172805146e-05
5.30866808750626970e-05 1.72170698376938094e-04 1.89123652758437172e-04
-1.29697309493350939e-04 -3.22438200162394233e-05 3.47227431244642129e-04
-7.98800599789314632e-05 1.00953474005311531e-04 2.73876941307470546e-04
-1.82297460021150668e-04 1.21102064482886485e-04 2.22352212484072480e-04
-1.18695028556317983e-04 -1.46937666945211873e-04 2.48606175771218826e-04
9.27930492399827551e-05 1.87226789985926853e-04 -2.48777842831729098e-04
1.90488278025979785e-04 -1.09538116423307715e-04 -2.68820538960002947e-04
1.91404460031467210e-04 -2.70689182849577286e-04 -9.60325992987959916e-05
1.99124573472164951e-04 3.79794813754935672e-05 -2.99303849464257186e-04
2.51160747977231965e-04 -1.49690090300461456e-04 -2.08484487871371006e-04
-7.24679938843400312e-05 2.26209635334962295e-04 -1.37676906736452782e-04
-3.24580875814964916e-04 1.15213714667058845e-04 6.09726976340604294e-05
-3.04968487945809217e-04 -9.45224261160563236e-06 2.01458716704754661e-04
-2.97067711665215182e-04 1.37082162886356191e-04 3.53351548971287129e-05
-3.15077276263141031e-04 -4.49223989321604597e-05 1.44163363844643482e-04
-7.16057723984540645e-05 2.19794566084637055e-04 -2.67634649980297821e-04
7.97206412046052562e-05 8.57681351046308887e-05 -3.02403869184814209e-04
-4.45409511422616012e-05 1.39791766820447943e-05 -2.05431152297290263e-04
-1.59839298063135262e-04 4.69320866794021175e-05 -1.92744653229540023e-04
-3.64711347207225575e-05 -3.93742252130859904e-04 1.43293267862320471e-04
-8.55004522465926237e-05 -3.10856023688723543e-04 1.82630229856192570e-04
3.29032181362971926e-05 -3.55938494885778820e-04 8.52951927976085961e-05
-1.08040124194321645e-04 2.75438136121063885e-04 2.66647149193069040e-06
