1.59284746373877795e-03 -8.42465621163057676e-03 4.75426209956175683e-03
-1.10286496116618338e-03 -3.50820107089866440e-04 2.92444738993069553e-03
1.47916304650053121e-03 2.00055016330658031e-03 -1.17237944428083551e-02
5.59818199395145655e-03 -5.90611218575398667e-03 3.61250204484897530e-03
-1.77852287810695842e-02 -1.51961958098003613e-02 -1.10859040810500353e-02
2.49442905162524653e-02 2.65860028674840265e-02 1.82509356839339887e-02
-5.54122308350590842e-03 -3.90955085380184642e-03 6.69307142544539602e-05
5.92616927803657489e-03 5.77497524302916787e-03 1.52364808482019498e-04
1.72272425873476465e-04 -1.95775831090339025e-03 8.68694677527948045e-03
-7.44347753165008896e-03 -1.00274164839455615e-02 8.08876374058176140e-03
3.98525995537024613e-04 -9.86627494527025917e-03 7.02015231195307621e-03
-7.44149112387404443e-04 1.19412243675478535e-02 -4.59694500426888197e-03
1.02841363039605227e-02 -6.66989841115483983e-03 2.14294048176011387e-03
2.07026883419558771e-04 -1.34815071268334918e-03 -1.13859329852665780e-02
3.26608650863957628e-03 1.39429673147439814e-03 6.41044620053765613e-04
5.26422880993848707e-03 8.00185602322844858e-03 -7.61744072735415223e-03
-5.22731313480129245e-03 5.76501990143407639e-03 1.26558502896161329e-02
-1.37717942287611805e-02 -1.05649175885624835e-03 -4.93469714272176674e-03
5.12312564761252531e-03 1.06500015660725977e-02 2.41815097526343337e-03
7.69697399566790508e-03 1.20243910528676778e-02 -2.36130840615444981e-03
-7.98165300118380827e-03 4.30440941156140511e-03 -9.01984173386161103e-03
1.66301113981504045e-03 2.37468382541923262e-02 -1.19020471115129922e-02
-1.70956599504226148e-02 -3.61265334492877344e-02 -1.62765488179363871e-02
4.71268970049099067e-03 -2.56724520028193126e-02 2.47643772424588349e-02
-2.99477069571751908e-03 -7.54744200405710330e-03 4.74867024084701939e-03
1.43994429401894664e-02 1.13876045584362373e-02 -9.07911022355722963e-03
-2.02024776116283000e-03 1.32694672468725017e-03 -3.73031869121565052e-03
-1.70656910763611336e-03 3.59573164221815844e-03 1.42769970500872256e-03
2.76738667345144407e-03 2.60813658351954913e-03 -2.45402373365566362e-03
1.20757714048624898e-04 -2.93019033887764735e-03 2.81402707046174427e-03
-1.31261773787372249e-03 1.90065116615123486e-03 4.09797806788003705e-03
-4.00422369255837296e-03 -8.33807686805521087e-04 1.22075767532314750e-03
-2.83104506793208088e-03 1.73939823332203147e-03 -2.60431726342913450e-03
1.85071034176359506e-03 -4.35983569175268926e-03 -4.17240161737053583e-03
-1.00051487263996819e-05 2.90501161746781200e-03 -2.68312916627255760e-03
1.06642072063978244e-03 -2.35916815452719142e-03 -2.96078251564191319e-03
3.49876035731977453e-03 -2.11759902075830952e-03 -1.01822984175381492e-03
-1.18427042127389193e-03 3.57629772149703484e-03 -2.42906076212134892e-03
-1.12765208878307099e-03 -2.15619514064524509e-03 2.64153894273100320e-03
-3.20848261163364512e-03 4.11099997668196160e-04 1.79967885607412725e-03
-2.46881117193997746e-03 3.42485102209399983e-03 -1.82240773562514224e-03
-5.34969733611667664e-04 -1.62416185436509153e-03 3.25822841584688661e-03
-1.25722004890427286e-03 2.87686805358866593e-03 3.16379367703412129e-03
-1.81610417820410319e-03 -2.34876130927252902e-03 2.42787718925563389e-03
2.20028435588837112e-03 -3.23794708039892853e-03 -1.88874796143001511e-03
1.25986464263672104e-03 9.43916710011150073e-04 -4.35479859488996368e-03
3.46154596664938197e-03 -1.43540712220846522e-03 1.40269767416889568e-03
4.76133795172994922e-03 2.42807210638895654e-03 -1.24054877350632253e-03
-1.02602893419101449e-03 -5.00907528551497450e-03 9.20834910949963614e-04
-3.56445221442958093e-03 -1.71822842418067889e-04 2.37318269902697665e-03
1.01867311473342881e-03 3.52684503821337758e-04 5.35500750741935150e-03
4.30836686633018218e-03 3.06617657398922105e-04 8.83700284134203429e-04
-2.82827117527850724e-03 1.44258198165125862e-03 -3.48229383776788026e-03
2.51177388025869419e-03 2.08747881907189736e-03 -3.24727326790386073e-03
-7.79348769376908557e-04 4.30820139778109734e-03 5.34117030309588792e-04
-1.02100828909650332e-02 2.57972572040188197e-03 2.87945640198838948e-03
