-1.88337754607394766e-03 8.89972616749752123e-03 -5.08501071606391655e-03
7.58709957253570128e-04 4.26503410532211096e-04 -3.00658103726757307e-03
-1.94454379994585041e-03 -2.10834507847733896e-03 1.18881123170279709e-02
-6.05227632887344463e-03 5.77491087991580544e-03 -3.61499488978395903e-03
1.74284711811156824e-02 1.48834418625525561e-02 1.08850824833022618e-02
-2.51745504299711008e-02 -2.68319728064637247e-02 -1.84206174266801567e-02
5.23880835171277627e-03 3.46481069823843021e-03 -5.25358407879119010e-04
-6.04133010611694610e-03 -5.93631972072419540e-03 -5.05950823416802861e-04
1.37347401428293775e-05 1.74223613530000653e-03 -9.20922251441298398e-03
7.67575397189985010e-03 9.65965179033894186e-03 -8.44147427290574924e-03
-2.31831890280374456e-04 9.74505470608572587e-03 -7.20729229245359575e-03
5.23153539777495647e-04 -1.19881128107802142e-02 4.79677699925935841e-03
-1.06321967372293956e-02 6.93831451352069396e-03 -1.71362725259736849e-03
-6.16220179472074252e-04 1.52395444903731850e-03 1.18046138015303857e-02
-3.28897537507858492e-03 -1.13661756593097085e-03 -5.63558410575976890e-04
-4.99449532718640888e-03 -8.12099848511090711e-03 7.60886909048385553e-03
5.82975453289435661e-03 -5.86480283325313285e-03 -1.28474588352033743e-02
1.42950208685884133e-02 9.55782194151421683e-04 4.77923051120722302e-03
-4.84882214610289717e-03 -1.05288708592429885e-02 -2.20047733201693581e-03
-7.54211751288244060e-03 -1.21291852254479145e-02 2.90423937170725035e-03
8.15044745242915480e-03 -4.26523115898008991e-03 9.41967639168637093e-03
-1.43594764179404252e-03 -2.34263563854730968e-02 1.22735516464499705e-02
1.72368527326219947e-02 3.64540318767171551e-02 1.64333980754483820e-02
-4.51605206551067544e-03 2.60568003181093424e-02 -2.46097714042456880e-02
3.03685970692224756e-03 8.20875190739480537e-03 -4.95251021671315114e-03
-1.38600049594067524e-02 -1.28415319993828506e-02 9.19389163850080349e-03
1.89908246404968308e-03 -1.02603348961264164e-03 3.51886017461873262e-03
1.54010938583529038e-03 -3.28474996725843654e-03 -1.52816561968955569e-03
-2.87827520520145394e-03 -2.29275730031909021e-03 2.19129328971520796e-03
-3.37622443059072328e-04 2.78381930417334654e-03 -2.56172355515053981e-03
1.04272671405103586e-03 -1.86872108553806475e-03 -3.90452164689771833e-03
3.77244332175085935e-03 8.02579121487911190e-04 -1.16307136410180242e-03
2.54318329641856078e-03 -1.67820594785016370e-03 2.55691161321185394e-03
-1.90379702263865770e-03 4.18766499337575124e-03 3.98327796461209888e-03
1.39702458219750621e-04 -2.87276779745157269e-03 2.33590173502791531e-03
-9.86540660660851056e-04 2.25821468052187987e-03 2.68690557433444270e-03
-3.31646289729862391e-03 1.99649695627542294e-03 7.95877629269742390e-04
1.30296544983020987e-03 -3.42936005455182292e-03 2.18045458635012998e-03
1.03485903954308816e-03 1.96896835065931818e-03 -2.39276109989927394e-03
3.01799433360766534e-03 -3.01561881244888472e-04 -1.53085831711412441e-03
2.27740671190851006e-03 -3.15416183924442260e-03 1.91844033492393818e-03
3.35845160139502713e-04 1.58618237298959797e-03 -2.95892456638262953e-03
1.00605930092704078e-03 -2.72717796328820431e-03 -2.95530918916275028e-03
1.88857217208844314e-03 2.12255167393756664e-03 -2.29020028251918127e-03
-1.87570348007340621e-03 3.12273336573186963e-03 1.82777526379595471e-03
-9.54896154690911773e-04 -9.34464467399544392e-04 4.15333987818520926e-03
-3.16447825498416668e-03 1.29832495932210895e-03 -1.43803282906602450e-03
-4.44626067546680798e-03 -2.38314970745679604e-03 1.09638540966167900e-03
1.09763470658946847e-03 4.78928071943033728e-03 -6.53200260969665847e-04
3.48473157322497576e-03 8.60547073134370006e-05 -2.07077882984216255e-03
-9.74132163591167255e-04 -3.66663680503382576e-04 -5.14957635512206142e-03
-4.14852756826704708e-03 -3.53549744078324223e-04 -6.90955630904663406e-04
2.86474230999922983e-03 -1.04883972952039871e-03 3.33900056990555976e-03
-2.42627342801210151e-03 -1.77662279538317387e-03 3.06464303804766802e-03
7.46445551240611412e-04 -3.95226290289531820e-03 -6.19412223107197388e-04
1.03181230151593549e-02 -2.85516385652294586e-03 -2.88212287348032017e-03
