4.31100234098238965e-04 -3.16497484969527646e-04 3.33387865469160841e-04
3.65240906173290830e-04 -1.37075922040646726e-05 1.32594351676911399e-04
4.87811958113539945e-04 1.73850103885868655e-04 -2.71090418452610326e-04
4.48526467262694393e-04 2.72093045622961733e-04 -1.06552575327243846e-04
3.09804694362891570e-04 4.16771283729563740e-04 1.74827646746009488e-04
1.79267343316990034e-04 3.40259308652546483e-04 1.11940289467864747e-04
2.34657801955643860e-04 5.80090351686762080e-04 4.95939528761735931e-04
2.36204326938291080e-05 1.57529468842161331e-04 2.57850470145253518e-04
-2.22102714712338393e-04 9.67146955237615597e-05 5.98842649276057110e-04
-2.04330753323917749e-04 3.58606710911676724e-04 3.81910999289327671e-04
-2.19675236354734382e-04 1.48739877703166277e-04 2.55394544836906915e-04
1.93420436467427306e-04 -4.59697414244720625e-05 -7.84714909798846526e-05
4.00251903048039030e-04 -5.24364998631841319e-04 -2.02707031563931125e-04
4.50918596691508183e-04 -3.82682499492941928e-04 -2.33626937565648886e-04
-1.52999059819261689e-05 -3.34003255291418031e-04 1.88564304000522176e-05
-3.06225232427695122e-04 1.49758949620276265e-04 -1.03725186003610816e-05
-6.57106251255431032e-04 1.59313366304804425e-04 1.05968799082245427e-04
-5.66478959439940181e-04 8.71218173263547301e-05 7.46726091486272299e-05
-2.72399595486026366e-04 -1.72826084587597779e-04 -2.79786686508141100e-04
-8.52852101202974033e-05 3.85611466450657862e-05 -5.85411406830555663e-04
-1.06963244559867853e-04 -7.60124176304026217e-05 -4.42144613878389257e-04
-1.48509618086267156e-04 -3.06021664693544308e-04 -3.89376543032355390e-04
-9.90104872713941077e-05 -3.47813765961986314e-04 -1.73729174647652368e-04
-1.82641038432112949e-04 -4.08961413479623211e-04 -1.91843396509665270e-04
-1.19646089384099581e-04 -6.10557682714439739e-04 3.47274901308014181e-04
-6.34477447719265786e-04 1.32030479605720367e-03 -4.11430512707590857e-04
2.55007458638331652e-04 -2.05825508222399497e-04 1.97372746600537545e-04
2.58391505585924214e-04 -2.34563153770477576e-04 8.81403092681849341e-05
2.13961635775285154e-04 -2.29334580087908572e-04 2.65466494726053265e-04
1.74299730122769121e-04 1.37801270319364038e-04 -3.25520510757696649e-04
2.59983035157022998e-04 1.67926720684500566e-05 -2.50427411693285263e-04
1.96136881716384468e-04 1.10234268760994568e-04 -1.14710767757065217e-04
2.97563512209478753e-04 5.96062190879072652e-05 -2.63517046024705726e-05
3.89941829499529163e-05 1.97523538394077380e-04 2.16343386356156918e-04
-7.12586642042723265e-05 -6.66493914765005000e-05 3.78663631396791733e-04
-1.12459591804536950e-04 3.41818695838621355e-05 3.37170563290928305e-04
-2.20841385156074672e-04 1.69985413458139870e-04 2.12358618682569668e-04
-1.33464897996966332e-04 -1.21677747713408544e-04 3.03088019885692887e-04
9.63180239661312799e-05 8.63983730854992707e-05 -2.62429065551675366e-04
2.16038348283207688e-04 -2.41424194478202325e-04 -1.48187072544344592e-04
1.90434568270026806e-04 -3.25014252994406988e-04 4.22661728453570642e-05
2.57957727558415977e-04 -9.19043654843291005e-05 -2.55320491230059358e-04
2.59795069087407672e-04 -2.41805043036931759e-04 -9.80576864970005219e-05
-7.24328912324520287e-05 2.14372441340747124e-04 -1.65733636154050329e-04
-3.34216689406127644e-04 1.69526110896481725e-04 7.81528256742713788e-06
-3.41022908528836055e-04 4.52183077982631817e-05 1.54672844105208622e-04
-3.20469441429818464e-04 1.10187895426448640e-04 -1.08892173238907984e-05
-3.35158003754802356e-04 -4.94885964626776002e-05 9.94807221322292339e-05
-3.63296073502714114e-05 1.98251189918224386e-04 -3.02372761272742786e-04
1.20586377342294618e-04 6.57749352928687178e-05 -3.16963788746994714e-04
-8.56261503578890657e-06 1.70385979558228122e-06 -2.15166886770992797e-04
-1.24760003936286184e-04 2.56331104396845107e-05 -2.23008211576433175e-04
-3.89684959863805780e-05 -3.47581136225057620e-04 2.23739082812887116e-04
-1.45853284361510265e-04 -2.59783806182227505e-04 2.36177473511319088e-04
-1.74339897355984339e-05 -3.36904977565841818e-04 1.61650390445077310e-04
-2.06704576371689625e-04 3.48468956603460451e-04 -1.22184305151856211e-04
