-4.25878683742553221e-04 2.87889154914289236e-04 -3.93252287801182376e-04
9.62633962133807586e-05 -1.11096630653051420e-03 -1.61332471600128535e-03
-4.62994487509860164e-04 -9.66291047206357945e-05 5.66687410685773330e-05
-4.40223917824056343e-04 -4.21163390580403529e-04 1.75850270271560305e-04
-3.65053326545350387e-04 -3.62837411836736123e-04 -1.48763996978162893e-04
-1.75355866176118980e-04 -3.80818569560403830e-04 -1.08105621441367816e-04
-7.46331317000858974e-05 -5.67851809279318331e-04 -4.37677384953261139e-04
-1.08549007380429607e-02 3.59650716972508278e-02 1.79805220193500759e-02
1.68230881508271146e-02 -6.12307341746900491e-02 -3.43528878772332291e-02
-1.77890182415314513e-02 5.39490787882312972e-02 3.22475448316534852e-02
-5.90747949595460398e-04 -4.09659580040688809e-04 -1.58274106500755352e-03
1.87871406197359647e-04 1.52208547553334128e-03 2.29312981081863931e-03
-2.75313152343414913e-04 4.49322012984865182e-04 9.53208072385081095e-06
-4.27138669352622458e-04 4.19181091871223543e-04 3.21318687467098130e-04
-2.66655976872698375e-05 2.72032949423461901e-04 -1.22577464452711116e-04
3.76310711976302059e-04 -1.71417209310131824e-04 -1.06316047570054195e-05
6.27031127535815358e-04 -2.68685941928303862e-04 -9.87781901296003184e-05
5.94554913444511612e-04 -2.63085884389391289e-05 -1.24575671510640529e-04
3.10234889553839821e-04 1.20784648675709150e-04 2.68506730254358672e-04
1.16511512983974441e-04 -6.82681485564273771e-07 6.02023146141661414e-04
1.17208783722233534e-04 6.64353456780730767e-05 4.29986849409758065e-04
1.38800200585542655e-04 2.76003081448372711e-04 3.69118473670049241e-04
1.15602401664638421e-04 3.71339759915656487e-04 1.69028174433094591e-04
1.44186652086375489e-04 4.58030062894465573e-04 1.74366143072202107e-04
1.29158200769641240e-04 6.34340059562532588e-04 -3.24222594970891009e-04
9.34052249632522091e-03 -3.02749030197695390e-02 -1.72309148352383090e-02
-3.00802152032098036e-04 2.19352823778662387e-04 -1.25299714254900607e-04
-2.21454084650130056e-04 2.74203005081297135e-04 -1.01327553182761765e-04
-2.20739487012400204e-04 1.63627235383323466e-04 -2.96176189620744879e-04
-1.91971299435766962e-04 -1.39586876028108264e-04 3.30183636466419017e-04
-2.64147574487338943e-04 -4.34552428536516544e-05 2.83265220135220375e-04
-2.29222364758197017e-04 -7.64080029764802049e-05 9.83230589590711190e-05
-2.76611479991917264e-04 -3.37999727442195308e-05 -3.52524450544233758e-05
1.85097695604152790e-06 -2.14169066201641556e-04 -1.96332917136832208e-04
4.98987384127708156e-04 1.19628120319514863e-04 -2.47472004693882752e-04
-6.15183359196191937e-04 6.40555399478048848e-04 -8.55778415283836580e-04
1.15720956117915108e-03 -7.05133035903138250e-05 1.91748798839874723e-03
-6.38274912956315887e-06 -7.41618945625521775e-05 -5.04789668780425416e-04
-4.45332456886493588e-05 -1.39517713029113644e-04 2.09398554712691976e-04
-2.13819877202148234e-04 3.05040590822480695e-04 1.44666575750962423e-04
-1.58487424064546190e-04 3.18301193249492798e-04 -4.77444040385410773e-05
-2.39446918467667302e-04 9.76058622593201086e-05 2.44506723976467555e-04
-2.73484478005459053e-04 2.41086070108753603e-04 9.26229395448174841e-05
8.50818306977613181e-05 -1.82658367331889337e-04 1.88229648330651145e-04
4.01043460052541434e-04 -1.60696996979847739e-04 -8.63758294256111725e-05
2.81391830857291581e-04 2.27275871173826527e-05 -1.50812854442072819e-04
2.32829163700376540e-04 -1.72769830006691549e-04 5.22665756270690451e-05
4.23223249228943388e-04 1.37566331952498899e-05 -4.54717145421668079e-05
1.34550060639782032e-05 -1.99703520071814467e-04 3.02762253423072281e-04
-1.14435114529243265e-04 -4.40858372088570594e-05 3.21883199764450012e-04
-1.69230614466275853e-07 2.76439005381101666e-07 2.15050652597525982e-04
1.23262523084921582e-04 -1.90523692662480926e-05 2.32097518071183728e-04
6.92128141098757865e-05 3.16510569137617992e-04 -2.58400225538135686e-04
1.62949985971216904e-04 2.87193452766620894e-04 -1.98511508127996450e-04
-2.30416508890662897e-05 3.31959478145460452e-04 -1.74422707658994369e-04
2.74628927784782706e-03 -1.26326570446932962e-03 1.10776348501429034e-04
