-5.22155035568574403e-06 2.86083300552384106e-05 5.98644223320215357e-05
-4.61504302386671588e-04 1.12467389873457881e-03 1.48073036432437403e-03
-2.48174706036797805e-05 -7.72209991652328604e-05 2.14421677384032993e-04
-8.30254943863804927e-06 1.49070344957441796e-04 -6.92976949443164592e-05
5.52486321824588174e-05 -5.39338718928276169e-05 -2.60636497678465946e-05
-3.91147714087105420e-06 4.05592609078573468e-05 -3.83466802649693025e-06
-1.60024670255557962e-04 -1.22385424074437487e-05 -5.82621438084747912e-05
1.08312803053491318e-02 -3.61226011660929908e-02 -1.82383724894953289e-02
-1.66009854361147749e-02 6.11340194791662878e-02 3.37540452279571704e-02
1.79933489948553675e-02 -5.43076854991429714e-02 -3.26294558309428162e-02
8.10423185950194806e-04 2.60919702337522532e-04 1.32734652017064665e-03
-3.81291842664786980e-04 -1.47611573410886925e-03 -2.21465831983875486e-03
-1.24938750704624117e-04 7.50429856469761371e-05 1.93174950840080314e-04
-2.37799273388857252e-05 -3.64985923782816155e-05 -8.76917499014492441e-05
4.19655036691960064e-05 6.19703058679561304e-05 1.03721034052658891e-04
-7.00854795486069372e-05 2.16582596898555588e-05 2.10041233573665011e-05
3.00751237196156740e-05 1.09372575623499437e-04 -7.19060895264510844e-06
-2.80759540045714311e-05 -6.08132288874156012e-05 4.99030623620132989e-05
-3.78352940678134547e-05 5.20414359118886289e-05 1.12799562537824281e-05
-3.12263028636770379e-05 -3.78784651595015124e-05 -1.66117393111057509e-05
-1.02455391623656810e-05 9.57707195232954502e-06 1.21577644686311922e-05
9.70941750072450128e-06 3.00185832451715972e-05 2.02580693623061496e-05
-1.65919143932443134e-05 -2.35259939536701726e-05 4.70100021455777681e-06
3.84543863457374605e-05 -4.90686494148423621e-05 1.74772534374631635e-05
-9.51211138554165900e-06 -2.37823768480928486e-05 -2.30523063371231712e-05
-8.70604504860595513e-03 2.89545982237123349e-02 1.76423453479459015e-02
4.57946933937663841e-05 -1.35273155562628904e-05 -7.20730323456369375e-05
-3.69374209357941578e-05 -3.96398513108195589e-05 1.31872439145768307e-05
6.77785123711504992e-06 6.57073447045851064e-05 3.07096948946916138e-05
1.76715693129978412e-05 1.78560570874422629e-06 -4.66312570872236829e-06
4.16453933031594482e-06 2.66625707852015978e-05 -3.28378084419351114e-05
3.30854830418125486e-05 -3.38262657845143629e-05 1.63877087979940976e-05
-2.09520322175614894e-05 -2.58062463436877344e-05 6.16041496568939484e-05
-4.08451599059944442e-05 1.66455278075641755e-05 -2.00104692193247104e-05
-4.27728719923435802e-04 -5.29787288430143635e-05 -1.31191626702908981e-04
7.27642951000728928e-04 -6.74737269061911004e-04 5.18607851992908221e-04
-9.36368176023076463e-04 -9.94721098678260447e-05 -2.12984660708131698e-03
1.39847647126529491e-04 1.95839642275960721e-04 2.01701648894732528e-04
-5.17847782774819211e-05 5.31193399436143728e-05 5.30305108389833905e-05
-2.21847108105945371e-06 -6.36163963442783697e-05 3.52049679338216868e-06
-3.19471442054806163e-05 6.71305974491419061e-06 5.47823119318401313e-06
-1.85108090907486742e-05 -5.70149677499100812e-06 1.08137672535918027e-05
1.36894089180513811e-05 7.18972928178155876e-07 5.43474695218303778e-06
-1.26489394653092895e-05 -3.17140740088577868e-05 -2.24960121766008153e-05
-6.68267706464137899e-05 -8.82911391663398549e-06 7.85605468581840414e-05
5.96310776715444743e-05 -6.79458949156458344e-05 -3.85998966313580287e-06
8.76402777294419235e-05 6.25819345802429097e-05 -4.13773583031782450e-05
-8.80652454741410323e-05 3.57319632674277102e-05 -5.40090075900624260e-05
2.28746012862932082e-05 1.45233015359008048e-06 -3.89492150329494909e-07
-6.15126281305135346e-06 -2.16890980840116584e-05 -4.91941101745529833e-06
8.73184565025518242e-06 -1.98029880096338288e-06 1.16234173466815130e-07
1.49748085136460168e-06 -6.58074117343641817e-06 -9.08930649475055293e-06
-3.02443181234952085e-05 3.10705670874396279e-05 3.46611427252485702e-05
-1.70967016097066393e-05 -2.74096465843933889e-05 -3.76659653833226384e-05
4.04756406246647201e-05 4.94549942038136677e-06 1.27723172139170590e-05
-2.53958470147613727e-03 9.14796747865869115e-04 1.14079566504271773e-05
