2.82186695314759787e-04 5.53827419082390462e-05 5.99528305707317530e-04
2.61385592373662647e-04 2.32281505436005204e-04 2.05609972906064213e-04
3.97137696288271495e-04 3.30459705911164119e-04 -1.39038352957926794e-04
2.71673316257623712e-04 4.21089608212221885e-04 -6.20664183044399535e-05
5.61461376386335575e-06 5.30507478602150690e-04 -1.84890059935422395e-05
-4.64886716860471883e-05 3.78323605808344695e-04 -2.75584704180255572e-05
-2.41735834300924816e-04 7.15899076382366453e-04 1.17794644507493142e-04
-1.72386419240281284e-04 2.91490556554009140e-04 2.09737202881347045e-04
-5.14239609709269936e-04 1.79223862166584899e-04 3.04517339912582373e-04
-5.37990424354398752e-04 1.94032614942750165e-04 6.57489633843663082e-05
-3.08343741039647165e-04 1.28805214107831346e-05 1.20080471598458272e-04
2.56521811822763642e-04 8.44031119434196877e-05 -7.04416679545918776e-05
6.21003161307577176e-04 -1.19308264690531473e-04 -2.62221577507419675e-05
6.14139051189692008e-04 -1.49854460618171096e-05 -9.81431079405697569e-05
1.89921036617336347e-04 -2.20724519663691903e-04 1.30468349250852046e-04
-2.86339353828754311e-04 -1.23925725276747883e-04 -4.71623213573183601e-05
-5.95080927609548745e-04 -2.93510998140020642e-04 4.69907926896933608e-05
-4.99970329913456335e-04 -2.78647565929382598e-04 -4.18222940959307364e-06
-1.98329945431129568e-05 -3.68535160367024369e-04 -2.03426174802648851e-04
9.19033833393585514e-05 -1.89949150417238581e-04 -5.46113900931598185e-04
8.36482873822383231e-05 -2.49477487071237086e-04 -3.70744143738935359e-04
1.65518882571273900e-04 -4.16039041806702298e-04 -2.31841409795533490e-04
1.67216837511309795e-04 -3.67802615822328000e-04 -1.78245620890219818e-05
1.50062852361365178e-04 -4.59035496787796229e-04 -1.33314976838713702e-05
1.94243147024822469e-04 -4.16283834696007339e-04 5.44029769341422076e-04
-1.12164188058724423e-03 4.83073510957363755e-04 -1.00038509499955370e-03
1.45715890659168064e-04 4.44622429519733202e-06 3.61758668997485394e-04
2.22722970058480225e-04 -2.67095035796115478e-05 2.90584154870220091e-04
1.05302689608260553e-04 -2.89542815241690528e-06 4.12104160265864866e-04
2.33156963962622685e-04 1.38141804318867657e-04 -2.63677655294742598e-04
3.10263125528611506e-04 8.83640305664920827e-05 -1.03385335787163307e-04
1.71386949081029657e-04 1.57829341936079965e-04 -5.94488410809982688e-05
2.13458069921880408e-04 2.02814396876582867e-04 7.75650325122031824e-05
-1.39788142980026484e-04 2.34746542747281558e-04 5.28431252649967756e-05
-2.30577486367602752e-04 1.65078602775222769e-05 3.00093967916099621e-04
-2.53894701916771619e-04 1.02196247117728158e-04 1.72558790303912655e-04
-3.15679522398061682e-04 3.02956788361394616e-05 7.52799279970751349e-05
-1.39504953068260039e-04 -9.04247628428309368e-05 2.96123627565351110e-04
1.22792824117937967e-04 7.26838440829856718e-05 -2.68645861020922936e-04
3.36325955517221447e-04 -5.01966789646017571e-05 -7.34190027338431909e-05
3.09803107698603170e-04 -8.90664178581929025e-05 1.51957092041013248e-04
3.00545739542874358e-04 5.00173453106352077e-05 -2.08090865629698694e-04
3.64831848725082107e-04 -1.28851555886983695e-05 -1.09661342889294617e-05
-1.18859763170387015e-04 4.27421441402517144e-05 -2.27984347512993674e-04
-3.40523255793530257e-04 -1.14947326497558762e-04 -4.31815407211376637e-05
-3.06808448578852388e-04 -1.56927391658437680e-04 1.36015536474586723e-04
-3.03823310581781045e-04 -1.15072519915118470e-04 -8.67958735400141661e-05
-2.67767524972507874e-04 -2.19474286397304953e-04 8.59201723724326428e-05
-4.18224463013963595e-05 4.08181520001315581e-05 -3.60766896152749171e-04
1.53509832873902519e-04 3.48999589762951349e-05 -2.94477097728270863e-04
4.95795298751123482e-05 -6.98885636715585449e-05 -1.97211787772881087e-04
-5.26212355434165955e-05 -1.26544256309069482e-04 -2.18774598954477625e-04
1.10402673885620094e-04 -2.28616546948938297e-04 3.33106804539648612e-04
-7.15557518444436992e-06 -2.15725973451352728e-04 3.11979987099925875e-04
1.50378194825231498e-04 -2.02035851912264731e-04 2.73617367026558484e-04
-1.89476177337832028e-04 1.14084498760888005e-04 -3.82217873080235838e-04
