-2.85111822205585952e-04 2.82251907443020755e-05 -4.61018941988911024e-04
-1.20666787815082444e-04 -2.98706518439217916e-04 -5.81107818677928378e-04
-3.54070095152536624e-04 -2.25021944558534415e-04 2.26321061042256133e-04
-1.29276652538479198e-04 -1.14755353155793216e-03 3.15785318128813941e-04
-9.35428813531036241e-05 -1.50353057942798074e-03 -3.28239113527306614e-05
-1.91677295828807104e-05 1.27551964310157473e-03 3.96629102841217218e-05
1.83601349463380359e-04 -1.48571640004568906e-03 4.44170505939922577e-05
-4.78989772133342484e-03 5.34019011453157333e-03 -4.70610819194394736e-03
8.39603045470127540e-03 -7.21156097280495345e-03 5.68724687614619029e-03
-8.81773406891461775e-03 1.60758731136179112e-03 -7.47671649119929782e-04
4.22409692451441998e-04 -4.83265574180880009e-04 -1.80481236293772440e-05
-2.93731454489964960e-04 1.40226826976119767e-04 1.70098212898484036e-04
-8.68096389542216684e-04 5.01350701427316636e-05 1.65050674449052082e-04
-6.28675043879312057e-04 3.65471086523516675e-04 2.46308521842486527e-04
-2.58964734173083855e-04 1.05997461216222888e-03 1.75346942207443846e-04
3.04125207019723121e-04 3.84776478391246624e-04 4.18851038367584749e-04
1.96259681542798603e-04 2.02532513733366670e-04 -2.85444402157164490e-04
-8.44509827775397071e-05 6.94141142083992690e-04 2.15188552655787291e-04
8.77852999496830932e-04 -1.03013688899533662e-04 3.51447736574694858e-04
-1.03762415063601843e-03 1.72974848253293345e-04 -2.03375909734404559e-04
-6.28723818948406787e-05 6.23120711237490355e-04 -1.08474713737649608e-03
-8.69969118539648534e-04 2.13288014974288842e-03 6.85121670057853294e-04
7.76916339276567669e-04 -1.67758644092685927e-03 -7.74201532687257554e-05
2.06692256487173154e-04 5.27157376538411881e-04 1.55460909763327493e-03
-2.71429468758022097e-04 7.85758568744299168e-05 -8.09553513828831228e-04
5.99927812203659983e-03 3.97896125869934281e-04 5.31939657740565508e-04
-1.38128968882988978e-04 -1.61268570489037089e-04 -4.57005006734512165e-04
-2.79303678420550483e-04 -1.25606963179425435e-05 -3.22438158944615694e-04
2.79654756301095375e-05 8.82466569198658846e-05 -4.57952512928017086e-04
-1.20785428445846499e-04 -7.86865845477935366e-05 3.02824694282666229e-04
-4.78802664674926604e-04 -1.81023092863524804e-04 -1.51797537051301390e-04
-3.05610925824595370e-04 -3.07703694509608994e-04 4.71548107121577686e-05
-1.12271072593594923e-04 1.38421948836509046e-06 -2.81104588079283957e-04
3.73912094843387166e-04 -3.12944717182350729e-04 -6.89705558745146163e-05
4.65748034750301798e-05 1.55277037174772481e-04 -5.82979418082274492e-04
2.40142163498546779e-04 -2.79976115900026912e-04 -4.11948462315514519e-05
5.43881512099275710e-04 -1.56116919725057812e-05 4.66149040128094327e-05
7.94572396467518871e-05 1.03182677814617207e-04 -2.39043293177587657e-04
-4.48336254535997014e-05 1.23000560851016516e-04 1.18367570108190989e-04
-3.43885531949528200e-04 -7.17735663990914929e-06 1.50925776542520929e-04
-8.85063075461989257e-05 2.49153236442145598e-04 2.10921577448175412e-05
-2.60312783685545668e-04 -3.20145342619482243e-04 4.99606466295432483e-05
-4.72211826666679713e-04 2.52402242342686378e-04 -8.15391808124607542e-05
1.58097591794970072e-04 -4.22951721973485739e-04 -1.05605636357530841e-04
1.61547521227767277e-04 -8.30974778062293362e-05 5.66000636619823361e-04
5.29992522381839137e-04 1.17041501894732392e-05 -2.24929661614581278e-04
5.29613720749555483e-04 4.55755138951685623e-04 1.24229911844242480e-04
-3.32979166390856562e-05 3.18619331971525810e-05 -5.30761679954583343e-04
6.59255629558597178e-04 -4.25870552793750079e-05 3.80579796773528045e-04
5.27865691912765556e-05 -9.53431209922417366e-05 5.48615922876471984e-04
-4.87467732005253396e-04 1.78611122262806177e-04 9.56873292343729531e-05
1.48343769591718910e-04 1.63905284225496217e-04 2.86446160965070362e-04
1.39859312576984252e-04 3.04953437314917086e-04 -3.84454551801471922e-04
3.27898978307317179e-05 5.61998527925711144e-04 -2.20960515641355215e-04
-4.82151111754536288e-04 2.13960708790761345e-04 -2.48951730141389049e-04
1.61545941287055683e-03 -1.28753276754434154e-03 -2.10380199050952399e-04
