-2.92512689082616469e-06 8.36079326525411218e-05 1.38509363718406506e-04
1.40718804558580203e-04 -6.64250130032127120e-05 -3.75497845771864138e-04
4.30676011357348718e-05 1.05437761352629705e-04 8.72827080843293387e-05
1.42396663719144515e-04 -7.26463923345710329e-04 2.53718899824373974e-04
-8.79282675892402649e-05 -9.73023100825830050e-04 -5.13129173462729043e-05
-6.56564012689278987e-05 1.65384324890991948e-03 1.21044398660961646e-05
-5.81344848375444571e-05 -7.69817323663322603e-04 1.62211695101485400e-04
-4.96228414057370629e-03 5.63168067108558209e-03 -4.49637098906260045e-03
7.88179084499200482e-03 -7.03233711063836874e-03 5.99176421605877255e-03
-9.35572449326901694e-03 1.80161992630454128e-03 -6.81922685735563447e-04
1.14065951411794833e-04 -4.70385052770096862e-04 1.02032347969081028e-04
-3.72096426672013187e-05 2.24629938919539455e-04 9.96565449438921582e-05
-2.47093228234639508e-04 -6.91731945477998093e-05 1.38828516698310107e-04
-1.45359926896200487e-05 3.50485640461699560e-04 1.48165413901916771e-04
-6.90436975557475081e-05 8.39250092498536977e-04 3.05815291458295892e-04
1.77858531909688092e-05 2.60850753114498740e-04 3.71688717010266382e-04
-3.98821246066750142e-04 -9.09784844066539714e-05 -2.38453609467471136e-04
-5.84421312690996042e-04 4.15493576154610093e-04 2.11006323246194208e-04
8.58020004953718020e-04 -4.71548849266558031e-04 1.48021561772046007e-04
-9.45720767296659849e-04 -1.69743021639452360e-05 -7.49489810666002744e-04
2.07759054873976444e-05 3.73643224166253268e-04 -1.45549128111543144e-03
-7.04450235968374634e-04 1.71684110793618623e-03 4.53280260262319803e-04
9.44133176787877518e-04 -2.04538905674918727e-03 -9.52447153577477406e-05
3.56755108848538305e-04 6.81218797506156527e-05 1.54127759994940349e-03
-7.71863217331996278e-05 -3.37707977821577422e-04 -2.65523744487409152e-04
4.87763624144935560e-03 8.80969636827298036e-04 -4.68445437258988191e-04
7.58692177617908601e-06 -1.56822346193839746e-04 -9.52463377370267703e-05
-5.65807083620702578e-05 -3.92701998975540913e-05 -3.18540040743956030e-05
1.33268165238370105e-04 8.53512287674489844e-05 -4.58483526621522195e-05
1.12371535516776186e-04 5.94552197710741207e-05 3.91470389879236308e-05
-1.68539539146315097e-04 -9.26590622970327211e-05 -2.55182872838464710e-04
-1.34223976743565713e-04 -1.49874352573529029e-04 -1.22940303688405002e-05
1.01186997328285485e-04 2.04198616364947958e-04 -2.03539555567080761e-04
2.34123951863360682e-04 -7.81981744350691713e-05 -1.61274306095178407e-05
-1.84002682892572573e-04 1.71784897452294765e-04 -2.82885450166174871e-04
-1.37525384182248401e-05 -1.77779868782298740e-04 1.31363944072361203e-04
2.28201989701214028e-04 1.46839868636336804e-05 1.21894832009884568e-04
-6.00477134215081517e-05 1.27579149717862707e-05 5.70803343877634528e-05
7.79591986643382660e-05 1.95684404934002188e-04 -1.50278290912731947e-04
-7.55957643230675347e-06 -5.73740356045109064e-05 7.75067738086777377e-05
2.21296800152404245e-04 1.60086818583952696e-04 1.73049249785830789e-04
4.02329558573286897e-05 -2.70127997308847049e-04 -1.58130219000155445e-04
-1.07379977941597605e-04 2.39517086753988017e-04 -9.25053151013902210e-05
3.92378286245830563e-05 -3.80209577833234011e-04 -3.33589983870524515e-04
-1.78975734565762980e-04 -1.98044804303788098e-04 5.22819095898685690e-04
2.23184073802986749e-04 -1.45223241468964441e-04 -8.89141251399945542e-05
2.25790410167774438e-04 3.40682619036567153e-04 3.74340383042283138e-05
-3.01065441611593531e-04 -1.87612353200152372e-04 -4.44841507582150700e-04
6.17433183257200778e-04 -1.76890327924344982e-06 1.98129006207788745e-05
2.06296402065179075e-04 -6.04431620159466017e-05 2.54138825148201122e-04
-4.37888202130141068e-04 1.08722558591247632e-04 -1.01524458538508134e-04
9.57225340483023148e-05 3.73610279164267355e-05 6.76715620105927370e-05
2.50261986462604359e-04 7.63368903659787895e-05 -5.13477472618233100e-05
2.56343226462873480e-05 3.46272554474358416e-04 9.10194714585706600e-05
-3.31772916929304763e-04 1.19248568784966142e-05 2.46656368851694350e-05
1.42598323553272486e-03 -1.17344826878345351e-03 -5.92598072131188237e-04
