3.32974266768564636e-04 -4.00375748885487275e-04 4.25666501008279514e-04
3.55307466740377540e-04 -3.91666983467431421e-05 1.17210198555987323e-04
4.47344099778002556e-04 1.09476956385707263e-04 -1.76406117553923943e-04
4.45842360963780951e-04 1.84489160429296938e-04 -3.53004233931431203e-05
3.14421502597148365e-04 3.83902222770594816e-04 1.07882856154022767e-04
1.97341155351153755e-04 3.04217351880814761e-04 9.55467751077754453e-05
2.72782941214901487e-04 5.80883127809974763e-04 3.40111303755221859e-04
1.32956242899586504e-04 2.21995633554699349e-04 3.21578958435776317e-04
-2.04925924881469649e-04 2.72019602338134474e-04 4.86911026904222855e-04
-2.85688340684089697e-04 3.61045487860229533e-04 3.15950414668588375e-04
-1.85663985605804085e-04 1.17532399883888249e-04 2.24444335557760690e-04
2.31566041677775053e-04 1.52086804388252127e-05 -1.51056112768121201e-04
3.84311629817130768e-04 -3.21793415586186301e-04 -3.63113237608208152e-04
4.44205707890021916e-04 -2.10275085051781890e-04 -3.78876512520484111e-04
4.70704412211110608e-05 -3.09030471520623071e-04 -5.12819179818962533e-05
-2.79921747990783819e-04 8.63913765159516971e-05 6.29761290291448733e-05
-6.13775994932258648e-04 1.59886662409082339e-05 2.37679758798563749e-04
-5.44158525219856529e-04 -1.91985877974910716e-05 1.73290758729101400e-04
-2.75988577269211830e-04 -1.69332690111324488e-04 -2.48592429062371360e-04
-1.85254039498894673e-04 9.70328020177769812e-05 -5.49765772738828457e-04
-1.70296959243857723e-04 -3.97627484556562063e-05 -4.17817980077013701e-04
-1.75266758089197196e-04 -2.81472373748346567e-04 -3.99624981904995471e-04
-8.47191603463765301e-05 -3.38185958434214550e-04 -1.97900092868257747e-04
-1.50921814751342362e-04 -4.02194863715284114e-04 -2.08864665984647243e-04
2.72125707167338340e-05 -6.68849959061577014e-04 2.38407378276924483e-04
-7.16020519189960601e-04 1.35930808698391274e-03 -2.69769928841315167e-04
1.53386965842948302e-04 -2.43247630815253180e-04 2.55457042996772271e-04
1.90700323664702923e-04 -2.69024344754463507e-04 1.63360758087154122e-04
1.32796127452715367e-04 -2.52892630622996481e-04 3.15269703732389114e-04
2.00043569556820607e-04 1.11211955616748116e-04 -2.70739463018770010e-04
2.71343223153161538e-04 -5.30868511940608937e-05 -1.78989851909831880e-04
2.23257546417099807e-04 4.60159933480757912e-05 -6.86172376495711210e-05
2.95454964937983745e-04 -8.36113623910220907e-06 5.19802131647959008e-05
4.79953942804757852e-05 2.13382517572757789e-04 1.39179334067424484e-04
-1.16203319072738498e-04 1.34955992130430729e-05 3.51459556432798313e-04
-8.30802062071862250e-05 1.37700869325621457e-04 2.54536467828195864e-04
-1.91875609270086736e-04 1.14383551380258270e-04 2.15134653945042205e-04
-1.02528521590469537e-04 -1.34638193641948146e-04 2.91059268428109905e-04
8.47997057463998369e-05 1.38626078511885968e-04 -2.55501764258504727e-04
2.05436023623184927e-04 -1.30661034552519769e-04 -2.39883544984012569e-04
2.08594160039791195e-04 -2.77776920341002767e-04 -5.74466393033215157e-05
2.14576744143991856e-04 2.00249834088829587e-05 -3.01571370284361268e-04
2.71261114230294457e-04 -1.50964660627258396e-04 -1.89681338381468545e-04
-9.66368158959514959e-05 2.14426834110754516e-04 -1.16587367515048085e-04
-3.40598569988914690e-04 8.93113377233166646e-05 8.56126883860461026e-05
-2.99883161580563032e-04 -4.09041033069203709e-05 2.15409977633768059e-04
-3.27446245268523436e-04 6.07425125553771175e-05 5.70606654770971469e-05
-3.00018462613267178e-04 -1.10938040495836706e-04 1.44872108703275322e-04
-1.11703003105161579e-04 2.20554759494064295e-04 -2.64560769274634284e-04
5.67197505748065684e-05 1.24565172679904132e-04 -3.09857256858022561e-04
-4.76496254192086813e-05 2.30764743320728030e-05 -2.06200652030573439e-04
-1.65438518484295981e-04 2.99745160033575161e-05 -1.92423902560148985e-04
2.75380927971408004e-05 -3.86593672247435578e-04 1.34494290686454647e-04
-6.00935448147792373e-05 -3.10561547122279336e-04 2.06828202741135585e-04
5.71459819146875620e-05 -3.45539023761820107e-04 1.09331714693493826e-04
-1.58628164998244600e-04 2.47843680050777334e-04 -3.82717106538485054e-05
