2.68278457307591367e-03 1.65377058756632778e-04 -1.92481487163220777e-04
3.07858015571760291e-04 -3.80237441784725405e-04 8.39471348100584436e-04
-1.21079737477103322e-04 2.80397076788896360e-04 7.88251816256746451e-04
5.57957738678283022e-06 -2.12326357438161195e-04 7.63409756829980246e-04
1.30369986289124995e-04 -4.46611643925010071e-05 -9.70510460689411047e-05
3.45061513513655882e-04 3.49540861986241680e-04 1.08397937955473367e-04
4.83992438644609280e-05 8.77060719854938498e-05 -1.14352488174773725e-03
4.25991112023682561e-04 -7.87284422107070725e-04 9.73822904306587134e-05
6.24858608791356573e-04 9.95045631801971808e-05 -2.97779210360005209e-04
5.28558030691961278e-04 1.52648255656195886e-04 -6.14603916506695214e-05
-2.32232432900048025e-04 -4.85244937398210396e-04 7.73918162918718622e-04
-1.39149826234863383e-04 -5.55494433003900223e-04 1.63848607614403008e-03
-7.03552115291827818e-04 2.23620155841430801e-05 1.45580475053641578e-03
-8.47112375054415168e-04 8.47107958845683129e-04 8.46351548981161272e-04
-8.87541805793423677e-04 5.45010242493759733e-04 -1.34596100749284631e-05
-9.90263004965186155e-05 -4.19293746537707790e-04 6.65607467365963990e-04
-3.08215061224359488e-05 -4.02416827254281628e-04 -2.38756220573677069e-04
3.86257710999871051e-04 -5.05516585492138404e-04 -3.89757797935263994e-04
8.29183240229625085e-05 1.38361245725415749e-04 -1.88343060131490603e-04
-7.90590651118305843e-04 -2.40648074528060363e-04 -1.28947407095125754e-04
-2.97418057722431683e-04 -6.90118038114473364e-04 -5.05318100961105188e-04
6.97139529339807495e-05 -1.19580635206784081e-04 3.62960504887155366e-05
-3.18068326550680069e-04 -8.25050905199020690e-04 -1.11357911379172947e-04
3.16074532842325340e-04 3.50285340477540785e-04 -2.53439849322800725e-04
-1.15243745728776936e-03 8.26775922870481850e-03 -6.55827510892681431e-03
-6.33228520737105782e-04 1.25558169872874714e-03 -1.71245623540805525e-03
1.18383973549462951e-04 2.94293410410539913e-04 -1.60923841796556388e-04
4.90673509918604367e-04 -4.93323685906155163e-05 -4.48293007705755087e-04
-4.21423679203059010e-04 -2.59197389413046153e-04 -4.18145874490072345e-05
-2.37119096255455908e-04 6.02038352934819443e-05 2.68129615274226296e-04
-1.88183362303195878e-04 2.12521204983051604e-05 9.03436058998785541e-05
-1.37894709585140163e-04 -7.70185378141663435e-05 1.25314151572020194e-04
-2.77859055819451584e-04 -2.25774306097381583e-05 5.25739733332475367e-05
-1.57503085196464276e-04 8.83894318648437149e-05 -1.66130350833793017e-04
1.39396721918927380e-04 -1.04796993491085288e-04 -3.45163939410308984e-04
1.62043999060279553e-04 -1.09050670832111507e-04 -2.01338743473389314e-04
1.04963994620899115e-04 -1.39670539718583786e-05 -1.02895474302311385e-04
4.63501106991448530e-05 -1.12821405608976022e-05 -4.28541999379916660e-05
-5.61627566870726014e-05 -1.73839981189694015e-04 3.87778201065280825e-04
-1.38156494923880047e-04 1.45445753421569179e-04 3.34071165434712825e-04
-2.69910727336286627e-04 6.91389160518696144e-05 1.61122987277884100e-04
-2.84689601373955270e-04 3.10803451718300039e-04 2.02533500890389462e-04
-2.26765188128030815e-04 1.17280816831932810e-04 1.03538293649840796e-05
7.69716155758493059e-05 -1.33585508111710993e-04 1.49086246382434950e-04
2.39972515819975030e-04 -8.71114037674924901e-05 -1.20463960580963203e-04
2.11289304044459669e-04 1.66467649317381117e-05 -1.39230347248719966e-04
7.68431961919446849e-05 -5.79611479025743392e-05 -1.31430269179388937e-04
2.91302530654125036e-04 -2.16973013024812644e-04 -6.77528005172955972e-05
-1.04014423579545934e-04 -3.31930270367486457e-05 2.26539522346635991e-04
1.06964291772593256e-04 -6.02543233469976514e-05 2.23345215673464992e-04
4.59890098715165507e-05 -9.43104976800501760e-05 6.88814764333578466e-05
-2.10731425007715245e-05 -9.08565888231294139e-05 9.53271853765258470e-05
1.03168085341389659e-02 8.39214574764213239e-04 5.22388642233639899e-03
-8.41572871751039564e-03 1.53689636871168211e-03 6.00570105824793643e-03
-1.02435484506657737e-03 -8.73648287528405731e-03 -7.74709395210532170e-03
7.62797677595905554e-05 -1.90183854761105664e-04 6.21075636311196888e-05
