3.01575883984447814e-03 -2.34998690128854497e-04 2.33185013845058737e-04
6.63165482312137776e-04 -4.19404140131468561e-04 9.56681546656571813e-04
3.26264362300899234e-04 3.89874033174603596e-04 6.11845698702822563e-04
4.51421938350563782e-04 -2.78371970088642576e-05 7.28109333436837173e-04
4.44791488886273360e-04 3.39241058378093809e-04 1.08318100850816619e-05
5.42402668864809664e-04 6.53758213867056386e-04 2.03944713063248812e-04
3.21182185079362415e-04 6.68589199795468613e-04 -8.03413577992515395e-04
5.58947354923269120e-04 -5.65288788552371349e-04 4.18961248866435031e-04
4.19932683909886924e-04 3.71524165518331655e-04 1.89131816544217647e-04
2.42869690007871581e-04 5.13693743516425473e-04 2.54490023017918854e-04
-4.17896418505852110e-04 -3.67712537514322134e-04 9.98362498476479312e-04
9.24162154429116704e-05 -5.40285752565074977e-04 1.48742996337590896e-03
-3.19240485474697050e-04 -2.99431400002043221e-04 1.09269151292820752e-03
-4.02906667164393251e-04 6.36832873793901212e-04 4.67475036460677162e-04
-8.40471364572312630e-04 2.35979770973136663e-04 -6.47415280568247164e-05
-3.78948048487302435e-04 -3.32902370021756120e-04 7.28583596395108849e-04
-6.44597501054694597e-04 -3.86428161013373391e-04 -1.07646177511332001e-06
-1.57900814219985477e-04 -5.24715173289629425e-04 -2.16467039206162594e-04
-1.93070253246249322e-04 -3.09714443859087393e-05 -4.36935489193861963e-04
-9.75844690617200488e-04 -1.43615272510283368e-04 -6.78713179833954211e-04
-4.67715016966289434e-04 -7.29880786570129584e-04 -9.23136081038118889e-04
-1.05552805155216447e-04 -4.01053008955130647e-04 -3.63328931416279934e-04
-4.02787486897056572e-04 -1.16323686363323524e-03 -3.09258004247430721e-04
1.65152718090982978e-04 -5.19095232377433284e-05 -4.62304515307447941e-04
-1.12522488657103552e-03 7.59890926964324181e-03 -6.31986773064988940e-03
-1.34924903992706628e-03 2.61488978571265988e-03 -1.98222616424937031e-03
2.71770939392411252e-04 5.10457795952867332e-05 9.45332012002158824e-05
6.81373833583307290e-04 -3.18356713345079023e-04 -2.84932249618600965e-04
-2.88627551750343615e-04 -5.12090020036042688e-04 2.73455116283381880e-04
-3.70755266986353012e-05 1.71415790910230061e-04 -2.60984774454371422e-06
8.31598608499656603e-05 -3.18347306957557333e-05 -8.86462460099533259e-05
8.53628368319596441e-05 -3.10025444660905523e-05 5.66969139224490727e-05
1.75959091185321609e-05 -3.09385668488403691e-05 1.04554186498043438e-04
-1.09507690915988491e-04 3.01771949437601504e-04 -2.69510167663685330e-05
2.31934028461888817e-05 -9.13013942780422207e-05 6.29561702248932886e-06
7.89637928530933283e-05 2.86501984935099503e-05 5.31977243548065496e-05
-8.69116146491876211e-05 1.00416497408399892e-04 1.12239179642730820e-04
-5.61784108913246843e-05 -1.45920334202845749e-04 2.48205068490118239e-04
2.86369490593272355e-05 -3.52139026778080469e-05 1.32276436806776098e-04
6.72795286993048804e-05 1.47847188690494106e-05 9.41876204507002552e-05
-6.13165672964954313e-05 -2.08638004289133153e-04 1.03676347974562577e-04
-7.01128572299634142e-05 3.30828435127183008e-04 -9.90378693939718063e-05
4.44959261022636427e-05 -3.36838437953255858e-05 -1.79327509016484466e-04
-1.96652003201021900e-05 8.08413259990435227e-05 3.24988788673868657e-05
-1.00626054168939660e-04 2.19993395582417442e-06 -3.48512721949171005e-05
-8.85938575361033625e-05 -2.42573383751822593e-05 7.61796303850480932e-05
-2.50603049076578751e-04 2.78136465280277829e-06 -7.43696037022917897e-05
-8.71593195914214256e-06 -3.27911053520649350e-04 7.71193081859797248e-05
-2.15717426684707513e-04 1.87361732457315649e-04 -3.80212469279982927e-05
1.63684042347399825e-04 6.43108493329064810e-05 -8.65120411845575693e-05
-1.66061554769213052e-06 -7.12340233479773763e-05 -1.37319175597215592e-04
-1.86511660985067506e-04 -6.08820728197718977e-05 -9.70967171836231377e-05
1.03443466269361063e-02 4.52620902516777661e-04 5.35838071302285369e-03
-8.47582226232517465e-03 1.22633482158940278e-03 6.21252926098907199e-03
-9.67208863151889807e-04 -9.08202189904587683e-03 -7.63776223741182824e-03
-8.23483972386540445e-05 5.76598252896716695e-05 2.38358529772711834e-05
