2.25389111213065063e-04 -4.94759777427884327e-04 3.31790541332937507e-04
3.62990463899409168e-04 -1.53185326636390751e-04 1.08767676118541942e-04
4.78264477595449029e-04 4.57450283299580727e-05 -1.30577839415088349e-04
4.76099399385749634e-04 9.34600326642561364e-05 7.05829977116840450e-06
3.77428102840723532e-04 2.48714605672005040e-04 1.83811729738150419e-04
2.59156661954143216e-04 2.29025369005149486e-04 1.56192851261933351e-04
4.15631904742442713e-04 3.77626531996089155e-04 4.59790812382690917e-04
1.74376907330796988e-04 5.46619553811013628e-05 3.07658721858976823e-04
-1.46249379798791065e-04 2.15380472037703861e-04 5.50829897973963709e-04
-1.83683937512809487e-04 3.50244099827488442e-04 4.15764270837777172e-04
-1.70238904480314232e-04 8.55539402614200601e-05 2.49476079852493969e-04
2.42751681699639616e-04 -5.66858197948020605e-06 -1.46610461723640991e-04
3.22993905337925439e-04 -3.13232942916892283e-04 -4.44702906438900283e-04
3.94984086872856048e-04 -2.21470464897310839e-04 -4.39799177048624563e-04
-2.54747701908964489e-05 -2.97013147209765046e-04 -1.21630735395905669e-04
-2.69934788941549237e-04 1.40398511312338003e-04 8.71536060816011093e-05
-6.10639160759598077e-04 1.10068200171080561e-04 2.57555370721721790e-04
-5.44478590716728503e-04 9.76603281088754880e-05 1.67893679857036648e-04
-3.38149360474175294e-04 -6.28178675786067800e-05 -3.24344178006710673e-04
-1.65941509944120096e-04 2.16184678021683464e-04 -5.34543439742882253e-04
-1.67189693038320865e-04 7.45846214368261682e-05 -4.21247101871686299e-04
-2.09614952366674783e-04 -1.00668584111853062e-04 -4.02599919792982243e-04
-1.71606454043752205e-04 -2.67169981311815813e-04 -2.57413956391766303e-04
-2.53670997101453056e-04 -3.10198177077373517e-04 -2.73377049190004333e-04
-1.30609546282247556e-04 -6.95969284328535600e-04 8.43318559903860111e-05
-3.96574244574125453e-04 1.52985711306499197e-03 7.71066273444892536e-05
9.40630930920902130e-05 -3.25892443791046490e-04 2.12293763742812057e-04
1.32559088618205631e-04 -3.47346620331889756e-04 9.00631405353540193e-05
6.18397748581875031e-05 -3.49215817680203111e-04 2.51272693069188929e-04
2.44118641155583469e-04 1.20712884141908495e-04 -2.54982245292872717e-04
2.68729542880564987e-04 -8.09781025617640229e-05 -1.94661741636897401e-04
2.39041824534695760e-04 9.64958440856418164e-06 -6.34374200704664986e-05
2.89619139228325070e-04 -8.81773601181965404e-05 4.71804225907057883e-05
9.86794027930218182e-05 1.62014198201195593e-04 2.04537513534125729e-04
-1.19652041526084870e-04 -5.09181465958260436e-05 3.60695722809602388e-04
-6.95292575404300403e-05 1.02959956275661889e-04 2.86691813390472269e-04
-1.90223926101654292e-04 1.17977758480100327e-04 2.44153936146235229e-04
-1.35900988418640009e-04 -1.91716617024848647e-04 2.55179610576401576e-04
1.15635032123530751e-04 1.76604190156189208e-04 -2.40254198913509030e-04
1.90043364880908158e-04 -1.18988659954896511e-04 -2.79883914615018030e-04
1.46289028038134689e-04 -3.07751584152684708e-04 -1.18710051090921946e-04
2.23953239883740573e-04 4.24045855961005373e-05 -3.04361566987749294e-04
2.37417286423045160e-04 -1.76058159480371333e-04 -2.31539022730418466e-04
-4.93640664917065197e-05 2.64305413914776475e-04 -6.76868179013869332e-05
-3.17981977005015034e-04 1.45408638802522084e-04 1.21457972978346288e-04
-3.12490837715025506e-04 -2.93242243691895746e-05 2.16663505270112854e-04
-3.00075067566350155e-04 1.54880802612376986e-04 6.72520450547974300e-05
-3.33647120451239110e-04 -4.94769800064137329e-05 1.29793052965772565e-04
-5.34190345381322940e-05 2.94262398878267922e-04 -2.15057857843274495e-04
9.66098334024672456e-05 1.59485033191993759e-04 -2.90802388791358861e-04
-3.37163056125315316e-05 6.69702679276206592e-05 -2.04898716081266592e-04
-1.47962349861179623e-04 1.04252710516478597e-04 -1.84891810255427953e-04
-7.32920774114955104e-05 -4.15618885427597267e-04 8.08071382082711629e-05
-1.43806241539955014e-04 -3.32545869348631882e-04 1.26744948572367171e-04
-1.60458794563041034e-05 -3.79874121204691780e-04 1.13150256914651018e-05
-8.75015333234019626e-05 3.74983817129434874e-04 -3.26980903114058614e-06
