1.02012932351236429e-04 -8.94420534707585091e-03 4.18627609043920046e-03
-3.83238982645028869e-03 -1.03212113450235066e-03 4.76494197994514757e-03
-3.09369756708299803e-03 2.37483491768153421e-03 -1.27440405409275925e-02
6.58402876740282750e-03 -2.96639958714806085e-03 7.30173924266208640e-03
-1.08472649484667727e-02 -2.53578006811361334e-03 5.67264421634572358e-04
-4.09025546661467843e-03 -4.81494683754135622e-03 -2.99497987614394390e-03
-5.66297612188160215e-03 -6.42731462115087027e-03 -3.22438922360923641e-03
1.16690930077174571e-02 4.12202504214498333e-03 1.78994592054149138e-03
5.07439572447587750e-04 -3.05045595338193642e-03 7.45002627133040107e-03
-4.64022949800835249e-03 -3.39755355796045322e-03 1.64303548586275383e-03
-9.05356424279357697e-04 -1.76483123075539261e-02 1.13326959164359309e-02
-3.96324898513711332e-04 1.53572496194560593e-02 -4.64679271134782468e-03
6.69281135579780084e-03 -1.16911542573756577e-02 4.66199697705693694e-03
1.37768792164383314e-03 4.10310330522145605e-03 -1.05524771606297918e-02
-7.06409439511695991e-04 1.79917622957326273e-04 6.59809749623585517e-03
4.57830582721685531e-03 1.29813351071348393e-02 -9.61791339266493406e-03
-2.58825351026814587e-03 -2.10097190162716885e-03 9.65885047316028533e-03
-6.21360325519582091e-03 1.54067617799835688e-03 -3.13422046426525824e-03
9.02396285313855628e-04 -3.12938898606596183e-03 -2.99588562455177509e-03
6.36100769696212875e-03 5.95959589895400654e-03 2.06342595091157932e-03
-8.35046436295083794e-03 7.58162658148542334e-04 -1.10143129865569733e-02
1.52452872492814251e-02 5.59393280258180248e-03 3.32455270577529660e-02
1.96134206362152952e-03 2.84760364293568102e-03 2.53000977059514298e-03
-1.25268074390882944e-02 7.10342205478653455e-03 -2.43801830584569057e-02
-2.40251741260699703e-03 -9.58173322746880274e-03 4.64276686346565270e-03
1.66500398356461687e-02 -3.55763488549598605e-04 1.04615423098470828e-02
-7.68437247461406514e-03 1.43988551317741909e-03 -1.08996999007815454e-02
-4.60144105460935648e-03 1.13826654480999601e-02 8.06331926999115378e-03
1.22974681652507911e-02 6.56254648209797509e-03 -5.34290322899333425e-03
2.27098932409464105e-03 -8.77946460889544866e-03 8.11680964582883746e-03
-1.75434341754820977e-03 8.65440754216373342e-03 9.49561343520777257e-03
-1.01905790411866981e-02 -2.41928412775793689e-03 3.32973104215539273e-03
-3.77681627273540599e-03 1.04509223547228913e-02 -6.66755377767547230e-03
2.80137048954523515e-03 -9.39159648211784770e-03 -1.03482563065169231e-02
3.28269768059352707e-03 1.04388815300435756e-02 -7.10601950912170821e-03
5.98694419869316707e-04 -7.12480558755124171e-03 -8.75983547080405600e-03
9.19394681980145734e-03 1.54198626153900786e-03 -5.76989526872084824e-03
2.15387570271263762e-03 1.06435023463560263e-02 -6.58385919676396369e-03
-5.02354092003276520e-04 -8.92197488580492859e-03 3.51196183661395267e-03
-1.18633111846069284e-02 1.52284198587449016e-03 4.45394846740709838e-03
-1.21222379859420304e-03 1.26006253862502859e-02 -5.37676953451310391e-03
-1.23979993557421508e-03 -9.79345626797312185e-03 7.57052941922431444e-03
-1.50961914029323907e-03 8.10289320673529545e-03 9.80161553222957949e-03
-3.52631472327226414e-03 -8.97955609330169935e-03 5.48651338337813321e-03
3.77959654671267131e-03 -1.07076437638111699e-02 -6.22573007060678307e-03
2.85412146297137070e-03 7.37706052720299432e-03 -1.03239163602850681e-02
8.43700503806399382e-03 -8.61676033490965665e-03 5.06626115623420858e-03
7.99385892818493815e-03 8.08352562593550594e-03 -1.31038350813494908e-03
-8.05303140298030407e-04 -1.29838020985237890e-02 -4.15944794505207494e-03
-1.16623904070980444e-02 -2.66607313564093396e-04 4.13423246826738477e-03
-1.75851295579991518e-03 -1.51946840910133218e-03 1.20003951791236574e-02
1.12125793250270611e-02 -5.60533565412679735e-03 -6.79740477127377396e-04
-9.05683758192887822e-03 4.31403076352276926e-03 -1.10947595720802816e-02
1.29459231621460447e-02 3.13812737297780586e-03 -6.90555753199695310e-03
2.14572696623366310e-05 9.61557856015637924e-03 7.89217836408551143e-03
-1.51165138427713508e-02 -5.98521290162379316e-03 -8.94358185925581139e-03
