-3.27402043564301492e-04 9.43896512450373600e-03 -4.51806663177213835e-03
3.46939936255087969e-03 1.18530646113874146e-03 -4.87370965606368986e-03
2.61543308948754879e-03 -2.42057994601149219e-03 1.28746183803426801e-02
-7.06012816678857746e-03 2.87293955448380493e-03 -7.30879754243325512e-03
1.04698368456260498e-02 2.28706546244160846e-03 -7.51076151372722777e-04
3.83109880466053505e-03 4.58592146853620698e-03 2.83878702488201068e-03
5.24734421713915922e-03 6.04968808915478089e-03 2.76459841122654549e-03
-1.18434699150482547e-02 -4.17668699752608494e-03 -2.09760464240046820e-03
-3.61190192648796712e-04 2.83507548134423254e-03 -8.00085616930436457e-03
4.82391343552116166e-03 3.04730945813296494e-03 -2.05879975670053084e-03
1.07559532875967198e-03 1.75627583672925067e-02 -1.15821719962884255e-02
1.53573216814071716e-04 -1.53515810374765787e-02 4.79340317307146591e-03
-7.01580526113572585e-03 1.20043872002925500e-02 -4.21729407061803650e-03
-1.77267200851668918e-03 -3.88163284032414522e-03 1.09922763376784170e-02
7.31884209702592450e-04 1.17095524252438772e-04 -6.47646676083994937e-03
-4.30837103827530574e-03 -1.31217336184471772e-02 9.53075978658333295e-03
3.19889267102774384e-03 1.99090370145608812e-03 -9.91640584388200734e-03
6.75808184591254919e-03 -1.63833650610723230e-03 2.96632678440822157e-03
-5.64246924839680334e-04 3.19220685364456861e-03 3.32022980255848588e-03
-6.19506618701800866e-03 -6.17578057697568995e-03 -1.52888251116869707e-03
8.51765405598915899e-03 -8.32747279585368530e-04 1.14355600884286594e-02
-1.50356722969147497e-02 -5.49326421846994904e-03 -3.28429271379599846e-02
-1.78973560957777734e-03 -2.58043366162386510e-03 -2.27259581420337668e-03
1.27804784361897471e-02 -6.79322387770916070e-03 2.46535601076469102e-02
2.53312695888924461e-03 1.02777025117973386e-02 -4.72709871945603891e-03
-1.62534655910720437e-02 -1.17409362451539336e-03 -1.05386489371915720e-02
7.59030938152197455e-03 -1.11399306938637270e-03 1.06874061370387328e-02
4.46888196599115085e-03 -1.10353188277680699e-02 -8.15338241052650757e-03
-1.23593079401089784e-02 -6.21333066441777208e-03 5.09163053592414511e-03
-2.51510796525022430e-03 8.65875172475353942e-03 -7.86182740053596556e-03
1.48561387466764473e-03 -8.57342943960196988e-03 -9.30095169357087435e-03
9.95153721665200178e-03 2.40963454334937278e-03 -3.26629362208492608e-03
3.48719713350708086e-03 -1.03627449946046956e-02 6.62037335508476685e-03
-2.90004989233825713e-03 9.22958228391665240e-03 1.01437187929827970e-02
-3.16304563906744237e-03 -1.03879633834477493e-02 6.74532378631210582e-03
-5.29165162328886721e-04 7.02184563127558007e-03 8.47314365741358433e-03
-9.00372289369980386e-03 -1.65996402001910822e-03 5.52574133257461263e-03
-2.01797471429399772e-03 -1.04517857293311769e-02 6.32867958618756228e-03
3.86719059879745797e-04 8.74537069564873884e-03 -3.27170763770044367e-03
1.16732678197260208e-02 -1.40385332591959366e-03 -4.17406455279208024e-03
1.06593477055606832e-03 -1.22928738020976012e-02 5.49547958560402550e-03
1.01584669569047457e-03 9.75105168237702137e-03 -7.26616785223656476e-03
1.27220185387019388e-03 -7.92683504725492406e-03 -9.57007650949916189e-03
3.57567878976397047e-03 8.71525067938692249e-03 -5.41882656547674601e-03
-3.46161456970765606e-03 1.05622351250086472e-02 6.10427209762843658e-03
-2.54163062525634541e-03 -7.34773630283380458e-03 1.01072528550149553e-02
-8.13692997049764340e-03 8.46187953229727945e-03 -5.13351320128900643e-03
-7.66021180773369947e-03 -8.03404864592909169e-03 1.18059045516917646e-03
8.58722174836162714e-04 1.26895396996455218e-02 4.37450580289534905e-03
1.15657805736955766e-02 1.07122280372099637e-04 -3.84343007947602570e-03
1.79222926141244681e-03 1.45249814117371159e-03 -1.17954964630423900e-02
-1.10646169751658814e-02 5.50108294361031838e-03 8.64632287382805322e-04
9.13012965934037295e-03 -3.89841187809517216e-03 1.10139524338720100e-02
-1.28021169206060902e-02 -2.80558150362917409e-03 6.77881258342458593e-03
-5.41139020603252757e-06 -9.23570443895168833e-03 -7.90349338977697734e-03
1.52040153760947521e-02 5.61022908449435812e-03 8.94685166828695227e-03
