Run semi-empirical minimization
 &qmmm
  qm_theory='AM1', scfconv=1.d-10, grms_tol=0.0005, maxcyc=2000,  qmcharge=0,
 /
   6    C1        8.8250       -1.1010        1.4190 
   6    C2        7.5450       -0.3400        1.2320 
   6    C3        6.5090       -0.4600        2.1610 
   6    C4        5.3070        0.2190        1.9640 
   6    C5        5.1190        1.0150        0.8250 
   6    C6        3.8010        1.6810        0.7020 
   8    O1        3.2360        2.2300        1.6340 
   8    O2        3.3200        1.5070       -0.5510 
   6    C7        1.9940        1.9970       -0.7740 
   6    C8        1.0140        0.8570       -0.6610 
   6    C9        0.7980       -0.0070       -1.7400 
   6   C10       -0.0870       -1.0820       -1.6230 
   6   C11       -0.7720       -1.3170       -0.4210 
   6   C12       -1.7510       -2.4820       -0.3180 
   6   C13       -1.1780       -3.6790        0.4770 
   7    N1       -0.9910       -3.4560        1.9160 
   6   C14       -3.1570       -2.0760        0.1640 
   8    O3       -3.7630       -2.7320        1.0090 
   7    N2       -3.6610       -0.9670       -0.5040 
   6   C15       -4.9330       -0.3730       -0.3640 
   6   C16       -5.9410       -0.8710        0.4610 
   6   C17       -7.1780       -0.2220        0.5390 
   6   C18       -7.4260        0.9390       -0.2100 
   6   C19       -8.6420        1.6260       -0.1700 
   7    N3       -8.9140        2.7460       -0.8790 
   6   C20       -7.9260        3.2110       -1.6700 
   6   C21       -6.6810        2.6110       -1.7870 
   6   C22       -6.4180        1.4510       -1.0470 
   6   C23       -5.1800        0.7860       -1.1140 
   6   C24       -0.5360       -0.4610        0.6640 
   6   C25        0.3480        0.6130        0.5450 
   6   C26        6.1570        1.1640       -0.1150 
   6   C27        6.0300        2.0260       -1.3390 
   6   C28        7.3570        0.4600        0.0950 
   1    H1        8.7540       -2.0770        0.9300 
   1    H2        9.0380       -1.2530        2.4830 
   1    H3        9.6720       -0.5510        0.9950 
   1    H4        6.6290       -1.0840        3.0440 
   1    H5        4.5080        0.1170        2.6960 
   1    H6        1.7270        2.8250       -0.1060 
   1    H7        1.9630        2.4100       -1.7890 
   1    H8        1.3310        0.1440       -2.6770 
   1    H9       -0.2270       -1.7390       -2.4780 
   1   H10       -1.9220       -2.8540       -1.3390 
   1   H11       -1.8470       -4.5400        0.3570 
   1   H12       -0.2100       -3.9690        0.0500 
   1   H13       -0.6730       -4.3220        2.3500 
   1   H14       -1.9120       -3.2680        2.3260 
   1   H15       -3.0230       -0.4990       -1.1370 
   1   H16       -5.8020       -1.7650        1.0600 
   1   H17       -7.9450       -0.6320        1.1920 
   1   H18       -9.4610        1.2820        0.4560 
   1   H19       -8.1660        4.1120       -2.2280 
   1   H20       -5.9360        3.0460       -2.4440 
   1   H21       -4.4020        1.1880       -1.7600 
   1   H22       -1.0280       -0.6320        1.6210 
   1   H23        0.5270        1.2510        1.4100 
   1   H24        7.0140        2.2860       -1.7420 
   1   H25        5.5300        2.9710       -1.1020 
   1   H26        5.4720        1.4990       -2.1180 
   1   H27        8.1620        0.5410       -0.6350 

