3.57185175982322346e-04 -3.24261330208266280e-04 4.33456491469511496e-04
3.55911438194745559e-04 2.29366098099337151e-05 1.23569045112502271e-04
4.45635437158569108e-04 1.88087763467619992e-04 -1.87893208834393448e-04
4.35943976707443327e-04 2.33150780573821917e-04 -3.41471209177824297e-05
2.71790481725465668e-04 3.98127065205643150e-04 1.51140704551352501e-04
1.86166122127114255e-04 3.02068509187358248e-04 1.44506561279467160e-04
1.85133122214033928e-04 5.74898582431212536e-04 4.10200789482169034e-04
8.51969900123333184e-05 2.29025733111082444e-04 3.16504202457467678e-04
-2.76175106530263050e-04 2.73783321858989755e-04 4.70604953458315890e-04
-3.26915569234101800e-04 3.78462405848048401e-04 2.66516680250553106e-04
-2.14175736094070424e-04 1.26309129333139128e-04 1.71863390723703247e-04
2.31783234916898542e-04 3.36639533281676346e-05 -1.71514856751964347e-04
4.46925672856697857e-04 -3.29537782738632725e-04 -2.94191054410700191e-04
4.75594614461354276e-04 -2.33594542567590330e-04 -3.25597104050727188e-04
6.88337332944850394e-05 -2.99688995518368798e-04 -1.31599783566033213e-06
-2.98422250706512255e-04 8.62226429406563239e-05 -4.50323860428485823e-06
-6.42809264241307483e-04 4.67565686470843738e-05 1.50777146320345078e-04
-5.60429989462091997e-04 3.20964506897764118e-05 8.37005232057156382e-05
-2.43163468768131262e-04 -2.29453451518626646e-04 -2.49005305696265887e-04
-1.04119620374992978e-04 -4.99948918380367324e-05 -5.69568619385452763e-04
-1.31960477828580933e-04 -1.36551787098383379e-04 -4.06819541194767165e-04
-1.41782340201026277e-04 -3.50609108226199097e-04 -3.14201691722004555e-04
-1.02962730137748040e-04 -3.80468712262929968e-04 -1.12941922477694548e-04
-1.31842647920453118e-04 -4.44302682868790962e-04 -1.16041503395563240e-04
4.28605320751809790e-05 -6.19526623469121508e-04 3.57744365980090426e-04
-7.64850837203115939e-04 1.29302510276115435e-03 -4.83517577129229971e-04
1.70044791077428824e-04 -2.17044250779295175e-04 2.69329117937455059e-04
2.17619438367006436e-04 -2.43761286662336554e-04 1.68965958672356430e-04
1.59764041308666811e-04 -2.27030287779317276e-04 3.28751458808440903e-04
2.06432226708781568e-04 1.49070686303694384e-04 -2.76572505541405553e-04
2.72249950373548428e-04 3.17938096659120972e-06 -2.02394759948650558e-04
2.16216649035289466e-04 8.06277217282270537e-05 -7.37273857942464102e-05
2.98310183263217029e-04 1.72927114187206016e-05 3.49287719899082666e-05
1.20907786399604486e-05 2.06221938076161566e-04 1.58870654572340045e-04
-1.53142288340893417e-04 1.42129830215848790e-05 3.47377014846936727e-04
-1.24543645392568100e-04 1.35296361413137807e-04 2.45046561009200966e-04
-2.28470327539019656e-04 1.26073514444419610e-04 1.73935157136082474e-04
-1.09013687177731338e-04 -1.25014877218223279e-04 2.82478351715750940e-04
8.70816470268625099e-05 1.38353751345376291e-04 -2.73631101222157429e-04
2.37651507263191160e-04 -1.44682051668676561e-04 -2.15166734442823513e-04
2.43268685202986001e-04 -2.55802059698971747e-04 -1.03238784241657525e-06
2.27836692222238492e-04 -1.23741645446702616e-05 -2.87284191811671807e-04
2.90667087548317541e-04 -1.64639098453375369e-04 -1.44505466721823068e-04
-9.57451631483272986e-05 1.89937621005757825e-04 -1.71599938086778811e-04
-3.47331297601022749e-04 8.29082181816273600e-05 2.36332277896065629e-05
-3.22038397012847587e-04 -2.36494291694881217e-05 1.83877076760115152e-04
-3.19016471616697067e-04 9.39765483934644106e-05 -1.63043512746705064e-05
-3.26529971071574270e-04 -6.49105973130545004e-05 1.25774928704372864e-04
-5.36896972036168276e-05 1.58997336900579397e-04 -3.25116133985888704e-04
1.04968231471192232e-04 2.26910651143239941e-05 -3.06378827990813499e-04
-3.00149901557417346e-05 -2.99623675412979594e-05 -2.10839905333896763e-04
-1.48744430993056861e-04 -6.16103727289653235e-06 -2.11084197862434526e-04
2.47734416780139477e-05 -3.59671350800313649e-04 2.12130500494055451e-04
-5.87618868589416738e-05 -2.82372775130092680e-04 2.59161813557698905e-04
6.60545235500210057e-05 -3.26814701389764822e-04 1.69677466892440666e-04
-1.67338113648931767e-04 2.44425786229365784e-04 -7.76262849117870392e-05
