1.26300424219749630e-03 -1.71937633786800603e-03 1.60081124796285224e-03
-2.15823349214616655e-03 -1.88337330304955142e-03 -3.15680442964261232e-04
-3.13181928265038323e-03 1.54948572935298401e-03 -3.13167919814638651e-03
4.96573148915757656e-03 3.10584347314790676e-03 3.13139652989513628e-03
-9.64064629430350095e-03 -5.09650208539280669e-03 -7.41275984632139284e-04
4.22192569016210939e-03 -1.96671645624846292e-03 -2.15295882467536615e-03
-1.38481234426487965e-03 1.02979872437813924e-03 3.42304066249532468e-03
1.93708281010129824e-03 2.85374454191877902e-03 -3.98025467952045631e-03
1.16125232680452939e-03 -3.10194161296628579e-03 8.58666135714614143e-04
-3.13733233041268988e-03 -5.06107599817440246e-03 6.45119048017939178e-03
2.15225899100168760e-04 -1.60115586182740799e-03 2.17788929489515226e-03
-6.34479862910097836e-04 3.17596633583949739e-03 -3.19622081784132206e-03
1.83187007330332108e-03 -7.94854799331723427e-04 3.28378610699431306e-03
-1.98070030135610864e-03 1.25341661038724794e-04 -2.75040941809834294e-03
9.18646084294039156e-04 1.68177840138028500e-03 1.18831911746886121e-04
6.81995024158332797e-04 2.06298424659667745e-03 -3.97243807209113342e-03
-1.13214800333416576e-03 1.46225156448176463e-03 3.53178582449409362e-03
-2.45638359309552357e-03 -2.11426589952345978e-03 -2.04845230783935045e-03
2.15400387836606200e-03 1.13542201687624189e-02 -9.07855524714840101e-04
1.76848138513729936e-03 -1.23655766008656798e-03 9.41762364751852488e-04
-1.82067181021317026e-03 -1.39131299223727023e-03 -6.55366828196335405e-04
-3.37469847649485288e-03 3.19220574941248003e-03 -9.71636585181201440e-03
-3.16142895293580750e-04 1.56922776195500546e-03 1.95096318974030680e-03
3.60741389808655333e-03 -9.83515851175198463e-03 1.01795851933665915e-02
6.08571720163597618e-04 -2.15430625419443800e-03 1.92627023641733786e-03
3.73539462800032140e-03 2.86530546606655889e-04 -4.51074370358739429e-03
-6.47794123206368866e-04 6.23680293606432290e-04 -9.07261936492265164e-04
-3.79373596751442221e-04 6.40005759230621862e-04 -6.60241928669258460e-04
-2.84514558713366839e-04 7.10832339520628409e-04 -7.93057931189888876e-04
-1.82469629766646158e-04 2.28879391404479549e-04 1.35960289285552705e-03
4.88067415863380205e-04 -7.96623590180178809e-05 1.32980518154912630e-03
-2.47770978206496295e-04 -7.94499847242224888e-04 -1.11755664632529061e-03
-8.37110678559405130e-04 -1.84172070824883960e-04 -4.29658047397696308e-04
-4.23445651837606185e-04 2.31811644916479764e-04 1.86009047429269714e-04
5.19038819328132561e-04 1.38723457083322899e-04 -6.70245904292876560e-04
-1.06679446061797023e-04 -3.06127336870964939e-05 -1.47362239928172656e-03
1.37493896239071489e-04 1.18778477093139934e-03 -1.07243745993956807e-03
7.02546835350592591e-04 2.77963464449859643e-04 -8.46582891222968925e-04
6.35268045144021798e-04 -2.36892396497045965e-04 9.44590982590476358e-04
-1.00785811147563464e-03 5.12956186235924427e-04 -1.01889565043444819e-03
-9.41232950826265125e-04 5.33596330561270094e-04 3.49723454790229482e-04
-9.24521755647944588e-04 2.03467762626918791e-04 4.34790646139049386e-04
1.80289816057443986e-04 3.95142028585482308e-04 1.49679748111575250e-03
4.09148387653157641e-04 -4.78768092436299142e-04 8.29498271260664666e-04
4.50437223844524226e-04 -6.16308346013338948e-04 -1.48668681983978035e-03
7.31228851007514891e-04 -4.24378454078500056e-04 -7.79528856746924959e-04
1.66055402032894150e-03 7.75114430170864566e-04 1.98704646743319557e-04
1.31964776009629858e-03 1.68564392718062450e-04 4.08280378221048679e-04
-9.56038502681333391e-04 -7.61858658713254755e-04 9.39945491269966737e-04
1.24462792423951640e-04 -1.04096118808053029e-03 7.45066305355202019e-04
1.09212273494826984e-03 4.18322813089733181e-04 5.53587881012340688e-04
5.53056886339220455e-04 1.21421401771293347e-04 9.93461358804070827e-04
5.72211337600547765e-04 6.04804873336028948e-04 -4.78880914784429734e-04
3.16147729013671608e-04 9.58615009993390998e-04 -8.83468740805248842e-04
-8.22866913286146584e-04 1.01956996256502563e-03 -5.81427634634201773e-04
5.33823170163483240e-05 -4.90736993092877327e-04 8.45913592679492510e-04
