-1.62018941817981864e-03 2.04363766807627231e-03 -2.03426773943236362e-03
1.80232205395142089e-03 1.86043669323961765e-03 1.92111397851758961e-04
2.68618384549181412e-03 -1.73757349282060406e-03 3.31957240698078004e-03
-5.40167546586502005e-03 -3.33899425372172860e-03 -3.09724940897735399e-03
9.36885581257803496e-03 4.69837502018716387e-03 5.90135280080786783e-04
-4.40809181228922400e-03 1.66464794706110467e-03 2.00845226339589882e-03
1.19967922205084575e-03 -1.60469730680935178e-03 -3.83324145197749388e-03
-2.02227980011363169e-03 -3.08277027502986160e-03 3.66375047706298841e-03
-8.85077220274266339e-04 2.82815829110729614e-03 -1.32927108917293003e-03
3.46424789964679168e-03 4.68261359232635416e-03 -6.71770716042994522e-03
-1.05016300609833669e-06 1.47484673249426894e-03 -2.34975268561885562e-03
4.02696627993199294e-04 -3.20963028916766485e-03 3.36773567459328635e-03
-2.27879574616001888e-03 1.12439258207035621e-03 -2.98959505258361308e-03
1.50510568689475425e-03 1.08252881528865535e-04 3.07600652214907013e-03
-9.87479817588524100e-04 -1.38208940586191610e-03 -1.17515913911225793e-04
-3.83572773451820541e-04 -2.14920688953733384e-03 3.97694131069541851e-03
1.77495726757547325e-03 -1.50900813312884892e-03 -3.68256297081443872e-03
3.01681358255761556e-03 2.08216944883368336e-03 1.96475178463363480e-03
-1.91084040959793068e-03 -1.11247667172437916e-02 1.15686083041110599e-03
-1.66436176476230649e-03 1.28655255192460481e-03 -3.72193745366399724e-04
1.95263228804175119e-03 1.52786477933565361e-03 1.06218636939110246e-03
3.51648081669587911e-03 -2.84159664118628077e-03 1.00305675435340188e-02
4.19105625431328817e-04 -1.18875904969207549e-03 -1.83802126726261223e-03
-3.47557125016610029e-03 1.02794611946207762e-02 -1.00635436899710277e-02
-6.51432252238778550e-04 2.77383287766355940e-03 -2.28401460239742839e-03
-2.97054379079720546e-03 -1.57955564936781024e-03 4.99426128071662426e-03
4.77749332128940042e-04 -4.06636042827137115e-04 6.37932818554810105e-04
1.61754158384435785e-04 -3.96244472568285308e-04 4.91275969996902030e-04
1.24750517404700027e-04 -4.83802051741311133e-04 4.64306472381447973e-04
-2.39625969421354101e-05 -3.77950077708173932e-04 -1.08303038731412155e-03
-7.60317366236928634e-04 7.64829780514266763e-05 -1.12741042160047580e-03
3.15543291712068290e-05 7.13872125513997794e-04 1.19128403211953698e-03
5.38800495296188047e-04 1.66879359406163345e-04 3.94729275407788068e-04
4.11354873197645760e-04 -4.38033582992641357e-04 -3.44879702001609759e-04
-3.65896530987239144e-04 -1.52936440104907786e-04 3.22868889445939832e-04
2.31223091454365123e-04 -1.04683627726041313e-04 1.22857583827252559e-03
9.09764312999481665e-05 -1.31385828537581889e-03 8.98502302803485652e-04
-5.93533148172861280e-04 -1.52948587231636364e-04 5.64104539507217931e-04
-7.22349692170884362e-04 9.85386451516696740e-05 -6.70959881368318875e-04
7.70206604212443483e-04 -3.68274134567247893e-04 1.23406238487727173e-03
6.97964265623279151e-04 -2.77794270862298347e-04 -3.48691066947812893e-04
6.96685063425706149e-04 -1.91093598082248530e-04 -1.47506454327377579e-04
-4.70956903605761527e-04 -2.30502930132106938e-04 -1.35229201439392935e-03
-3.13403224504830329e-04 2.88830471430541317e-04 -6.57898333173885909e-04
-1.03105926243501477e-04 5.33400127831711642e-04 1.46305359205017383e-03
-4.09190453994667303e-04 4.48027883247988188e-04 5.95651779986809834e-04
-1.34153754871224433e-03 -8.69090978564328949e-04 -1.82400295468649048e-04
-9.93117789024724421e-04 -1.03653795405007950e-04 -5.34055306925421570e-04
1.00972819988495027e-03 6.02861321812675358e-04 -6.14829357284078087e-04
-2.29431023895143886e-04 1.01827012296620638e-03 -4.38687477364388520e-04
-1.06210774479252807e-03 -3.88360445548435198e-04 -3.42747975678443925e-04
-4.04312455346163594e-04 -1.15260364498396815e-04 -7.82377160941636327e-04
-5.96984779278561658e-04 -2.45133522535715298e-04 2.66750414290374310e-04
-2.57385842154729907e-04 -6.76242234863298373e-04 6.24306927247549937e-04
7.56812389736125578e-04 -6.92755261175260866e-04 4.11750167741761135e-04
1.13955796632583443e-04 2.46311206863511544e-04 -7.68287307767705511e-04
