3.44579461182888396e-04 -4.51016157159097035e-04 4.58137427034129854e-04
2.66101483169294971e-04 9.19270253755406335e-05 2.15706332949664202e-04
4.15648195286270786e-04 2.20317523710138283e-04 -1.21622839050031069e-05
3.99014442740005626e-04 2.53288957463303579e-04 9.64320128240333944e-05
1.19146004422512677e-04 4.01074339533941072e-04 1.68831796583925541e-04
1.07411350207768999e-04 3.11760815443486183e-04 1.69537737873883264e-04
-6.79320576795803497e-05 6.27099633708886901e-04 2.38455827808869839e-04
1.53455275834790027e-05 3.63506519997102600e-04 8.02719299289452538e-05
-3.20281098563463603e-04 4.34001919393148792e-04 1.13148339806926692e-04
-4.24752393073327876e-04 2.12242537792975807e-04 3.09959450346569665e-04
-1.79362410497250227e-04 -6.29009974241725123e-06 2.03497703674684189e-04
2.25239769860863714e-04 1.55416365491895339e-04 -6.81941074017652205e-05
6.48976473715217987e-04 -1.96428252668338709e-04 -9.47199628700191756e-05
5.86426000201573810e-04 -2.27400261531175159e-05 -2.61120083678460151e-04
1.51699065096015342e-04 -2.32748524201933070e-04 -3.38308013956006029e-05
-2.67148573480069623e-04 -3.48589901862590880e-05 -7.68260350287171495e-05
-5.71283111118960941e-04 -2.13963992591961462e-04 2.72866932477280788e-05
-5.01392000824329130e-04 -2.08754905573269896e-04 -3.92079589013522348e-05
-1.43697696360005497e-04 -2.12265469853816635e-04 -3.12671514979127960e-04
-1.31419898595123031e-04 2.10872064399702174e-04 -5.39894770402652335e-04
-2.90875976078796466e-05 -3.37554927891199261e-05 -4.52107368658935071e-04
5.94344193691752579e-05 -2.65710197033137746e-04 -4.78179198574158165e-04
1.05200857128041444e-04 -3.05874061026475356e-04 -2.50612855596004194e-04
6.93325451784012768e-05 -3.85733802651106903e-04 -2.57589553188527229e-04
1.56637445311342622e-04 -6.39873501852901471e-04 1.90250491907819697e-04
-1.19872395097691316e-03 3.08545945902299434e-04 5.27372381211462589e-04
8.47962699313105996e-05 -1.76139818689430094e-04 3.23473994976225445e-04
1.06609497091363211e-05 -3.43799373440179868e-05 3.80271876052206206e-04
2.86396925625331144e-05 -1.93591755103961682e-04 3.75199079229268271e-04
2.57620592331349243e-04 1.39555396745307913e-04 -1.92535818951191338e-04
3.19795568464498940e-04 -1.11884042293450942e-05 -2.56496100127698855e-05
1.99530069681273239e-04 6.90270918728708713e-05 2.33929785117245105e-05
2.40576329717947520e-04 3.89299718234795925e-05 1.59938518584103596e-04
-7.16864042536893115e-05 2.31664940489948368e-04 9.43093743919118220e-05
-1.86837235350214767e-04 2.20710424560992095e-04 6.63774156128162757e-05
-1.34084610860920629e-04 3.10050340635808922e-04 -8.81755708960455274e-05
-2.63040104064260222e-04 -4.75965750405977226e-05 2.33879674885035323e-04
-1.65164438119054788e-05 -2.14639335263510397e-04 2.10626684075974332e-04
6.33852075984768786e-05 2.04466011437867489e-04 -2.17090366096261945e-04
1.93519656871457362e-04 -7.81170788460567971e-05 -1.46717435962264185e-04
2.51216962384508146e-04 -7.05952531677589304e-05 -1.21754858035498894e-04
2.80445640946901174e-04 1.13967846054477591e-04 -1.92121527661017919e-04
3.39169303003401075e-04 -1.35220911828836147e-05 -8.62342552479750877e-05
-1.07782221690461255e-04 1.44802043243097282e-04 -1.57452801247439934e-04
-3.10656417270309534e-04 -2.22546073475822310e-05 -3.45408160017000529e-05
-2.84711476304948437e-04 -1.70599664363743229e-04 4.39654745954487595e-05
-3.17475485772771081e-04 -7.36126577114396588e-05 -4.29678855536031276e-05
-2.50200574137432810e-04 -2.38132131397406061e-04 3.00924550196621120e-05
-4.30079672793774482e-05 1.37059338686648744e-04 -2.74243479747078567e-04
4.96810278728671012e-05 1.74845023231721231e-04 -2.75861892462295275e-04
2.70568209821338608e-06 4.96002003391933678e-05 -2.16497683196186050e-04
-1.14419869242256343e-04 1.56857821384735478e-06 -2.37061543137889833e-04
1.27341971473755850e-04 -3.54285419010167573e-04 1.61667221263762164e-04
-8.07076095777810185e-06 -3.55463174888451358e-04 1.78421935902609404e-04
1.28356562371622024e-04 -3.19685491486446538e-04 1.14799163465691839e-04
-3.04064167698874801e-04 1.57516013008069219e-04 -9.28193297554232205e-06
