-7.14474169386312141e-02 9.66920799949466669e-03 8.26265376985482192e-02
6.26427954672887921e-02 -6.60287643180031136e-03 4.59989385700110276e-03
-5.03343537090650273e-02 1.62325847939581713e-02 -6.86369738361416459e-02
3.21354248830285627e-02 -1.20846004945356356e-01 1.87822791810811740e-01
-9.42143048138230910e-02 -6.42815099894571418e-02 -6.92137444784517442e-02
6.30057154636416428e-02 8.59517830838942842e-02 6.27361491288738193e-02
-5.57598413706137386e-02 5.48836744679981337e-03 9.01835294242303576e-03
4.91375683219468229e-02 2.20360157380472543e-03 -2.37186165442384578e-02
-1.33698748209653218e-01 9.08173288260538669e-02 7.07127780378176141e-02
6.48753007558546813e-02 -3.64598922039514051e-02 -8.91442602313023968e-02
-4.71822517102775674e-02 -1.30815830925641308e-02 7.28154057994059301e-02
8.39350463591959084e-03 1.37962803905686826e-02 2.82701268103036085e-03
-1.07480816625855624e-01 -3.81446524757360628e-02 -1.49613884397168606e-01
7.77845716091896122e-02 5.45600863720276941e-02 1.40466676901821685e-01
-2.36463874405048458e-02 1.63375519179007611e-02 -4.29785456307152369e-02
5.53647751778960640e-02 -3.14473707438809313e-02 7.82852555787902915e-02
-4.88731881301998072e-02 1.01946709954470194e-02 -4.96016323669845605e-03
9.79429197401806562e-02 1.64312510471891216e-02 -6.20406391844907645e-02
-5.72364031819394548e-02 -6.28162046688758302e-02 6.12223473625954639e-02
2.74245092983320671e-02 -5.51449388200033752e-02 -7.61974445552073831e-02
-6.26488799296200938e-02 3.86352065587802773e-02 3.84200512654242488e-02
6.16153493086366577e-02 -4.28680279263176089e-02 -1.39299043847040949e-02
-1.85207557953730451e-02 8.19419981765179273e-03 -1.50001131068240312e-02
-2.20662500024415564e-02 4.15102353475376162e-02 2.81788996797098790e-02
-1.84275743980317763e-01 -6.89624158314892099e-02 1.44048723686202251e-01
1.53917643366909829e-02 7.58227798440103129e-03 1.45376023362988605e-02
-3.07063784825545305e-03 3.13616300329216946e-03 -1.94080893569275048e-02
3.69661867906487807e-02 -3.09393001840223558e-02 -3.69652264468449676e-02
7.18622816439573597e-03 1.98775560831254694e-03 -2.61788206032820270e-03
7.71671482690439170e-03 2.50982151147116639e-03 6.47175549762657454e-03
-2.48351692233539367e-03 -6.49596544458530545e-03 1.72783978325462273e-02
2.81697573847861094e-02 1.62569083914101409e-02 -1.49010702041780796e-02
-2.11364019985766927e-02 9.55435520698884044e-02 -1.44630051947916005e-01
3.89078107936060569e-02 -2.90165308235104114e-02 -8.34194130857524030e-03
6.32416191815909912e-02 -5.50567039325988716e-02 -6.17137874842268452e-02
6.78917417670177326e-03 -7.55501987272033659e-04 1.85001307007603977e-02
-1.95290771053940881e-02 -6.54523017636565729e-03 1.22440471520435246e-02
-3.99469781331862617e-03 3.54914736780433948e-02 -4.60973535375202026e-02
1.13581771277142252e-03 -9.00217616062848336e-03 1.17328988903104836e-02
3.67306305248171761e-02 1.73943853064911780e-02 -1.30765867259906576e-02
2.48140052760681407e-03 -2.31885428497835555e-02 4.18664641709471930e-02
5.01997857175684459e-03 1.21641590411807332e-02 -8.48262352971707045e-03
5.16899077137811247e-03 -1.49103878670273637e-02 -2.87263844418668146e-02
-2.24809426378935751e-03 1.63316906650945448e-02 -2.20538356817128189e-02
-2.04701203173804913e-02 2.06407626785173326e-02 -1.63528442222337089e-02
2.18286523525637044e-02 -1.56327589965203906e-02 3.70867811667801028e-02
-1.86267230011174512e-02 -2.61691301074540306e-03 3.50725122153439095e-03
3.43546776415237787e-03 7.60912932880053461e-04 -4.79104672312530289e-03
-4.83542109199175396e-02 1.90309926343872338e-02 1.28029285602049292e-02
3.36763683296401606e-02 1.08780957769625264e-02 -8.78063090374414656e-04
-6.31403558939169773e-03 -5.13085881408859024e-03 2.59168451058093829e-02
3.68910254926992920e-02 9.03877440365580265e-03 1.31232750285370514e-04
-4.25668640111938057e-02 -1.24036702711274316e-02 -4.62525284725292529e-02
1.93427850453645300e-01 9.29472075616342153e-02 -8.44579469809798589e-02
1.38347767350672779e-02 -1.69184098404193684e-02 -1.62314860427371643e-02
7.78007835158112115e-03 -2.57189624102749370e-03 5.43110762988652240e-03
