7.11028374774483191e-02 -9.21819184233556993e-03 -8.30846751255823468e-02
-6.29088969504580930e-02 6.51094940642477082e-03 -4.81560018995076666e-03
4.99187055137787564e-02 -1.64529023176683102e-02 6.86491361200466527e-02
-3.25344393257685702e-02 1.20592715987893048e-01 -1.87919223823635767e-01
9.40951588094005725e-02 6.38804356499231979e-02 6.90449126818678122e-02
-6.31131268138494100e-02 -8.62635438993377690e-02 -6.29056868667477037e-02
5.58277734282933216e-02 -6.11546708050869983e-03 -9.25680877023190608e-03
-4.91529138495302997e-02 -2.56710809380182809e-03 2.36383446143095116e-02
1.34019029308216686e-01 -9.12513307454470152e-02 -7.08259263776245401e-02
-6.44505483627813569e-02 3.62476496661584269e-02 8.88343007809558327e-02
4.73616141207748170e-02 1.30878731923065473e-02 -7.30189035030806149e-02
-8.61874440578045374e-03 -1.39516967560605783e-02 -2.75881857362859570e-03
1.06831840152140409e-01 3.83410807284043989e-02 1.49708604360038633e-01
-7.83709976093911881e-02 -5.45373463458745794e-02 -1.40205556818143229e-01
2.34946883754088287e-02 -1.61048033936988279e-02 4.30123764321108382e-02
-5.50976266044159932e-02 3.14822297340671894e-02 -7.82084295437615734e-02
4.94444712413187673e-02 -9.98070700285505832e-03 4.93287654345072810e-03
-9.74415277393563262e-02 -1.62224961416158504e-02 6.20798471433921181e-02
5.73801008782994573e-02 6.30284701387296420e-02 -6.09096758476163347e-02
-2.72930893997369445e-02 5.49340667556036735e-02 7.67373393256100406e-02
6.26779675272279707e-02 -3.86014510659911589e-02 -3.79679438967653118e-02
-6.16747837280058331e-02 4.31337381233507441e-02 1.44080835832782524e-02
1.84155549382450032e-02 -7.88832575662531781e-03 1.52507259624200357e-02
2.19969174572631557e-02 -4.11245015448865117e-02 -2.79213101265213502e-02
1.84119106535006433e-01 6.96022893333421155e-02 -1.44238974178110074e-01
-1.41930403857140688e-02 -7.89082393030333083e-03 -1.50649747175103238e-02
2.98584157832414241e-03 -2.96002318460273934e-03 1.90846153619512807e-02
-3.69768477403579141e-02 3.09736801213663752e-02 3.65849545707927631e-02
-7.21486785695826891e-03 -1.79416385320858526e-03 2.24268298109893448e-03
-7.97433541923574067e-03 -2.64937690821647441e-03 -6.27921967867538320e-03
2.16372135387089479e-03 6.50715384881465041e-03 -1.72527482225334587e-02
-2.83692874544673838e-02 -1.63259354832830106e-02 1.48776772256663543e-02
2.08958256688587460e-02 -9.55824820417118803e-02 1.44470113429331914e-01
-3.88361243893523694e-02 2.87848658830204621e-02 8.24763193418332798e-03
-6.30547819462407705e-02 5.48359935080378821e-02 6.16474100686140308e-02
-6.65508956584085279e-03 4.45451646636224738e-04 -1.84119551298643526e-02
1.97921172094583479e-02 6.59282675140625534e-03 -1.24779268269285606e-02
4.01121425713053207e-03 -3.52768343427798878e-02 4.58867268534442277e-02
-1.19920292036989934e-03 8.79771014919061671e-03 -1.15158085242142213e-02
-3.69241501816886322e-02 -1.73162682276451207e-02 1.32233041619529215e-02
-2.73261748999132238e-03 2.32591381029513128e-02 -4.17447093129116945e-02
-5.30042421270374587e-03 -1.22781268872352110e-02 8.67474505737808772e-03
-5.50816007438151376e-03 1.49239099582102481e-02 2.88126186971147911e-02
2.35587648547981891e-03 -1.64764927083376408e-02 2.22112884829602578e-02
2.07807767346507993e-02 -2.06185080711697513e-02 1.63873850382354087e-02
-2.15439408762587575e-02 1.58033586608841321e-02 -3.71307466413755491e-02
1.89441984868902215e-02 2.69052566845684286e-03 -3.46428333598078775e-03
-3.18526719001494506e-03 -5.22780801482647427e-04 4.76095426810564052e-03
4.83972188871969189e-02 -1.91680519730738838e-02 -1.25286850804578499e-02
-3.37260493575130271e-02 -1.10529408001942483e-02 1.15392498283670999e-03
6.31132990729348434e-03 5.08125861374939675e-03 -2.57003474226131963e-02
-3.67766056234570329e-02 -9.04034298186964964e-03 1.05828792852519319e-04
4.24395220397200471e-02 1.27579556901375995e-02 4.60908612512654914e-02
-1.93419779692687532e-01 -9.25917443867457640e-02 8.42795250450772554e-02
-1.39631332974389007e-02 1.72380953319058138e-02 1.61166868792714732e-02
-7.47601418388224668e-03 2.41438022801942435e-03 -5.42182569691098022e-03
