2.74722139864420857e-04 7.28622779106051000e-05 6.05198840016694917e-04
2.46124396426371673e-04 2.36239493312545530e-04 2.14766624785334712e-04
4.08338325591377704e-04 3.45955257923337477e-04 -1.16175493464319623e-04
2.77543228256922256e-04 4.39385977651766003e-04 -5.33004223299947348e-05
-5.29947038887489650e-06 5.35738820526084807e-04 -3.69837363711477551e-06
-5.26393526199583675e-05 3.85532278572648843e-04 -3.87978898466002082e-05
-2.81815289159932148e-04 7.23206796345468410e-04 1.17744569968386984e-04
-1.86985237874421115e-04 2.19682760987134244e-04 1.23292257726865184e-04
-5.14223660844077119e-04 1.61746608145743229e-04 3.24992283934481038e-04
-5.17270996810770441e-04 2.26485285534399873e-04 7.16829359386958307e-05
-3.32425258046516355e-04 2.12051191206204054e-05 1.20197418956262303e-04
2.11497764649736810e-04 1.02266649762920660e-04 -6.70601126280504661e-05
6.54097922317272004e-04 -1.48487799839844872e-04 -5.99811453299952174e-06
6.30301658991997468e-04 -3.18686574887903007e-05 -8.24817620200071246e-05
1.90731082574381930e-04 -2.40131401692039530e-04 1.35396108330906233e-04
-3.00543105298071978e-04 -1.29642618220949791e-04 -5.51871145726662876e-05
-6.14149275367413040e-04 -2.87425657758634458e-04 2.77981976691210690e-05
-4.96521222375445950e-04 -2.90606288797151072e-04 1.29497775419198683e-05
-2.22156721681371224e-05 -3.71400646680404025e-04 -2.00708291977054097e-04
7.98582432920828843e-05 -1.84153148808393068e-04 -5.53904202721115747e-04
8.47322197244595348e-05 -2.43480871029538257e-04 -3.79979136992513540e-04
1.74115526056448804e-04 -4.16547921939723262e-04 -2.43408795990166925e-04
1.76217381945941560e-04 -3.59823660818424991e-04 -2.79784914726646137e-05
1.56412007732592974e-04 -4.58384480649902957e-04 -2.46734168508656193e-05
1.86770019895642401e-04 -4.25501315753418208e-04 5.43352845241646841e-04
-1.01322491308366690e-03 5.02397175694981914e-04 -1.04128585360683634e-03
1.50624360208385688e-04 1.18057276318149688e-05 3.63008453963640013e-04
2.27065977379090241e-04 -2.29726045701735286e-05 2.93126185879004082e-04
1.05002485663779302e-04 3.81630508174733580e-07 4.15347911614343467e-04
2.51366867895993942e-04 1.44217833922564146e-04 -2.60879869948379603e-04
3.23759722868830944e-04 9.47052907426841823e-05 -9.40346592625503682e-05
1.71928700092753123e-04 1.64130152168035485e-04 -5.76925687195610986e-05
2.09018132583429909e-04 2.11084726635030927e-04 7.96677059046718960e-05
-1.52685046372300455e-04 2.39631112434136786e-04 5.93592758944632798e-05
-2.27557281733650545e-04 5.04307316965323395e-06 3.14055073109842711e-04
-2.62839221061778158e-04 9.81614737203476145e-05 1.81700076203812925e-04
-3.30797122632796683e-04 3.31485663694101740e-05 6.20879358270777672e-05
-1.56248210355391118e-04 -9.99680580195003393e-05 3.06040358505137243e-04
9.13147917523542444e-05 7.70658784617128721e-05 -2.68793991173616679e-04
3.47452575873361577e-04 -5.71772473622233135e-05 -6.59110858198490296e-05
3.17015924478491183e-04 -9.47439141769087443e-05 1.56469236800271295e-04
3.13488006169287904e-04 4.15163593194276125e-05 -2.03328626133837610e-04
3.66996625642262411e-04 -1.63161539050899978e-05 -4.19911412338041249e-06
-1.23698659860901428e-04 4.57978961009077327e-05 -2.31883734504326612e-04
-3.52166590664046756e-04 -1.01867486061993584e-04 -6.01428021522556038e-05
-3.22491827312828541e-04 -1.47549176561618698e-04 1.18604077666475944e-04
-3.04343399090298403e-04 -1.30672419788068237e-04 -6.83725921136654600e-05
-2.53052465823601672e-04 -2.25646337272461045e-04 9.83205031249436649e-05
-5.66309641941680750e-05 3.60167391843421557e-05 -3.58303072882411072e-04
1.43103577598008243e-04 4.22948966327559017e-05 -3.06496707178150146e-04
5.10152401308699464e-05 -6.38218220816553784e-05 -1.99132951550109164e-04
-4.99688405393799127e-05 -1.23712573006107485e-04 -2.19849015878313328e-04
1.04130648602309862e-04 -2.29978607002497541e-04 3.37124230863392375e-04
-1.10229455782636220e-05 -2.20988840558706954e-04 3.06981885288546037e-04
1.48463217228079510e-04 -2.03887732662354134e-04 2.73134268426195948e-04
-1.32392742230245800e-04 1.09051584017318619e-04 -3.68740775098757418e-04
