-5.89013989586995024e-04 -4.07545236924544696e-05 -6.77445347520233554e-04
-2.72903007217095706e-03 -2.25846014109576387e-03 7.31673899614371237e-05
-9.65460917775828875e-04 3.37502257076849332e-04 -5.13162507738584850e-04
2.94127327238768999e-04 3.25934219160828320e-04 5.08877049218980915e-05
1.45697153327173368e-03 -1.23814962740631529e-03 8.96000233273297475e-04
-1.01328139101353187e-04 -8.40185154352468544e-04 -1.10637906812982578e-04
-5.16446119484648136e-03 7.15961390143959875e-04 -7.34843137295548843e-04
-1.06890573811773137e-02 1.01281551921097446e-02 -1.60649521886133684e-02
2.89123622713258754e-02 -2.28867129248215839e-02 9.85701175614117631e-03
-2.63479558467274444e-02 5.95797900708561201e-03 -8.20645752058979383e-04
-1.02759601946100787e-03 4.81567144442607287e-03 6.20051354171202718e-04
-5.21774829682453145e-03 2.85912504891250308e-03 -2.91092049888552751e-03
-1.83236811977849356e-04 -4.18371855253618641e-05 -1.30023623851149850e-03
-2.37802599199810061e-04 -1.19139709307436448e-04 2.49160244067514469e-04
-3.13379424927262562e-04 2.81126841623180468e-04 -2.16689314779916486e-04
-7.00740422225010207e-04 1.24107224287295370e-03 2.12900890434131185e-04
2.85361211037837847e-04 2.41848432113833667e-04 -2.46830001906284124e-04
5.03991239973800020e-04 2.11045140920518293e-04 -1.13135124849339519e-04
-1.00706803078720597e-04 2.68488938882871508e-04 2.92431116791558310e-04
-1.41356356934685401e-04 3.38360433220774581e-04 6.15195067997120759e-04
-1.28875698486741186e-04 2.35119282019802256e-04 4.02873069893061597e-04
-1.73479131746478998e-04 4.37470741960765963e-04 2.08507240483157830e-04
-1.80270899281964603e-04 3.60172546727710596e-04 9.69715529000048093e-05
5.00123507762850750e-06 4.92080059038002560e-04 -3.76400162771517444e-05
-5.06743791039543368e-04 3.66081085548586316e-04 -3.46833910199961792e-04
2.59972590725823238e-02 -3.95104339342822186e-03 8.02248555822515641e-03
-1.73796081266996971e-04 8.58333260800314690e-06 -3.47198995372277608e-04
-2.69091257037334941e-04 1.51967584944956435e-04 -5.27222230493062938e-05
-4.05354401432800326e-04 -4.12033762023922279e-05 -1.97477942172064047e-04
-6.37025176401295745e-04 -3.11139210624866713e-04 1.02093548688664271e-03
-5.88672026266667814e-04 -1.38622261103841377e-04 5.09485499885609094e-04
9.26762285393678553e-05 -2.44664398706628816e-04 1.12668038065422138e-04
-3.05514898913505917e-04 -1.22798350919550714e-04 3.13374370941588154e-05
-2.73511402339998710e-04 2.44936951281360393e-04 -1.90395597644110737e-04
-1.87076999503588137e-03 -8.81877931134589232e-04 2.64290437522740618e-03
2.73198179343747682e-03 9.64587908793612669e-04 -3.99869841649325153e-03
1.04990815132932624e-04 -1.48806696590397802e-03 3.98329902677063696e-03
-1.74756483868754309e-03 -3.98258231001591412e-04 1.91446913307746769e-04
-5.29717281252106709e-03 5.17577896834753304e-03 -2.22405851822404799e-03
-4.43151551261067311e-04 -3.02165595928438613e-04 -4.31462619963074445e-05
-5.18197374981488323e-04 4.26883148042733751e-04 -3.83303091913145266e-04
-4.94880286208365661e-04 -4.98990811821364844e-05 1.95518604383604355e-04
-2.93620787113368920e-04 5.68492908170625810e-05 -1.26757262840016156e-04
1.72872394296974541e-04 2.58699637322279408e-04 -1.53030510992024915e-05
4.58571728952250623e-04 1.84165866876834228e-04 7.81166585153147963e-05
4.16167142591739037e-04 7.27942049950636161e-05 -1.66970325471194059e-04
2.79448075925170514e-04 1.37009376265817551e-04 1.01494007878510928e-04
2.94064712685004892e-04 2.63620674311848546e-04 -7.67202025975244339e-05
5.10294171069958225e-05 -3.54247260125895025e-05 3.58397910302343803e-04
-6.65440136593531406e-05 -6.67227532191727590e-06 3.81340556875109371e-04
-4.39057879535464934e-05 7.35578791186686232e-05 2.06037471634612501e-04
5.01325670096974818e-05 1.42942039720095337e-04 2.19312059457799080e-04
-2.15238363908576424e-04 8.47646043267979987e-05 -3.41958106004458529e-04
8.40792781429122726e-05 2.35051484602788463e-04 -2.79653920389311139e-04
-1.43402589767083199e-04 2.18627513941971330e-04 -3.20731474612090395e-04
7.25209022896233790e-03 -2.71103314552312291e-03 1.24312376893653820e-03
