-3.14291849722574167e-04 3.21077542181506304e-05 -7.22465075035386367e-05
-2.48290567574458538e-03 -2.02222064778321848e-03 2.87934014746771836e-04
-5.57122592184451171e-04 6.83457515000186755e-04 -6.29338001202904432e-04
5.71670555495691255e-04 7.65320196812594323e-04 -2.41271740809664332e-06
1.45167206288285885e-03 -7.02410806880230483e-04 8.92301859636182733e-04
-1.53967491721311562e-04 -4.54652875779819701e-04 -1.49435796659582793e-04
-5.44627648400641384e-03 1.43916818648942828e-03 -6.17098567327161872e-04
-1.08760426190517342e-02 1.03478379530968796e-02 -1.59416599308865037e-02
2.83981386104817969e-02 -2.27249663166758410e-02 1.01820040400756578e-02
-2.68652268435382140e-02 6.18446429262001218e-03 -7.48962816120283593e-04
-1.36002127750752422e-03 4.83687656354669319e-03 7.40248773127465034e-04
-5.00625053217479497e-03 2.96139169867542379e-03 -2.97798061151357792e-03
4.70861110339422647e-04 -1.90324985365206736e-04 -1.30623435304449802e-03
3.92499059792187407e-04 -1.51008366796226748e-04 1.66678482047507345e-04
-1.22648342352880632e-04 4.09954399311409376e-05 -8.12932064490102537e-05
-1.00128352752308224e-03 1.11142962465200388e-03 1.57713775861464890e-04
-3.28788064329575192e-04 -4.55772256448007916e-05 -2.19031804237163042e-04
7.47001759835407009e-06 -7.95611478766327794e-05 -1.00185347307419644e-04
-1.22922475246857709e-04 -1.02911707797532516e-04 9.17228248145042133e-05
-6.14981136426025166e-05 1.54207284412381514e-04 6.12908652760050122e-05
-4.41434787622816511e-05 -8.36158900973600129e-06 2.28939329005480572e-05
6.36394309969806095e-07 2.09228200210427010e-05 -3.49015555070090956e-05
-4.05351733602304313e-06 3.48885909285604878e-07 6.89930614273401923e-05
1.61413242810221481e-04 3.36955783880996031e-05 -6.23134331280173636e-05
-3.19973771143900994e-04 -5.94202302048318920e-05 1.96518935041685048e-04
2.49840341594986561e-02 -3.44864621773323995e-03 6.98119970461831985e-03
-2.31717210586112829e-05 2.03890602398181157e-05 1.58094585913624050e-05
-4.20252796582447005e-05 1.28994980374782907e-04 2.40403962829697788e-04
-3.00351915769021024e-04 -4.08217456942174960e-05 2.17869969442279420e-04
-3.85658308505301803e-04 -1.66921376702302567e-04 7.60055616938263103e-04
-2.64912303397836870e-04 -4.39169703611571943e-05 4.15450840623058726e-04
2.64604928632120951e-04 -8.05342465385933310e-05 5.49754693458610395e-05
-9.64967663300760081e-05 8.82863757154802133e-05 1.11005142998830711e-04
-4.26196448712299193e-04 4.84568063715497179e-04 -1.31036321749647443e-04
-2.09832727676953186e-03 -8.76834857964936022e-04 2.95695944833724873e-03
2.46914257237569861e-03 1.06274938251396038e-03 -3.81699834028943839e-03
-2.25806307499864059e-04 -1.45491839953456790e-03 4.04538696259771485e-03
-1.90381304904293429e-03 -4.98226289021091724e-04 4.97487271812884066e-04
-5.20585802076871298e-03 5.25284484680924556e-03 -2.49285250939766450e-03
-9.56989753877057346e-05 -3.59342843290661926e-04 -1.09057347816156474e-04
-2.01181450502997141e-04 3.32139233865824993e-04 -2.26833855112873971e-04
-1.81392280039077757e-04 -8.38272186270887183e-06 -7.81002175023325518e-06
7.33758385288934916e-05 4.05331369119725832e-05 -1.30956376963396558e-04
4.91737344360731131e-05 3.04497533423187168e-04 -2.47186785603529103e-04
1.06405138288203868e-04 8.22983808148406435e-05 1.79738563630591925e-05
9.36753152789104957e-05 -7.47549715665550823e-05 -4.83662478047181151e-05
-2.48953231651278888e-05 6.33695647774931334e-06 3.31214157648454679e-05
4.10122468614032196e-05 3.79743370393875008e-05 2.16003005274192309e-05
-5.60154708717225250e-06 5.92013171752653181e-07 9.48374199327304754e-08
7.65595639386551020e-05 3.56226213108386258e-05 7.48438496969592248e-05
7.10945217732345300e-06 9.73605703701324479e-06 6.90452008450333676e-06
1.63726470317569067e-07 1.92294667139878523e-05 -5.36956420514248097e-07
-1.11107715306266562e-04 -1.45214002675699542e-04 -4.83387514106615405e-06
7.30563325646486439e-05 1.40626440440815091e-05 2.73279648992348981e-05
5.06062746099631019e-06 1.47397812796171959e-05 -4.75972061858944469e-05
7.11969748673209248e-03 -2.60198156150580426e-03 8.74382993837780780e-04
