2.34417351297199015e-04 3.95706122410619885e-05 6.26550127682739622e-04
2.52348601171932334e-04 2.23484436949535612e-04 2.10086333521267415e-04
3.94099334720124687e-04 3.12427480191182982e-04 -1.00075373533907235e-04
2.75599355278735049e-04 4.11111311714475332e-04 -2.74631372300293906e-05
2.12452330556680774e-05 5.20121001700388761e-04 -2.56031076514643676e-05
-3.55994368633298088e-05 3.74846903538560128e-04 -3.91302400771993244e-05
-2.19216280881263503e-04 7.12548335517550289e-04 7.40570320463544745e-05
-1.59495363891716161e-04 3.12886451459516214e-04 2.01474061607914451e-04
-5.18993148426488259e-04 2.05312871430086594e-04 2.46434138379813161e-04
-5.44404836496850696e-04 1.82559828664497479e-04 3.88818424078889792e-05
-2.95449727146441946e-04 1.42184188401957619e-05 1.09748105073493424e-04
2.63913100794320866e-04 1.02171035925909486e-04 -8.44259036381976948e-05
6.15823767140550129e-04 -8.78768704788883219e-05 -8.44343361135325532e-05
6.09390119094413928e-04 8.82895732406517015e-06 -1.36037921016924767e-04
2.04635898375885397e-04 -2.14480493061218393e-04 1.17648122021276583e-04
-2.79455508521358337e-04 -1.15412249244518456e-04 -4.57861377751498687e-05
-5.84270680413017393e-04 -3.03248953516647903e-04 7.33841898155804229e-05
-4.81765871092288409e-04 -3.08846685653698359e-04 4.72375642527601047e-05
-1.90267660222342244e-05 -3.73268070480543173e-04 -1.88835909323022632e-04
5.90102646719898834e-05 -1.94882076033031984e-04 -5.49488181948546285e-04
7.28092012715387833e-05 -2.53400337872102237e-04 -3.74923336910265028e-04
1.73712606359383785e-04 -4.19583860481486152e-04 -2.38122350653479948e-04
1.85190039748952021e-04 -3.55591149025907220e-04 -2.45813936576024200e-05
1.67957529156440092e-04 -4.53651369331256236e-04 -1.74346959089491861e-05
2.28883353347522286e-04 -4.10834542707122572e-04 5.34502169815902727e-04
-1.11339248632728763e-03 4.77726875573815260e-04 -9.78674482315666913e-04
1.16112590335924068e-04 -9.61985006410734546e-06 3.71984945015898713e-04
2.00837436169817727e-04 -3.12415602270647657e-05 3.16667702912999368e-04
6.82614808452544988e-05 -1.20347888903385562e-05 4.19822829380728897e-04
2.43103176108548500e-04 1.27797090954511334e-04 -2.37271666841706256e-04
3.16111370248081159e-04 8.04496361942418477e-05 -5.94974098193585125e-05
1.78266653104834595e-04 1.53293722155667199e-04 -3.39441525205216765e-05
2.04203411786433155e-04 1.97416606933592396e-04 1.07695181941965744e-04
-1.30698844864334229e-04 2.35493024561444326e-04 3.30063718821635747e-05
-2.48553927251798446e-04 3.43204936269471351e-05 2.78606548895723614e-04
-2.55498815854179407e-04 1.15314570920943565e-04 1.37489557036997879e-04
-3.11464231880907011e-04 2.31034026852036014e-05 8.06698026562488490e-05
-1.36412908743951950e-04 -8.50774627418431604e-05 2.91961755519521272e-04
1.24311572583225323e-04 7.80206079320495786e-05 -2.72132447928858572e-04
3.27137861890471071e-04 -3.03865362153548570e-05 -1.03549191596351815e-04
3.21886104792374608e-04 -8.55582440892523874e-05 1.24462030162625532e-04
2.88534651106953359e-04 6.32159147124241151e-05 -2.24135704155085350e-04
3.64299268321588096e-04 -7.43059415094869788e-07 -3.03105367517639862e-05
-1.19635349190708930e-04 4.61081864680162594e-05 -2.27007113621175745e-04
-3.40489804351040281e-04 -1.19186304542756621e-04 -3.45840208560254633e-05
-3.06599016650401499e-04 -1.57887386185335204e-04 1.45499156163930363e-04
-3.02733812141636565e-04 -1.42538215521879717e-04 -4.93643466504370578e-05
-2.40932736723448052e-04 -2.29847907854928885e-04 1.18098718037391122e-04
-7.20521477316436168e-05 2.40468905777159124e-05 -3.55532133989974915e-04
1.25310993628428375e-04 4.08043440492778751e-05 -3.12338365622960730e-04
4.26713473246169282e-05 -6.93211234551731906e-05 -1.98929458097363895e-04
-5.71975803731221007e-05 -1.32891799108198692e-04 -2.12541139194165427e-04
1.26516036537140385e-04 -2.32509009098251767e-04 3.29155097638452691e-04
1.28850717827639822e-05 -2.14392812135177918e-04 3.12042338424919766e-04
1.69543533146572327e-04 -1.92472822432981645e-04 2.69034719945987347e-04
-2.15689033358235663e-04 1.19586527021284635e-04 -3.50046246840858696e-04
