-1.89238859192641939e-04 -9.95463379654948355e-06 -6.08328462240237400e-04
-3.18999164508504407e-04 -2.75135276893490044e-04 -1.93883047122422880e-04
-3.82077302639061145e-04 -2.92031337927767254e-04 6.99376471988699677e-05
-2.60502500577075580e-04 -4.46081311022084037e-04 5.13600496065969025e-05
-2.49180120537317862e-06 -5.00952890683414864e-04 3.94264877044969708e-05
6.37062735381332956e-06 -3.78583249876385253e-04 4.31793987947237667e-05
1.95639534330993570e-04 -6.74603057465361644e-04 -3.81731687106867668e-05
2.96482978264123176e-04 -3.44964994332563890e-04 -1.59804303137001114e-04
4.04831131064042893e-04 -1.58731113285348613e-04 -3.73179427016978593e-04
7.08513811062516652e-04 -1.26846097735222596e-04 3.29827540923588458e-06
2.55845160354262191e-04 -5.82300284894810005e-05 -7.42794503336696721e-05
-2.35297744159979061e-04 -9.17232357608988025e-05 5.74118256762012891e-05
-5.91331838288411404e-04 8.11995720559344214e-05 1.05170620674277515e-04
-6.15414730477326088e-04 1.04954134965140611e-05 1.56784172903989827e-04
-1.83610869903816365e-04 2.17203795285669798e-04 -1.35152756268741570e-04
2.42578709486629407e-04 8.46022128263568263e-05 5.52570831748866453e-05
5.95788641495786919e-04 2.99529098647610681e-04 -7.91998443521180207e-05
4.90769344004604591e-04 3.25292884118866255e-04 -5.63945812888655418e-05
4.70431093295697877e-05 3.75356779789282058e-04 1.81244369660049642e-04
-5.67595996869285635e-05 2.07446569422842231e-04 5.40583872149724698e-04
-8.82364991792172759e-05 2.87043676062914699e-04 3.96669144336669888e-04
-1.65861200686512333e-04 4.00463150048047112e-04 1.77829633701165335e-04
-1.81947191887132931e-04 3.60646984876922261e-04 7.76521280099196076e-05
-1.70457526690981354e-04 4.30576555773498626e-04 -8.79836252565269206e-06
-2.32597502595854877e-04 4.22751205835680821e-04 -5.34417922441576820e-04
9.99126952685003289e-04 -6.30602006228997425e-04 8.99614489679123608e-04
-1.48311300721903905e-04 3.47323380078812249e-06 -3.73516836798426510e-04
-1.79401973715354046e-04 5.33413834626905725e-05 -3.14477230100473903e-04
-5.06581824871732422e-05 -2.60346671578925992e-05 -4.25707319656520866e-04
-2.29583172550285042e-04 -1.22420111924315123e-04 2.40494682823833017e-04
-3.10954276960817566e-04 -1.10118822436736097e-04 5.68506531455625908e-05
-1.74194446842967920e-04 -1.59422835982470090e-04 2.60270600543899278e-05
-1.81563143660801174e-04 -1.94704698916137176e-04 -1.11083420441193681e-04
1.27494930411753415e-04 -2.27269166621191232e-04 -3.24043580237631801e-05
3.03773403486307103e-04 -6.77903787988098916e-05 -2.67254391410176595e-04
2.75535774709290138e-04 -1.21125232928953608e-04 -9.96339066564599918e-05
2.51151495701318339e-04 1.83078819984139329e-05 -1.19235563356356877e-04
1.29291015576793455e-04 1.15126249724983865e-04 -3.00216477113757207e-04
-1.11221383022552800e-04 -6.06578144912717221e-05 2.93403868366848286e-04
-3.17668296073492229e-04 2.74457633799851664e-05 1.01111622041738514e-04
-3.20041262606984844e-04 9.28850900323574535e-05 -1.15515555746181775e-04
-2.93561396983665901e-04 -5.66405982896922566e-05 2.31521089849362482e-04
-3.63849229413126807e-04 -4.92392734652291608e-06 2.46043235542781069e-05
1.23819008353676097e-04 -4.05107639662727337e-05 2.32426049089795583e-04
3.46363858958920190e-04 1.20431157492703611e-04 2.73974662176046380e-05
3.02064255457423769e-04 1.59618494399049737e-04 -1.50894105381826904e-04
3.01356667901764297e-04 1.31349356133014794e-04 5.03743684188151519e-05
2.48949699492406751e-04 2.40003799426347086e-04 -1.13446152869789429e-04
6.72713205853714413e-05 -2.35532618552136697e-05 3.57738126311346605e-04
-1.34281898094279484e-04 -3.85205697692736493e-05 3.06179977604070785e-04
-3.27214169766332219e-05 7.09772102075456601e-05 2.03842686132382767e-04
5.80313445897040481e-05 1.34383201481291792e-04 2.04188649586489746e-04
-1.01896239155796486e-04 2.31936293071118016e-04 -3.34361337688715565e-04
-1.88625324164526376e-05 2.36420120162339487e-04 -3.04625646338596567e-04
-1.83973684144689287e-04 1.78835784675257514e-04 -2.72940759941775468e-04
2.02303868520048447e-04 -5.53658005726376246e-05 3.55505133304179211e-04
