-4.51784921045570755e-05 -2.96159784445125049e-05 -1.82216654425022221e-05
6.66505633365720726e-05 5.16508399439544316e-05 -1.62032863988445346e-05
-1.20220320810635419e-05 -2.03961422634157280e-05 3.01377263350372676e-05
-1.50968547016594695e-05 3.49699993076087049e-05 -2.38969123765675119e-05
-1.87534318502948988e-05 -1.91681110169738969e-05 -1.38233800530326032e-05
2.92288095095164793e-05 3.73634633782512441e-06 -4.04915871752444234e-06
2.35767465502699329e-05 -3.79452780521886447e-05 -3.58838633356677077e-05
-1.36987614372407015e-04 3.20785428730476765e-05 -4.16697584709133377e-05
1.14162017362445366e-04 -4.65817581447379816e-05 1.26745288637165432e-04
-1.64108974565665955e-04 -5.57137309292748831e-05 -4.21801178171248638e-05
3.96045667921797549e-05 4.40116096492852404e-05 -3.54686547398237522e-05
-2.86153566343418054e-05 -1.04478001650106834e-05 2.70140779619964058e-05
-2.44919288521387246e-05 6.67729842295390055e-06 -2.07362845607449620e-05
6.02461138291216034e-06 -1.93243708205792329e-05 -2.07462518870650601e-05
-2.10250284720690317e-05 -2.72330222445140531e-06 1.75046342474649867e-05
3.68767990347289298e-05 3.08100364181616295e-05 -9.47094539973677665e-06
-1.15179610827695258e-05 3.71985486903722226e-06 5.81565453653759773e-06
-9.00347291231618158e-06 -1.64461984651678955e-05 9.15701703610543710e-06
-2.80163433073355634e-05 -2.08870930873888494e-06 7.59153966297298945e-06
-2.25066498506131993e-06 -1.25644933898102465e-05 8.90430979882158701e-06
1.54272979076784927e-05 -3.36433381908124614e-05 -2.17458074264048596e-05
-7.85140567287145137e-06 1.91207104334390398e-05 6.02927169523146127e-05
-3.24284786181909057e-06 -5.05583585101504127e-06 -5.30707343523171876e-05
2.49999753454126119e-06 2.30748135577576096e-05 2.62330584346018781e-05
3.71414924833259052e-06 -1.19166631285582488e-05 -8.42473743259061769e-08
1.14265533642284338e-04 1.52875130655182165e-04 7.90599926365433050e-05
3.21987103859798371e-05 6.14661626331922296e-06 1.53189178252779697e-06
-2.14354624544636806e-05 -2.20998232356258068e-05 -2.19047281252546418e-06
-1.76032983580812566e-05 3.80694560482311520e-05 5.88449027579196959e-06
-1.35200035582634583e-05 -5.37697903019621168e-06 -3.22301598212676108e-06
-5.15709328726359330e-06 2.96691862424942491e-05 2.64675667379592178e-06
-4.07220626186667427e-06 6.12911382680289096e-06 7.91709246613174874e-06
-2.26402681256319808e-05 -2.71190801745522007e-06 3.38823849922793743e-06
3.20391445258081330e-06 -8.22385794025309392e-06 -6.02013858400394586e-07
-5.52194762345086573e-05 3.34698851718627564e-05 -1.13521574855470191e-05
-2.00369588551107310e-05 5.81066200801004279e-06 -3.78556503805378870e-05
6.03127361795886721e-05 -4.14112846836175343e-05 3.85657607001080283e-05
7.12189316715849409e-06 -3.00487869831407041e-05 8.25472159423593522e-06
-1.30901895606725229e-05 -1.73627934407778566e-05 -2.12714204379897145e-05
-9.46956581697884188e-06 2.94077283536969060e-06 2.43756955461330146e-06
-1.84484218538976362e-06 -7.32684594310506617e-06 -8.94647441644375735e-06
5.02674587671254154e-06 -6.57531642273185852e-06 -7.38538569427713270e-06
-4.50038908461289095e-07 5.66698676161778587e-06 5.70621319748587929e-06
-4.18365916296716694e-06 -5.59742250174352570e-06 -5.41893546861983862e-06
-5.87405460787990925e-06 -1.24485294994699049e-06 7.18655463842082537e-06
4.53476119297773015e-06 -1.73110821371453357e-06 5.39494921789654110e-06
1.37714423987226773e-06 1.11888593888649233e-05 -1.01002176837809417e-06
-8.01696276895869911e-06 -1.01558915714182018e-05 -4.65256516760169207e-06
4.78082714627217544e-06 -4.93628722502242710e-07 -2.20599232137169005e-06
8.97090446585110924e-06 -2.28377428000422578e-06 6.15838801888994505e-06
-9.94993034798370625e-06 -1.65608675237246953e-06 -4.91322803501887187e-06
-8.33764216581947386e-07 -1.49140237309309978e-06 8.35248960767568174e-06
-2.46197973813438986e-05 5.72716027133750999e-07 5.20624005026287459e-06
5.97746063368865533e-06 -2.20273080271615686e-05 -7.41669208632319893e-06
1.44301509981169598e-05 1.36370377577241307e-05 3.90603999578812084e-06
1.33851648381872162e-05 -6.42207264486470105e-05 -5.45888646332051480e-06
