-1.23208525594630837e-03
-1.06362282881860030e-03
-1.79958706729506325e-04
3.55924598039213382e-05
8.46641993312271168e-05
2.22399251223500929e-04
4.00283662638996601e-04
6.81498994084905212e-04
7.40262351842272326e-04
8.01131632778288817e-04
1.08497872458882113e-03
1.26113727975495625e-03
1.33965175203180431e-03
1.72607895501299883e-03
1.76322922004162365e-03
1.92558004603281545e-03
2.02635183786601574e-03
2.46683733705788675e-03
2.57210706606662409e-03
3.02281351357071727e-03
3.23006569057278760e-03
4.08402040773209532e-03
4.49998068928085786e-03
4.53670046712804659e-03
4.96692313954243733e-03
5.18370193886862236e-03
5.54736828198284376e-03
6.06178527852052878e-03
6.47369957624649352e-03
7.20689086534687454e-03
7.62219163986503287e-03
7.93889888316845309e-03
9.49441025460725889e-03
9.84581381087905848e-03
9.95653295247375322e-03
1.02381155054831422e-02
1.04609380915093100e-02
1.12744698775076573e-02
1.25063689018539252e-02
1.30122422442453829e-02
1.41601699573219632e-02
1.44949713437798697e-02
1.59712017525393719e-02
1.63251170404646075e-02
1.77301738833048547e-02
1.93284820085456860e-02
2.02706733317296675e-02
2.14684974820989923e-02
2.20441475920822964e-02
2.24630048371202602e-02
2.44946660020989304e-02
2.58875003315187646e-02
2.61545546929892216e-02
2.64572418906937230e-02
2.80865865750338783e-02
2.84406901356984119e-02
2.92634210796434736e-02
3.05702614915853536e-02
3.08527947385962772e-02
3.13099828218684206e-02
3.24992427432511388e-02
3.26198418040776553e-02
3.36834448418834517e-02
3.41700080926157987e-02
3.47254372955161442e-02
3.55528815344863941e-02
3.64619197203511977e-02
3.68582830225416408e-02
3.71909777222854607e-02
3.81588413333287385e-02
3.87242789086812353e-02
3.95343698668220445e-02
4.01744969707540298e-02
4.15346411162854159e-02
4.17782649647535503e-02
4.22166189493150545e-02
4.36211965098396506e-02
4.50978126496969570e-02
4.55428054870479423e-02
4.61183016623627623e-02
4.66378473363310772e-02
4.75329637948961325e-02
4.77384542613950372e-02
4.89642868314377616e-02
4.96756529576635256e-02
5.10950764893538939e-02
5.17637753743879631e-02
5.18850677994311671e-02
5.29963969231324952e-02
5.39932024540658653e-02
5.42595059578650785e-02
5.44304518652066263e-02
5.57204101370531654e-02
5.59890191051755498e-02
5.72149727761363455e-02
5.76483880557158296e-02
5.82720443499582241e-02
5.87240950942095469e-02
5.92712654597287933e-02
5.95842680438108743e-02
6.01931557147282470e-02
6.06767397844244147e-02
6.16657178800619765e-02
6.21266612616038841e-02
6.35771503798954613e-02
6.41232264660181045e-02
6.42340375549017850e-02
6.47033490684981311e-02
6.51638341483879308e-02
6.63012510276423245e-02
6.64414814875042420e-02
6.69523610969637584e-02
6.72444675122780416e-02
6.78766488772946652e-02
6.84023151694982401e-02
7.01207867541909224e-02
7.15821339066999435e-02
7.23112534343217789e-02
7.24786090474928146e-02
7.38610205658558200e-02
7.48142705935020969e-02
7.49477639033026971e-02
7.54703658828677487e-02
7.60110286417157999e-02
7.62817404539691962e-02
7.65918967361968739e-02
7.69213748302155914e-02
7.76656313796122433e-02
7.78405493823856043e-02
1.00944811076730548e-01
1.13743427707081152e-01
1.29992149749439623e-01
2.53144559485329435e-01
3.24431773038588889e-01
3.26548485634859220e-01
3.28830332688873350e-01
3.29481029311016305e-01
3.32138309037262436e-01
3.33733990908894051e-01
3.33939730903383025e-01
3.36139249419362351e-01
3.36627026200059853e-01
3.38409881525961242e-01
3.39363623270793502e-01
3.39767424818353758e-01
3.41695172603335762e-01
3.43426675389492841e-01
3.43838225254831376e-01
3.45807303698670021e-01
3.47328256491950149e-01
3.49036131193032118e-01
3.50218859119077741e-01
3.51396840168549718e-01
3.51944000792884182e-01
3.54206984729067309e-01
3.56361955728145996e-01
3.56677696169848957e-01
3.57322849812317322e-01
3.58541440395765909e-01
3.59400243476646397e-01
3.60707295864810040e-01
3.63779456717422844e-01
