-1.80436609192408724e+02
-1.67647893913808048e+02
-6.89589608774387699e+01
3.06678463349218511e+01
4.72992418622203488e+01
7.66603746256722616e+01
1.02846190412926731e+02
1.34195170499575482e+02
1.39861154292917519e+02
1.45497729774050413e+02
1.69322584165258860e+02
1.82551522256635224e+02
1.88148272466444354e+02
2.13567225480743957e+02
2.15853285800335215e+02
2.25571935154856050e+02
2.31399120629863859e+02
2.55313943378266998e+02
2.60704662422625972e+02
2.82624595916094165e+02
2.92152733609523864e+02
3.28509723484936558e+02
3.44833620484411142e+02
3.46237680723253504e+02
3.62283034426015718e+02
3.70104433683768036e+02
3.82866859886843827e+02
4.00225311409046981e+02
4.13600016620078520e+02
4.36393476311264294e+02
4.48791072041876305e+02
4.58019968021270870e+02
5.00885285638048117e+02
5.10070358480457287e+02
5.12930288165404932e+02
5.20132857168507826e+02
5.25762483066494497e+02
5.45823641076391141e+02
5.74870329724635326e+02
5.86381617019741157e+02
6.11700041387276656e+02
6.18889276070638289e+02
6.49640474366716489e+02
6.56798918004195343e+02
6.84480017977720877e+02
7.14666048386989473e+02
7.31877446785329880e+02
7.53190965668487593e+02
7.63222090402388972e+02
7.70438899456071795e+02
8.04525914878547951e+02
8.27083459455149637e+02
8.31338592708444821e+02
8.36135303810800110e+02
8.61496976717616235e+02
8.66910657843701529e+02
8.79360239824105065e+02
8.98780939392405458e+02
9.02924696372993822e+02
9.09590030295302313e+02
9.26703701552039433e+02
9.28421527852674444e+02
9.43436180535956737e+02
9.50225799440484593e+02
9.57917568944413233e+02
9.69263100796894719e+02
9.81576250886309936e+02
9.86896996245465289e+02
9.91341015105156430e+02
1.00415756969180154e+03
1.01157001292959865e+03
1.02209599700254591e+03
1.03033748592083134e+03
1.04763381521951919e+03
1.05070180141263063e+03
1.05619960599700812e+03
1.07362610772103153e+03
1.09164647293592589e+03
1.09701904412485305e+03
1.10392845964894582e+03
1.11012919734890397e+03
1.12073187531954432e+03
1.12315178911247426e+03
1.13748058732855975e+03
1.14571360190680707e+03
1.16196702536474481e+03
1.16954584089556283e+03
1.17091527393906426e+03
1.18338878447446018e+03
1.19446607764642522e+03
1.19740810768532560e+03
1.19929285620520955e+03
1.21342078301051924e+03
1.21634200919619025e+03
1.22958660880089678e+03
1.23423500898965608e+03
1.24089319868024540e+03
1.24569707162429359e+03
1.25148709808887065e+03
1.25478720398194878e+03
1.26118220147195916e+03
1.26623815484946840e+03
1.27651573563163674e+03
1.28127774955015320e+03
1.29614863263512666e+03
1.30170316293975043e+03
1.30282741143847693e+03
1.30757815704531276e+03
1.31222283721844678e+03
1.32362553983685848e+03
1.32502456756200286e+03
1.33010897977149602e+03
1.33300738767415464e+03
1.33925869060560126e+03
1.34443458973799420e+03
1.36121794878877768e+03
1.37532898965753088e+03
1.38231563960995550e+03
1.38391431598507666e+03
1.39704993342576063e+03
1.40603619256813454e+03
1.40729004941995004e+03
1.41218796045619206e+03
1.41723732562035616e+03
1.41975881425578586e+03
1.42264220689536569e+03
1.42569883857919740e+03
1.43257944488637440e+03
1.43419176038982232e+03
1.63322596858428960e+03
1.73367398669021964e+03
1.85337303394058290e+03
2.58635762358041438e+03
2.92796557905106692e+03
2.93750161408592930e+03
2.94774704591891214e+03
2.95066213753869170e+03
2.96253685632308134e+03
2.96964474189367502e+03
2.97055996266114289e+03
2.98032681200989919e+03
2.98248842690407992e+03
2.99037597464965893e+03
2.99458690331778007e+03
2.99636797125034855e+03
3.00485623594814615e+03
3.01246000490097094e+03
3.01426447495912862e+03
3.02288313552503996e+03
3.02952356525289269e+03
3.03696278409000206e+03
3.04210388938132110e+03
3.04721573920807941e+03
3.04958722883934161e+03
3.05937587258766143e+03
3.06866827691081971e+03
3.07002741211331931e+03
3.07280266910238834e+03
3.07803785255290359e+03
3.08172201155912126e+03
3.08732066743125233e+03
3.10044021871990935e+03
