8.1774225276554091e-05 1.9660776960805926e-05 -1.7828587562718212e-05
7.0311792237376380e-04 8.0139988119531935e-04 -1.7581722587545201e-04
2.0536770931656179e-04 -3.2341645606503988e-04 1.1211069740912905e-04
-2.1553133746721187e-04 -3.3037452325146432e-04 1.4429113918135172e-05
-2.3003875081761826e-04 4.9415928262064313e-04 -4.8696466576847453e-04
-4.1645786410970942e-05 9.3566045570980805e-05 9.3676620606331085e-05
1.9701394304787456e-03 -9.6375348051758181e-04 5.8793515233634963e-05
-3.1645475717509974e-03 2.6380651457911242e-03 -3.2075376281071044e-04
1.2155728394365184e-03 -1.2649938849280673e-03 2.9533644113932667e-03
-3.5203428463876918e-03 6.3050826605681731e-04 -1.1056089601169106e-04
7.1746155836338588e-04 -1.0467370244655605e-03 1.1856852316505240e-04
8.4375396541425118e-04 -5.0913169880018039e-04 7.0732019996322393e-04
-1.9370101864168987e-04 1.7785859421429184e-04 3.4024044984048984e-04
-4.6500777429514528e-05 5.4703478919115867e-05 -1.2620268365992615e-04
-3.7740608636482875e-05 -3.1554419687385149e-05 2.6873995484288926e-05
2.9306845921261981e-04 -4.3491145408142140e-04 -2.1446301033734017e-05
1.0684648242431649e-04 1.1346867121320159e-04 1.0628487628405736e-04
2.8995251971863922e-05 -7.5950568195537471e-05 -7.6682960394092170e-05
1.0940807482207049e-07 2.8297239545338471e-05 2.7646133125003303e-05
-5.6369936815736654e-05 8.1339794612222960e-05 -2.0659656634336443e-06
-4.1327310959515806e-05 -4.1678912499065746e-06 1.2918133101891272e-05
-2.3256644439806351e-05 7.8237999483476983e-06 -8.7646258934981347e-06
3.1201311827544487e-06 -5.7513504110318081e-06 5.3626447700683144e-05
7.7242713953928899e-05 -2.3166409150121581e-05 -9.0903662554708831e-05
1.1055980644725238e-04 7.5426775106635091e-05 -3.2958444853292690e-05
-1.8855989999622125e-05 2.1153724230984494e-03 -8.8160295241834774e-04
4.9392639358769586e-05 -8.3096200320653679e-07 1.5364951737151245e-05
1.3872444813767260e-05 -7.5783062388534717e-05 -8.0419656861119293e-05
7.5652973800022227e-05 2.6255718097667469e-05 -6.1513593804018996e-05
1.8396471321069363e-05 7.4506800860629774e-05 -1.5798312500781009e-04
1.3588373346973270e-04 2.7183207371175855e-05 -1.7798541304675508e-04
-8.2812195423276336e-05 3.0240022195870964e-05 4.2201124483831620e-06
-4.5906892045532999e-06 -2.0933382757881702e-05 -1.6001023625644706e-05
1.4334091510770364e-04 -2.3391279797824183e-04 3.8743276687569494e-05
9.1852949082249502e-04 1.6820027547159722e-04 -1.1833943183288120e-03
-9.7445888591485286e-04 -3.5396629710637839e-04 1.2256496870965972e-03
-2.4430155006349707e-04 4.4251843749498754e-04 -1.9293964418243270e-03
7.7172296741068180e-04 2.8099780285173459e-04 -1.2218986827505773e-04
8.2430338345840237e-04 -9.4741259856800930e-04 2.5154612602307225e-04
2.0290011212509285e-05 1.6151409016607055e-04 2.2834061386034499e-05
2.9425266493632307e-05 -1.1794748686233536e-04 8.0615331335742724e-05
1.1221010539741449e-04 3.7360194019564474e-06 -5.4209713074016008e-07
-3.2181030333422456e-05 -1.5475447822321797e-05 8.9613938155437556e-05
-2.6960694313959976e-05 -4.0414383237763474e-05 1.3259043777003043e-04
1.5648714998484081e-05 -8.2222838585638280e-07 -5.0982084887962742e-05
-5.2939516773875539e-05 5.0256417284622046e-05 8.4198848000482940e-06
-7.1875637996932085e-06 -4.6256122844479108e-05 3.0247316020970416e-05
3.6647152277691220e-05 5.9067041979332657e-05 6.3515417171533528e-05
1.7799266022411331e-05 2.5549375264444230e-05 -2.7537924016662885e-06
2.9348247863048016e-06 -5.0804228620249248e-05 -1.1197877990642979e-05
4.4137699353186122e-06 9.4685802213279047e-06 3.9883349369773669e-06
7.1656495865823899e-06 1.0350077871867924e-05 -8.7790964813372341e-06
6.9140759242802829e-05 6.3067553496762296e-05 -1.2705615342500920e-05
-1.4350812491903397e-05 1.9910178485904595e-06 4.4292435115167450e-06
-2.5414535200773969e-06 -2.2655750568478794e-05 5.1491632093725315e-06
-4.0844176603771487e-04 -1.5708279700299421e-03 -4.0076278325029691e-04
