3.35986493025100459e-05
7.74053880012982133e-05
1.01948756517463834e-04
1.28828276927100765e-04
2.00381805895090480e-04
4.02841090178944635e-04
6.38327277673147770e-04
7.82678144436090343e-04
9.30721417608137763e-04
9.52975310404117018e-04
1.23130862077167882e-03
1.28587316274325039e-03
1.41094502329134805e-03
1.75272878459378084e-03
1.80386820376861171e-03
1.97927429440615575e-03
2.04543574382983146e-03
2.48279211972921281e-03
2.57837243759278080e-03
3.04638711900523558e-03
3.23526579042502814e-03
4.15026585959330212e-03
4.52695554874101447e-03
4.59154063040612039e-03
4.98661731228839441e-03
5.28446462769999355e-03
5.59231688754916519e-03
6.09469906437010590e-03
6.49864122009598342e-03
7.21024841556937128e-03
7.62564037357966410e-03
7.99833542369729478e-03
9.49413286021435522e-03
9.85832111452530219e-03
9.98466897542676923e-03
1.02582757495689337e-02
1.04745447905619394e-02
1.12934966710843739e-02
1.25117616045981386e-02
1.31893103607154567e-02
1.43100462344210779e-02
1.46857295817416043e-02
1.60035293340001911e-02
1.63400126135748412e-02
1.77331039838680045e-02
1.93487635818268763e-02
2.02659792112052303e-02
2.14748569796426661e-02
2.20438147261812455e-02
2.24711294945478812e-02
2.44897632788416524e-02
2.59011956199569765e-02
2.61728273274994955e-02
2.64606436389410483e-02
2.81046295998526249e-02
2.84586196688544346e-02
2.92773554762210571e-02
3.05855043689851926e-02
3.08714873071035817e-02
3.13248680379519667e-02
3.25372247611376980e-02
3.26199345255477613e-02
3.36886130201641404e-02
3.41727678344041011e-02
3.47544682929886231e-02
3.55525028864214429e-02
3.64723148330105204e-02
3.68551458864130183e-02
3.71849059688120001e-02
3.81687305865822391e-02
3.87655082988797167e-02
3.95602128487931443e-02
4.01492006787377217e-02
4.15326773922412226e-02
4.17902315123035786e-02
4.22281682770315123e-02
4.36012214987416824e-02
4.51024985216663329e-02
4.55686448222343485e-02
4.61292771961479831e-02
4.66187640800412931e-02
4.75406376785150533e-02
4.77650952644896529e-02
4.89643782192870566e-02
4.96796291310467528e-02
5.11004330661414541e-02
5.17388322924142510e-02
5.18969291775536468e-02
5.29961565774914392e-02
5.40033858602815761e-02
5.42599816486501393e-02
5.44372180620625382e-02
5.57291867570728558e-02
5.59850234921334261e-02
5.72031343758510821e-02
5.76527069481705540e-02
5.82544891462020015e-02
5.87165538364627579e-02
5.92720077654446745e-02
5.95733998026001035e-02
6.02127854873609411e-02
6.06943135475959961e-02
6.16465794973256667e-02
6.21149360761162894e-02
6.35816513310150377e-02
6.41303846891626561e-02
6.42480310237359964e-02
6.46981874056274386e-02
6.51801087926127953e-02
6.63071594097437850e-02
6.64583254442746435e-02
6.69532028651523697e-02
6.72363690446014378e-02
6.78843068866460952e-02
6.84162477528903468e-02
7.00829665410421521e-02
7.16073873593659760e-02
7.23336156102219879e-02
7.25297011738974817e-02
7.38632315237195275e-02
7.48085388599572104e-02
7.49464750962369336e-02
7.54759246201618800e-02
7.60101256135980730e-02
7.62813766624710066e-02
7.65607700036433220e-02
7.69246274973150179e-02
7.76657828145033702e-02
7.78199333729309439e-02
1.00952546977215354e-01
1.13783056378473788e-01
1.29972226595984314e-01
2.53306054529832236e-01
3.24288193646380229e-01
3.26494451911200689e-01
3.28951406111450018e-01
3.29529553825687493e-01
3.32097547590729847e-01
3.33707005312358973e-01
3.34019211199717669e-01
3.36154769049108904e-01
3.36635577899561833e-01
3.38413660461610422e-01
3.39390682738482330e-01
3.39769086120474850e-01
3.41713050830674991e-01
3.43425292867698018e-01
3.43930396704669183e-01
3.45865179930863520e-01
3.47339307757899063e-01
3.49054613685558845e-01
3.50267537349820968e-01
3.51351851692725259e-01
3.51996392675520797e-01
3.54209871867895321e-01
3.56334044353484258e-01
3.56699603835543055e-01
3.57359188295033658e-01
3.58548951195150789e-01
3.59434988876817463e-01
3.60652114129002554e-01
3.63791171371460997e-01
