2.97964953955058540e+01
4.52261764540065911e+01
5.19033325442977187e+01
5.83458372107342598e+01
7.27668240018830659e+01
1.03174211422899958e+02
1.29875125030295919e+02
1.43812249733253338e+02
1.56824579186615807e+02
1.58688370812528603e+02
1.80379731834785503e+02
1.84333106875119341e+02
1.93089795638394065e+02
2.15209598066726500e+02
2.18326613600264722e+02
2.28695315640165973e+02
2.32486209833783590e+02
2.56138260635757433e+02
2.61021993317766373e+02
2.83724488720985732e+02
2.92387808151747322e+02
3.31163326053409719e+02
3.45865618273981511e+02
3.48324075210211674e+02
3.63000561746165602e+02
3.73684233528650736e+02
3.84414856220195304e+02
4.01310395806078475e+02
4.14396002526872564e+02
4.36495118089046173e+02
4.48892590472458778e+02
4.59731311084861602e+02
5.00877968501918986e+02
5.10394231155323723e+02
5.13654518032547912e+02
5.20644711539309128e+02
5.26104305522366531e+02
5.46284012872471521e+02
5.74994257409498573e+02
5.90357820604951030e+02
6.14928745878080804e+02
6.22948350748404550e+02
6.50297616175687835e+02
6.57098492139624454e+02
6.84536574457219558e+02
7.15040903264337430e+02
7.31792700713905674e+02
7.53302514262650789e+02
7.63216328066449023e+02
7.70578217109018283e+02
8.04445396015699544e+02
8.27302206894803817e+02
8.31628945462399543e+02
8.36189055263700880e+02
8.61773648211606655e+02
8.67183872986950291e+02
8.79569577890845267e+02
8.99004985567654103e+02
9.03198179313917080e+02
9.09806220693684281e+02
9.27245064912588759e+02
9.28422847364710947e+02
9.43508555249778624e+02
9.50264171174154626e+02
9.58317902170800494e+02
9.69257939322509401e+02
9.81716162177938827e+02
9.86854996240995092e+02
9.91260089242064282e+02
1.00428768010475426e+03
1.01210837440134287e+03
1.02243000628762297e+03
1.03001305345745186e+03
1.04760904928951254e+03
1.05085226688632201e+03
1.05634406997249198e+03
1.07338026222850453e+03
1.09170318502946316e+03
1.09733020439447978e+03
1.10405981187659859e+03
1.10990205299355102e+03
1.12082233905462999e+03
1.12346513940158093e+03
1.13748164883545292e+03
1.14575945399431248e+03
1.16202793145300052e+03
1.16926402612588640e+03
1.17104910700246455e+03
1.18338610105940757e+03
1.19457871367507801e+03
1.19741335648684276e+03
1.19936739535663537e+03
1.21351634327092233e+03
1.21629860676849535e+03
1.22945939479730464e+03
1.23428124123146972e+03
1.24070626707246993e+03
1.24561708380761866e+03
1.25149493479617263e+03
1.25467276142544983e+03
1.26138782868593489e+03
1.26642151142494777e+03
1.27631763250893619e+03
1.28115683585649344e+03
1.29619451231324297e+03
1.30177581697006190e+03
1.30296931503557744e+03
1.30752600045426311e+03
1.31238669058016399e+03
1.32368451543012497e+03
1.32519251416466045e+03
1.33011734123843348e+03
1.33292711607197361e+03
1.33933423769347519e+03
1.34457150391447249e+03
1.36085080732496135e+03
1.37557156934137106e+03
1.38252936288635169e+03
1.38440200931725235e+03
1.39707084293525418e+03
1.40598233132543055e+03
1.40727794943816207e+03
1.41223996654658777e+03
1.41722890704624615e+03
1.41975542880076864e+03
1.42235309861279302e+03
1.42572898153162237e+03
1.43258084152992615e+03
1.43400182552229035e+03
1.63328854848005722e+03
1.73397596991258888e+03
1.85323100055484747e+03
2.58718248299203924e+03
2.92731761224313414e+03
2.93725857097904282e+03
2.94828966766446274e+03
2.95087940980040685e+03
2.96235506309180528e+03
2.96952467732566583e+03
2.97091345000850060e+03
2.98039561241754882e+03
2.98252631034900151e+03
2.99039267098071332e+03
2.99470628899551775e+03
2.99637529665298871e+03
3.00493484519481899e+03
3.01245394131287048e+03
3.01466845928923476e+03
3.02313608820230684e+03
3.02957176145299991e+03
3.03704319109359449e+03
3.04231529874132320e+03
3.04702066918462469e+03
3.04981420766284918e+03
3.05938834103866975e+03
3.06854810074472380e+03
3.07012169345220400e+03
3.07295891176641362e+03
3.07807009206713110e+03
3.08187097233288659e+03
3.08708450610110822e+03
3.10049013947746880e+03
