3.09478422661064914e-04 4.78806913565999078e-05 5.83175536817157145e-04
2.66293129653730480e-04 2.35649708243113943e-04 1.93097082898879287e-04
3.79756579987171273e-04 3.44848849351114860e-04 -1.56154528758669834e-04
2.67104098000344110e-04 4.26555944958080329e-04 -6.00428716961834619e-05
-5.92443433278803372e-06 5.19976907357918195e-04 9.27133511815640144e-06
-4.59975423821940555e-05 3.81469816873428983e-04 2.16245386721651400e-06
-2.56796380626809746e-04 7.02549042097509084e-04 1.69059853088467647e-04
-1.56161270652439979e-04 2.94819561128897183e-04 2.19890119725250205e-04
-5.10077676413932951e-04 1.68389789488124171e-04 3.26460903513693971e-04
-5.43358530594717981e-04 1.90651687751307091e-04 9.03565415793659756e-05
-3.00527968373466515e-04 1.13411553714027946e-06 1.10552299893549631e-04
2.52548307347998677e-04 8.91034225913785746e-05 -9.57227944685538537e-05
6.20385775422499855e-04 -1.12773088090589510e-04 -5.06390422758954791e-05
6.04385754154538766e-04 -9.96529368045296618e-06 -1.21737319179786188e-04
1.85154630819266434e-04 -2.08238534489137134e-04 1.22355161569151440e-04
-2.82483170148819336e-04 -1.12974458949417932e-04 -7.89031974220665147e-05
-6.03039165941296278e-04 -2.77344840119280735e-04 -1.06482491100130507e-06
-5.12203178021231574e-04 -2.56067278669590834e-04 -4.47514143867713558e-05
-2.22384066981154683e-05 -3.68258553697240886e-04 -1.96553006080231479e-04
1.25935186774609430e-04 -2.17623349944491828e-04 -5.25050859298805176e-04
9.19500669589915593e-05 -2.67513936952391146e-04 -3.50248593741446252e-04
1.55457423216118250e-04 -4.29406265221318718e-04 -1.98307518015939955e-04
1.44556793261053934e-04 -3.81226227510260819e-04 1.16426680357493172e-05
1.24851716299217411e-04 -4.61158770618170057e-04 2.35572121137458876e-05
1.88990250757885801e-04 -4.06793480256258393e-04 5.59565050720944195e-04
-1.15192657817281209e-03 5.00550496491962448e-04 -9.54374305480966390e-04
1.64407168639352767e-04 -3.19441322972318221e-06 3.52711948010350090e-04
2.38284279738917452e-04 -3.19647824493230807e-05 2.78702775550364302e-04
1.24282624706454617e-04 -8.80218590783791463e-06 4.09717867527005833e-04
2.13276474226772362e-04 1.52998334113809998e-04 -2.75183873168958766e-04
3.01658745974785420e-04 9.76661071141609482e-05 -1.27299581347234284e-04
1.66586388751824332e-04 1.63668775508695217e-04 -6.49052258241753887e-05
2.18541846425548107e-04 1.98125204893269592e-04 7.23442089516422679e-05
-1.41578703000088784e-04 2.25453047092888885e-04 6.95747182728108528e-05
-2.23501603006485755e-04 6.41029288570815658e-06 3.08811561357856556e-04
-2.49698947981522729e-04 9.35174789253503524e-05 1.79721597742174777e-04
-3.15180209861978735e-04 2.32227808712650243e-05 8.82415736596955767e-05
-1.23525448942977690e-04 -1.07643939579081746e-04 2.92143942034190154e-04
1.14064996875808651e-04 8.05766708826402220e-05 -2.79379010047576008e-04
3.36669390876274651e-04 -4.45479343651581131e-05 -8.97788512460522507e-05
3.16951256028210726e-04 -8.57774309425694869e-05 1.41487259176453312e-04
2.89258281747129236e-04 4.88828530865358240e-05 -2.17090162235739461e-04
3.64779183747494080e-04 -1.01350448067480695e-05 -1.96378476583311561e-05
-1.06385969221639665e-04 5.21414788791191671e-05 -2.41399464798922275e-04
-3.30933583664170486e-04 -1.08161219261045406e-04 -7.46038614293161072e-05
-3.17889131997920425e-04 -1.54966527660893366e-04 1.17103904571853260e-04
-2.99309608117637941e-04 -9.53347678477795734e-05 -1.10207124447652430e-04
-2.85117697214969123e-04 -2.02981356802795019e-04 7.09005362677743976e-05
-9.89176823105088079e-06 3.41363482454229769e-05 -3.63997642787812687e-04
1.77510779272633564e-04 1.42787046082363772e-05 -2.71219028911133585e-04
5.77286795163880164e-05 -8.37733969617393846e-05 -1.88331948338244193e-04
-4.76682561971466257e-05 -1.32126382539925614e-04 -2.16304251146406278e-04
1.09313101745291895e-04 -2.32050475543597125e-04 3.28914815391663778e-04
-9.64091634889560002e-06 -2.10072608561095048e-04 3.26354541092721627e-04
1.40763430022555644e-04 -1.98568972389646763e-04 2.85272986788666502e-04
-1.99868617464823485e-04 1.24787406713882119e-04 -3.70262306232679026e-04
