7.63861445165936459e-04 -5.32134538390960365e-04 1.67938507763309985e-03
-8.81459359809433352e-04 -2.53327261755487143e-03 6.01479826060291600e-04
-1.57332324493708597e-03 -1.65646040148281770e-03 -3.11027015862386236e-03
9.47031814751753132e-04 3.75234344530639419e-03 1.35755546139393335e-03
-2.07980455975276257e-03 -8.20683196121407832e-03 2.40586225272898524e-04
2.38426903936161949e-03 -6.51699581432296782e-04 -1.00499022392952497e-05
-4.10770269077520567e-03 1.80046850264758973e-03 1.79523899188183123e-03
-3.75217466907162844e-04 6.46406990499848177e-03 -6.99857466238462678e-03
7.99051810625783787e-03 -6.01768351019149605e-03 5.15725985640713702e-03
-5.68364429687839845e-03 -3.61987596441293302e-03 6.57587620412858342e-03
-6.09353769093434749e-04 3.90438452608332653e-04 1.94339966784884410e-03
-1.07307459794725446e-03 1.27527728504817084e-03 -3.37694001413746392e-03
6.79114691129356629e-04 2.04412601445054520e-04 3.55333255829570760e-03
-6.51986337503629443e-04 -8.67803666115607442e-04 -3.25035253123751033e-03
1.50582868373660972e-04 1.22254381590458649e-03 1.60001833451772768e-04
5.15602976457252282e-04 1.12684632668319518e-03 -4.70079751590457562e-03
-2.10234624235994261e-03 6.67534119657808844e-04 2.44895229000774428e-03
6.50020635283965476e-04 -2.93667629162008836e-03 -9.59208003023626077e-04
-3.87231168937862691e-03 1.04973241944037454e-02 -5.36166075278954324e-03
2.40362171102592725e-03 -8.83891824793758829e-04 1.91910018175711627e-03
-1.42974003601242794e-03 -1.24570785414945817e-03 4.19333562904355972e-04
-2.17569744185741598e-04 -1.68147205141799816e-03 -1.19772813985763449e-02
-8.04346853437998277e-04 3.12668863022125265e-03 2.19371656930644754e-03
1.60368062050952886e-03 -4.49721902343291902e-03 1.28187561233445990e-02
1.16553559509258164e-03 1.60295286121936442e-04 2.83642803117167830e-03
6.12449458126107515e-03 2.23857630087209714e-03 -3.16410459442550973e-03
-3.45744802683123353e-04 6.03320063985446353e-05 -1.12014689662309763e-03
-2.61779895057490108e-04 -2.23529840283676062e-04 -8.66354047448725240e-04
-4.62770448712623850e-04 2.61276662652187852e-04 -8.49897198374360840e-04
-8.42351894552839653e-04 3.53376341078348588e-04 9.78085086449365093e-04
-1.57820961310672914e-04 2.35593246839013726e-04 9.74811167532396716e-04
4.29891701941187421e-04 -8.89201588573751422e-04 -6.34444807236178576e-04
-5.52358247223327936e-04 -5.85960265715002038e-04 -2.93846428865318643e-04
-1.05208935919920421e-03 8.24183157144275924e-05 1.93524437113956616e-04
7.37139999808289481e-04 3.85585442714608817e-04 -6.98323116696819568e-04
1.98954330469902629e-04 -1.29912543047838724e-04 -1.31124961991835320e-03
1.18597182254820410e-04 4.63125060057745230e-04 -7.70469937391382587e-04
5.90049652397894864e-04 1.49879580704226356e-05 -9.94043205582606504e-04
2.85322948130772858e-04 2.84073792448547024e-04 8.26033971746298334e-04
-8.14515824845152281e-04 3.98642029310058987e-05 -1.20031563943723274e-03
-8.65802484558031438e-04 3.25697793462920160e-05 7.60034336799719767e-06
-1.04619374063097403e-03 5.17104170336679658e-05 2.07393580450521142e-04
-4.75738262364799880e-04 4.22275132598848302e-04 9.73476349495031035e-04
8.24206418296669074e-04 7.08141175516652233e-04 1.17188909630705496e-03
1.26245701865812521e-03 -5.49368047064180409e-04 -1.25731100556114583e-03
7.30554517806680792e-04 -7.11581162200491946e-05 -3.96992734417178639e-04
8.51396940567017424e-04 1.59034999667362342e-03 1.55310264537078524e-04
4.87309020687831662e-04 5.36946901544599342e-04 4.52408310529728297e-04
-8.38288708450596332e-04 -8.08114377778501591e-04 8.21677595900904834e-04
3.04893618312540582e-04 -5.22163219306315263e-04 1.02755068383642012e-03
7.78996399759535052e-04 5.83566936871893205e-04 5.18217841732671047e-04
3.53987179555481646e-05 6.51825416614126851e-04 9.96284300621042007e-04
3.48366056070803509e-04 5.23146303542360025e-04 -4.40341746855477112e-04
-1.47659697552704472e-04 6.25900772311061004e-04 -9.28557558030895791e-04
-9.13632003673781057e-04 3.61317491268664526e-04 -8.03819469489042149e-04
1.00604348520527687e-03 -1.99227115642086616e-03 4.58711661416311145e-04
