1.07333986782700143e-03 -4.84253847034360431e-04 2.26256061445025700e-03
-6.15166230155702871e-04 -2.29762290931175743e-03 7.94576908959170915e-04
-1.19356666494991465e-03 -1.31161155213170284e-03 -3.26642468738253238e-03
1.21413591275209730e-03 4.17889939026447419e-03 1.29751258969774985e-03
-2.08572899408555066e-03 -7.68685505385616023e-03 2.49857560391054934e-04
2.33827149697942533e-03 -2.70229764558867799e-04 -7.88744837207873573e-06
-4.36449907140201536e-03 2.50301754474509860e-03 1.96429884497029876e-03
-5.31378737559602796e-04 6.75888946612737858e-03 -6.77868454265937673e-03
7.48044042984390492e-03 -5.84929372070337218e-03 5.48372075992083121e-03
-6.22700282747311665e-03 -3.42922427666162571e-03 6.66623274570794962e-03
-9.09881737466901319e-04 3.91572568145472913e-04 2.05395196774239364e-03
-8.20526290599255838e-04 1.36438070763954949e-03 -3.47266280860601771e-03
1.29950046655185648e-03 9.16395133544650108e-05 3.50269351601981225e-03
-4.76005833490906766e-05 -8.77768959796060462e-04 -3.37208985041729647e-03
3.35737499192927406e-04 1.01430528141544939e-03 2.82356995020924208e-04
2.33119806308432946e-04 1.01387186773377715e-03 -4.77970071332664212e-03
-2.70538540830123899e-03 3.90189279538528109e-04 2.44788746509674296e-03
1.37817457262733901e-04 -3.19274357028967925e-03 -1.00395941741039749e-03
-3.89455009607674258e-03 1.01290656407065048e-02 -5.55821375886977453e-03
2.52955689780053668e-03 -1.10151517473825074e-03 1.39404932245831099e-03
-1.33778996905343627e-03 -1.51322179110184932e-03 6.90849691629097200e-05
-6.21123209696233477e-05 -2.11087831663931682e-03 -1.21755889165922841e-02
-6.59790060176944316e-04 2.74546240271099189e-03 2.20535923734219673e-03
1.72853233680874633e-03 -4.95837779405108869e-03 1.28423133354583444e-02
1.35452584585046745e-03 -2.46498194134321951e-04 3.39599308189262239e-03
4.97256800308826328e-03 2.73912679736405948e-03 -4.11847889990647580e-03
-1.81337634043770586e-04 5.71375931688214531e-05 -7.67434948612747596e-04
-2.34956153185726560e-05 -2.55494622732999163e-04 -5.87651271898360938e-04
-3.38487824006169233e-04 2.52474476744349926e-04 -4.40179330847355007e-04
-6.29075420326067345e-04 5.06374675192158559e-04 7.02901213280406273e-04
1.43837784664112506e-04 3.33259353953174688e-04 8.47511586185162487e-04
5.96478090693011807e-04 -7.25532813065056232e-04 -6.99350033060353992e-04
-3.33816400797779856e-04 -3.87835060821732419e-04 -2.21502219913676375e-04
-1.19366806219929297e-03 3.07871362807316451e-04 2.63099155386767455e-04
5.13638396801803726e-04 3.91995735600316950e-04 -3.89511555338963012e-04
-5.07446175116200993e-05 -3.63950641224883721e-05 -1.13152802217617835e-03
-1.96583027607158325e-04 4.86347840929010275e-04 -6.82228363731687023e-04
4.66524203454917147e-04 -9.26559815086591107e-05 -7.01899263548416349e-04
3.99387945006581522e-04 3.64650463331187219e-04 5.46654961698722327e-04
-4.77846433968877630e-04 -4.68373143415221440e-06 -1.29009449068328490e-03
-5.48851228529820658e-04 -5.32076515962774709e-05 1.49087602544450509e-04
-7.56935458883844798e-04 1.00593270120203797e-04 -9.69658178521831844e-06
-1.10959078617305800e-04 4.12140087792100217e-04 9.53838501836699838e-04
7.17820449075029423e-04 7.60282654395771440e-04 9.30489631508132735e-04
9.31523434993954775e-04 -6.57529266325225775e-04 -1.33191486699046186e-03
4.12665385808760367e-04 -2.26124643880942560e-04 -2.79888829845325378e-04
5.52087332449379482e-04 1.49501522882584384e-03 4.51031400894260942e-05
2.02191323472862539e-04 3.33965544741804323e-04 5.23308846797502667e-04
-8.48180476681647199e-04 -7.73978029533078601e-04 4.57679953113092146e-04
4.82404397585174173e-04 -5.07884514698078867e-04 7.56331654925286589e-04
8.36725079275923034e-04 4.99793539910153807e-04 3.29885893394426827e-04
-1.22695382415984611e-05 5.19699034074201237e-04 7.79980049474635756e-04
4.57679157816095377e-04 2.91095827998762873e-04 -1.11426931463813334e-04
-1.57300613901600075e-04 4.15828163749965983e-04 -6.02203016938174110e-04
-7.72868573651225386e-04 1.62748518879017763e-04 -5.18546482700375701e-04
8.06174867740453382e-04 -1.86748374970698407e-03 8.84493551836321190e-05
