1.84457468824260649e-04 -4.62721140739262452e-04 3.92077748797029272e-04
3.14285512134582007e-04 -3.91671697946355656e-05 9.47372648314372682e-05
4.38578579544839542e-04 3.79261798338978638e-05 -1.20820673841894879e-04
4.70153078252274570e-04 3.35676748716777192e-05 1.35347201574826177e-05
3.52589507796224823e-04 2.27244958683439445e-04 2.02771488218900231e-04
2.73154240164991634e-04 1.62487564935558706e-04 2.05600841245519111e-04
3.33579227034939648e-04 4.42537315891930677e-04 3.65856428689104521e-04
2.24715964984216780e-04 2.10685275981432565e-04 1.70760329242693708e-04
-5.49948803328573137e-05 5.07946820595723430e-04 3.02207970946241785e-04
-1.65917496079382343e-04 3.07019215035062953e-04 4.54944806684914871e-04
-1.00295061071542979e-04 4.11687393081378581e-05 2.47892118274113476e-04
2.62161703213125547e-04 1.01231058081965554e-04 -1.26088181242558291e-04
3.36876546315198976e-04 -2.12296508693463304e-04 -4.69350333090824559e-04
4.09955818626699835e-04 -1.13598980561490219e-04 -4.44189239530096223e-04
1.81224331936278064e-05 -2.58317084389640662e-04 -1.38758200759999068e-04
-2.59000004969998758e-04 1.03759453619304236e-04 4.46240930736566496e-05
-5.72839133024112567e-04 1.91434642555541758e-05 2.15823628783257690e-04
-5.47238542089401600e-04 -2.06410000102379460e-05 1.49780452236546679e-04
-3.23891923463575011e-04 -7.24893890429110897e-05 -3.29866223748261783e-04
-2.00435384936228293e-04 2.54638968957987858e-04 -5.01746398228435976e-04
-1.83074859419096546e-04 9.38480148673119985e-05 -4.14257653706091877e-04
-2.02954062846995656e-04 -9.08558079457386970e-05 -4.18506038877847577e-04
-1.29502777132988557e-04 -2.61827786468842483e-04 -2.86449451543053851e-04
-2.08194173842010861e-04 -3.14713158651288769e-04 -3.07774211550479741e-04
-4.49972274488435420e-05 -6.99491985472607599e-04 3.17521866441861330e-05
-7.42764469859495745e-04 8.42184859652311195e-04 7.85232055970300951e-04
6.58391148849294685e-05 -2.94817567682378705e-04 2.28142059442325979e-04
1.09568406800462001e-04 -3.55665174039497675e-04 1.58911243494451920e-04
2.00497268962739032e-05 -3.05854750654317937e-04 2.97507397201893307e-04
2.35697077383799066e-04 1.05342216714035723e-04 -2.47585075537772796e-04
2.57973597307759235e-04 -1.13940662886639850e-04 -1.83847630169613814e-04
2.42751894351300734e-04 -5.11657580264342947e-06 -6.63632328546558603e-05
2.72011875198552690e-04 -1.18401873208500211e-04 3.75588311367390173e-05
6.99495081102042654e-05 1.82455277616171033e-04 1.55288817758877169e-04
-2.37262913595003651e-05 2.25842288085979331e-04 1.71757437066429681e-04
-1.04082744421192201e-05 3.48703836164350174e-04 2.23494507802037383e-05
-1.61082391185100399e-04 3.57310631418798919e-06 3.20791209380218362e-04
-6.26854351611030885e-05 -2.34537938651092610e-04 2.28686998536310954e-04
1.04174484459985185e-04 2.26177811993534517e-04 -2.10769693582898364e-04
1.93614349518460391e-04 -6.41073356355487199e-05 -2.80537353638847075e-04
1.68450568921099902e-04 -2.79503665667588553e-04 -1.55977052906877678e-04
2.13001737593687560e-04 1.09174466748423191e-04 -2.86620650929904721e-04
2.51566744925186419e-04 -1.27157621020288961e-04 -2.44730856705692250e-04
-7.77913877821417258e-05 2.64918187841964910e-04 -9.62020803208059804e-05
-2.87627467507377364e-04 1.23253572581643212e-04 1.21242410832581553e-04
-3.02349388127757894e-04 -1.33154522915255550e-04 1.77720319849216854e-04
-3.23844277463509740e-04 8.98977806755159553e-05 7.27013179666324014e-05
-3.18683396440858004e-04 -1.21658639767145300e-04 1.18617972247464021e-04
-9.59839889590380130e-05 3.07251847915952379e-04 -1.74894006628388251e-04
6.57945717545525984e-05 2.12000529559556609e-04 -2.67967189014206282e-04
-4.52751064703909035e-05 8.26815494217603153e-05 -1.97511736869246786e-04
-1.63410424753172964e-04 9.75069321839539406e-05 -1.74821421878457948e-04
-1.78195751942701841e-05 -4.25369116693900351e-04 4.68862636802583644e-05
-1.04564513465601807e-04 -3.55259139532173814e-04 1.02032124674430571e-04
3.02453597443624147e-05 -3.81328513186769073e-04 -2.01844064757766268e-05
-1.87967183107127047e-04 9.78241407255332811e-05 2.28029005789269382e-04
