-3.34252461411388424e-05 -8.73443081595404180e-03 6.31220345231575664e-03
-3.65396931767580924e-03 -2.60480132303619882e-04 4.95804773638119922e-03
-2.42976954379514609e-03 2.07161879458417353e-03 -1.19119517709140865e-02
7.64212200310510070e-03 -1.77155048067545451e-03 5.72790751954199706e-03
-1.07747444277599413e-02 -8.91115409127118951e-04 -3.43912791898270953e-03
-4.55325654103688748e-03 -3.00526519689192639e-03 -3.30639568787560734e-03
-5.41803769576265637e-03 -3.63564375790303984e-03 -3.97569900057348491e-03
1.05525440628886358e-02 1.01977358648497329e-03 4.35065807471790578e-03
4.40427241475971343e-05 9.27571717642727833e-03 -4.56683389085021929e-03
7.57599969767319692e-03 -8.28036832855125193e-03 2.16444360043510642e-03
1.18403919704479499e-03 -1.39348672905992288e-02 7.93506208072436436e-03
-3.31406256638455687e-03 1.68218433865194861e-02 -4.47100767223762574e-03
8.32851503618847744e-03 -1.26611616705529784e-02 4.56685808300694163e-03
5.25184963787950210e-04 5.61986485596377427e-03 -1.05274748329993173e-02
-1.02478499559865988e-03 -3.34490563926870266e-04 8.25691440398212961e-03
2.82386520574240407e-03 1.21824128150942457e-02 -9.11325609080559929e-03
1.67063918033427683e-03 -2.40224496212970706e-03 1.19465977269799239e-02
-7.44690663915292816e-03 1.65375456153837863e-03 -2.04363770501481135e-03
2.31962136854990675e-03 -2.47812940675640192e-03 -4.06130444642993638e-03
5.08132682805040314e-03 6.54533883458618959e-03 2.77119088910282585e-03
-8.12598274694753542e-03 4.95396700618933039e-04 -1.10702420162045456e-02
1.40228470378112036e-02 4.76220196912713334e-03 3.42479226617484755e-02
1.55373446298590068e-03 2.63170497628273381e-03 2.57971383237531882e-03
-1.35492761341460266e-02 7.41285512634703991e-03 -2.38036133886692092e-02
-1.32188655924059262e-03 -9.58344725294502098e-03 3.78140557187567339e-03
-8.24717393522789166e-03 -1.82568136725436148e-02 3.80453695506943745e-03
-9.40326306124994460e-03 1.13889659591648318e-03 -9.31729667366854031e-03
-8.96013621571989383e-04 1.37315180602595177e-02 6.78019541288003846e-03
1.18996846836814107e-02 2.69492970284113120e-03 -8.22289849164059561e-03
6.90644684453900481e-04 -8.34734351744925718e-03 9.27598763190085052e-03
-1.11387103302140744e-03 9.32252811170108941e-03 9.33370348516304738e-03
-1.04107154966555093e-02 -2.16975174068256838e-03 3.49595637059318953e-03
-3.66827512802148092e-03 1.02164211335851185e-02 -5.35804840916309644e-03
1.59724140544195703e-03 -1.13461386941673403e-02 -9.24582997937362094e-03
1.20386708300040945e-03 -7.15448307929955618e-03 -7.29075113078891945e-03
1.24010535447491299e-03 -8.35140251232147079e-03 8.92922432147558176e-03
-1.61805900687189697e-03 5.91065589628936294e-03 -9.39459224926597614e-03
-4.05756025602110881e-05 1.04849125175006108e-02 -4.17368564772946371e-03
-1.05482924853128601e-04 -1.00638792680749489e-02 4.61087278842553516e-03
-1.14279815716415989e-02 -2.64581232272687039e-04 4.38426727907215152e-03
-2.60874117755593993e-03 1.25367122482877846e-02 -4.82096242487803535e-03
-1.45780686395813319e-05 -1.05394820860542637e-02 6.54053550534205996e-03
-1.82126704577001419e-03 7.05038046665462659e-03 1.03272872323278975e-02
-1.21152679486236092e-03 -1.05367971946730421e-02 4.96728903431842284e-03
3.36223079257758073e-03 -7.43376117565719419e-03 -6.34607618349403158e-03
1.81067437852933111e-03 8.38471018747299901e-03 -1.03095542669353613e-02
9.90437785996434172e-03 -7.38138296807711036e-03 4.10741322990093582e-03
6.14137890855159796e-03 9.83056231024637128e-03 -6.20468217144787282e-04
1.43992538273929327e-03 -1.21506486850577744e-02 -5.58087126026873825e-03
-1.14503213050332064e-02 -2.74461607133091867e-03 3.86103939245918681e-03
-1.51080761531423996e-03 -3.04728276509735885e-03 1.16813323329894025e-02
1.18111581316235892e-02 -3.63088713106396455e-03 -9.91086419243503158e-04
-9.66381718998188255e-03 4.01579212240710248e-03 -1.03440185900431914e-02
1.23515423183542250e-02 4.89027297796340576e-03 -6.90025007458761053e-03
-9.76537753833883748e-04 8.73958770507021754e-03 8.58741185576095134e-03
1.12206972440476171e-02 1.18327901219130727e-02 -9.18812028129067926e-03
