-1.51032222683121807e-04 9.19715195669330507e-03 -6.70428120111278558e-03
3.33968380554122701e-03 2.99647302098255428e-04 -5.05278500121263650e-03
1.99119096425030666e-03 -2.10954497441807149e-03 1.20327724447559809e-02
-8.11227508135737609e-03 1.73798280580377690e-03 -5.74144223969947926e-03
1.04221549199637158e-02 6.63870450443679533e-04 3.23635643076380930e-03
4.28010230087189601e-03 2.84277763195636777e-03 3.10079484663008812e-03
5.08445846872771640e-03 3.19310644201110938e-03 3.60984257188438039e-03
-1.07772600278728519e-02 -1.23045886246640583e-03 -4.52141840396059948e-03
1.09521561852601794e-05 -9.78366399702300209e-03 4.26462591990397783e-03
-7.41008220159381469e-03 7.97334911351618887e-03 -2.61938840712002113e-03
-1.08374413597325196e-03 1.38936985512910904e-02 -8.18295419899847838e-03
3.05190086317143122e-03 -1.69230744446014526e-02 4.59709585348018392e-03
-8.66539158250367696e-03 1.28734581792464414e-02 -4.09750774991611728e-03
-9.35140782414650099e-04 -5.50626587540228429e-03 1.09716640725294138e-02
1.00666256240503202e-03 5.92807648316510927e-04 -8.11815620322212973e-03
-2.56486520077240515e-03 -1.22861722687135494e-02 9.06863199773194281e-03
-1.09780004731016437e-03 2.38310149787415281e-03 -1.21624213557631825e-02
7.99414518124232955e-03 -1.63311356152814066e-03 1.89385725277826456e-03
-1.99572944508633185e-03 2.55061879579931289e-03 4.39117067017819832e-03
-4.88089144311417474e-03 -6.79997780354417783e-03 -2.26944449087438998e-03
8.30905760636663215e-03 -5.89244715486245065e-04 1.14844996699106378e-02
-1.38198929749642086e-02 -4.67134616118139445e-03 -3.38294166228706311e-02
-1.42423168585291220e-03 -2.36987718981389144e-03 -2.29326438083226475e-03
1.37574703079880369e-02 -7.09814196769575131e-03 2.41113876002196879e-02
1.36688378668943619e-03 1.02829392384176290e-02 -3.81315775851985951e-03
8.98993840508738665e-03 1.74146288128913043e-02 -4.58976901103973819e-03
9.33742394636501508e-03 -8.44079028234104474e-04 9.08915461422621362e-03
7.86445214771527368e-04 -1.33758528862200198e-02 -6.93910665637449079e-03
-1.19197344105776842e-02 -2.38907495218681348e-03 7.92539109443870203e-03
-9.26341761837699493e-04 8.24200130073522198e-03 -9.02840255636307848e-03
8.55897435713648207e-04 -9.20858744881444986e-03 -9.14985585499343383e-03
1.01679636023042086e-02 2.17486831648521168e-03 -3.42959313773853356e-03
3.39626325282292845e-03 -1.00980192603766176e-02 5.32048957802635711e-03
-1.66719091355216125e-03 1.11636834165511692e-02 9.09054116161474302e-03
-1.18014079164090917e-03 6.92864079121357709e-03 7.11899369372248972e-03
-1.22969708003279384e-03 8.00269867615712067e-03 -8.95157377225578622e-03
1.77914139805699745e-03 -5.91422900260355107e-03 9.07380103988575729e-03
1.03261037721314177e-04 -1.02503745788495183e-02 3.94499864919315314e-03
1.30844039314341573e-06 9.83770145608141473e-03 -4.40010309484263704e-03
1.12343672221231379e-02 3.28688567908235786e-04 -4.10372992543330418e-03
2.44029060863483992e-03 -1.22572085826201955e-02 4.97693947778491286e-03
-1.98423668954106228e-04 1.04303076193058408e-02 -6.25391485441215492e-03
1.56970030084482783e-03 -6.92322284563433744e-03 -1.00825563756222047e-02
1.28931818264450262e-03 1.02718790068310768e-02 -4.87108695399761718e-03
-3.07460332507020337e-03 7.31050760307555125e-03 6.22483377266145037e-03
-1.50832499040157316e-03 -8.25155566455774286e-03 1.01318339470861437e-02
-9.58053358250083274e-03 7.29148518740159457e-03 -4.18011454786756855e-03
-5.82269551211074023e-03 -9.70890367047922559e-03 5.01850244897323206e-04
-1.34394139378025534e-03 1.18433968371418220e-02 5.75576526689712629e-03
1.13845267332786538e-02 2.53261554177136193e-03 -3.59307220344498059e-03
1.55608272178463084e-03 2.96460121567559834e-03 -1.14838205961201555e-02
-1.16477477068704163e-02 3.53338019888001058e-03 1.16590784112196102e-03
9.68163676517615202e-03 -3.59042300571320219e-03 1.02971323263629337e-02
-1.22469778048886237e-02 -4.53501383843123163e-03 6.79821794991317986e-03
9.46292394089521378e-04 -8.35825919188344819e-03 -8.56722744928517521e-03
-1.10327300609404898e-02 -1.19306142626386062e-02 8.96009127550140977e-03
