1.91838176915664466e-04 -4.17087894195343543e-04 4.74388807543527774e-04
3.18073471961690421e-04 -5.78480892633150004e-05 1.75002642585797916e-04
4.78775501994505612e-04 8.23949980076760236e-05 -7.62659396907151084e-05
4.57203598870105409e-04 1.50793119710530528e-04 7.02812545925814597e-05
3.08565964162928490e-04 3.53067659739343762e-04 1.88946746015622273e-04
1.91688529468243796e-04 2.84295670989218453e-04 1.48608901272993978e-04
2.47084952139622525e-04 5.41388519174574928e-04 4.12409830081350635e-04
8.58776085629385044e-05 1.85388327592304230e-04 3.37805018065403986e-04
-2.87053832174534636e-04 2.84585070765861446e-04 4.20511520176325882e-04
-3.22875243720625741e-04 3.79164725628542906e-04 2.55479768090199650e-04
-2.14230317802732115e-04 1.08122519488297776e-04 1.68328761727216817e-04
2.80909443579295559e-04 2.54160945994808657e-06 -1.15711045033110017e-04
4.39077230599474097e-04 -3.17562790321690110e-04 -2.81762970899491192e-04
4.98021780889567928e-04 -2.29642042063812402e-04 -2.80786432643994244e-04
3.73739818064854119e-05 -3.00568655750117482e-04 -4.90071492334304230e-05
-2.76669545590621892e-04 1.01109694684578048e-04 -1.18746342828177005e-05
-6.40665702574331510e-04 6.93719119813704642e-05 9.22273457623290699e-05
-5.68878584994362505e-04 2.35113722205504117e-05 4.14404259017681610e-05
-2.28196051628317732e-04 -1.41484954607586165e-04 -3.15306929530872473e-04
-4.72506521265619690e-05 1.22061600967258551e-04 -5.67015116879631114e-04
-7.89009491259645831e-05 -1.85505323049788160e-05 -4.50052568728266027e-04
-1.01702846825525687e-04 -2.54386938792737776e-04 -4.32395478094835934e-04
-6.22977956285077961e-05 -3.26699829494490142e-04 -2.25197062898695752e-04
-1.34095800549162127e-04 -3.87362203389306247e-04 -2.56001632822281397e-04
-7.63771580867486925e-05 -6.72345603039209579e-04 2.16206561711020507e-04
-6.08388273426727620e-04 1.40709821741880417e-03 -2.29862870197326905e-04
7.34495740311007098e-05 -2.61443496378215912e-04 2.77166495762414921e-04
1.30767683220805238e-04 -2.89242092942577347e-04 1.97280560149815700e-04
3.82737377678103356e-05 -2.64561715644909940e-04 3.31503851671417391e-04
2.54277382870007364e-04 1.02356749426805763e-04 -2.18441871705620574e-04
3.00210173336392739e-04 -7.06579688324744085e-05 -1.13321942141711267e-04
2.33974665603126211e-04 3.05034320377411666e-05 -1.59223359866082229e-05
2.77637895322050559e-04 -3.18237985324630029e-05 1.14062550530721020e-04
4.35427056605813438e-05 2.03298564232016961e-04 1.59566494832276998e-04
-1.80873657763063134e-04 1.36021286604041109e-05 3.26586885468902919e-04
-1.35143749773194191e-04 1.52624621455392431e-04 1.88000861428212768e-04
-2.37305665971273481e-04 9.02517402935621696e-05 1.74493600109156254e-04
-1.66835763180993307e-04 -1.30960549610221924e-04 2.42305140197023971e-04
1.65983359044997590e-04 1.34390155585412384e-04 -2.38925435731920672e-04
2.45725189304698242e-04 -1.34611878804056899e-04 -1.94011162971749387e-04
2.03268767683016622e-04 -2.86577926608805301e-04 -2.01782662963467585e-05
2.74924678024382474e-04 1.47969328230865616e-05 -2.41353348104716146e-04
2.93302313562822414e-04 -1.74430489802249671e-04 -1.28536563723580081e-04
-4.90758190282138753e-05 2.11461853992184234e-04 -1.46733222498505371e-04
-3.38086152705881443e-04 1.13505647612001045e-04 7.10618840652727326e-06
-3.41627610810617093e-04 -1.72006602856117104e-05 1.41945722313141520e-04
-3.24925320815584652e-04 8.89246299718162402e-05 -1.87703915435279110e-05
-3.34559752536366616e-04 -8.95251696317039955e-05 6.98161270357615594e-05
-2.82915748836135567e-05 2.39729919592408672e-04 -2.69591735602893229e-04
1.36082284561419773e-04 1.23278111369702761e-04 -2.83445278615876255e-04
-1.00297372925528246e-07 3.20212358456862937e-05 -2.12315736641665556e-04
-1.17559244434101287e-04 4.84244243960677093e-05 -2.23222241754537557e-04
-4.69086643984158874e-05 -3.92590108630324849e-04 1.46605386464231043e-04
-1.27153715347138344e-04 -3.13721907537459828e-04 1.70928211991734863e-04
1.30327572559037075e-05 -3.57485238453657749e-04 1.00169830025744787e-04
-1.42913664923530399e-04 2.44307369794171119e-04 -3.31661256584946779e-05
