4.60460398112871871e-05 4.54246120032308909e-04 -4.19723845922703731e-04
-3.37657184934947452e-04 3.12029678051661818e-04 -3.80753543742784473e-04
-4.60876085503159061e-04 -1.05788160373543327e-04 -9.23564398682685805e-05
-5.03874144799354440e-04 -2.12131079658561816e-04 8.65982951570032355e-06
-3.21483288319157623e-04 -2.24603547302582029e-04 -4.55025375793116638e-04
-3.04444599919406755e-04 -4.49493748158502626e-04 -1.04499471040853109e-04
-5.32414228188282657e-04 -5.69400603026792851e-04 -2.52014241620912571e-04
-6.62799642090816654e-04 -9.43085862553871834e-04 1.78281482993369877e-04
9.46159588664841067e-04 -1.07796000346400689e-02 -1.62843037177751171e-03
1.00993109592764085e-02 1.78737122653940261e-02 -1.70073842094140559e-02
-1.31477074475303546e-02 -8.86463687695693281e-03 1.30851238777260903e-02
-5.67043682142553962e-05 1.27257178536743787e-03 1.47077743449797183e-03
-1.26349414588133868e-03 7.22990340840112822e-06 5.30306066846009116e-04
-6.13432289121362828e-04 3.26971151048738307e-04 2.26200058742520582e-04
3.39239092534970865e-05 1.55772142039545258e-04 3.56877283467449402e-04
-1.84316694956443428e-04 -8.45789205147884360e-04 4.86280554565787781e-05
1.01735347556441980e-03 -2.44175375599287037e-04 1.88521329513413605e-04
5.73893896847366136e-04 -2.38089929227580654e-06 -9.07010669015662074e-06
2.20850783804849016e-04 2.59739904998057547e-04 3.30379088695487155e-04
1.85136221524384581e-05 -5.93839777085491960e-05 5.83010087161994761e-04
8.58745008467387549e-05 -2.47828263564286999e-05 4.33772822752587217e-04
1.36770359549842624e-04 2.75308092631210144e-04 6.18974247151626855e-04
8.70100968484166515e-05 3.30663434521483168e-04 1.56669975270418149e-04
1.67878013469291432e-04 3.39737714927679235e-04 2.20249833875058032e-04
1.98869125976219863e-04 5.55555920493944200e-04 -3.15308458449514717e-04
6.48108832630001075e-04 4.65209599427396370e-03 3.27021702049457019e-03
-9.57205937675009721e-05 2.84011974141407109e-04 -2.71859270986940516e-04
-1.30665464367130113e-04 3.36856470803947872e-04 -1.65320616733466430e-04
8.95503776161543641e-05 1.52577707331236212e-04 -4.09859308102777931e-04
-3.02312109371927207e-04 -9.11989426659598479e-05 2.48792711741163686e-04
-2.82341459790114158e-04 7.51096040090271089e-05 1.42200498348343807e-04
-2.57343326022674290e-04 -2.34408585155776450e-05 1.28578848882510144e-05
-2.51722359623451908e-04 2.82593415761311917e-05 -1.29323955897042708e-04
-2.23036694357858778e-06 -2.63054781376670377e-04 -1.28919024899865065e-05
3.44478053280661278e-03 3.89849336506975508e-03 5.21280445106642176e-03
-5.40663206004898811e-03 1.15686845096840685e-03 -1.00187334193679867e-02
6.76271611188417054e-03 -1.57037214657340385e-02 -4.28576865002106011e-03
6.30187299578199855e-04 -1.93081385795368377e-03 -1.20681844623549139e-03
2.60632223723078482e-04 -6.57742121993099005e-04 4.40238049859598135e-04
-3.52484060925473131e-04 4.41850275637811762e-04 3.15004428013798687e-04
-2.10749489242267884e-04 2.40962425136714842e-04 -1.70422501686307015e-05
-2.69884528988795225e-04 -4.48196945135315161e-06 2.78080242859690685e-04
-2.74228064149006912e-04 1.63460701388284946e-04 1.31925594667903212e-04
-3.69267520473837152e-04 -8.08493319091940776e-04 -7.92307277284187705e-05
6.59489272382351999e-04 3.47090185539578044e-05 -2.57692496544330296e-04
5.29018145806414708e-04 1.00973132449277969e-04 -1.34125672483609293e-04
3.36044217902120579e-04 -8.84019696969495783e-05 -1.03201853225431961e-05
3.60518439972423721e-04 7.20310484769726145e-05 -5.82738666822235629e-05
6.29598217344318201e-05 -2.35021118603739865e-04 3.15919528897312674e-04
-1.50573934889486338e-04 -1.08863456525165603e-04 2.82947869560068455e-04
4.58139832648640777e-06 -3.94725714456534149e-05 2.03597869645744112e-04
1.11813599901200433e-04 -5.32415835339250521e-05 2.23287937720195728e-04
3.47090353834955678e-05 4.50653977913217929e-04 -1.81550360251581111e-04
1.31780279149840140e-04 3.62037136348414279e-04 -1.49672819682811209e-04
-3.57206998253256636e-05 3.12705227079490555e-04 -1.06832243332605215e-04
-9.06906762456305415e-04 8.37367770308139470e-03 9.02242808319342338e-03
