2.37884216726951653e-04 3.71582258369653655e-05 5.46649616208240430e-05
-1.95837129732570310e-05 2.54181588788346825e-04 -2.05750901156986557e-04
1.78994164913465507e-05 -2.33931623658673038e-05 -1.68622379558983689e-04
-4.66705459292490309e-05 -6.13379599480312881e-05 7.89410841082817833e-05
-1.29173241562291334e-05 1.28464112436761733e-04 -2.66078629777494365e-04
-1.12756070451162959e-04 -1.65198077169284173e-04 4.41094302321408686e-05
-2.85329276048660132e-04 -2.80120838522179231e-05 1.60395588460438064e-04
-5.76922033527878177e-04 -7.57697534961567550e-04 5.16086501058773918e-04
6.59105756490306486e-04 -1.04950149638742066e-02 -1.20791885160118594e-03
9.77643571555578302e-03 1.82528769910225708e-02 -1.67519044413238574e-02
-1.33619377653330859e-02 -8.75651435746863452e-03 1.32534526394533069e-02
2.24205075365040162e-04 1.27511339482738587e-03 1.35506638946486188e-03
-8.24416915281864530e-04 -3.10332886913288982e-04 2.48543095946517924e-04
-1.15410508231794900e-04 9.73291089849259044e-05 -5.45863739014736614e-05
7.12978910599825052e-05 -1.44796513710572223e-04 3.07870134234018993e-04
-4.60986240547065320e-04 -7.44679510463306326e-04 3.67534211737610743e-05
3.76687772990088286e-04 -1.74803463617916586e-04 2.80748675275742702e-04
5.01531185300363100e-06 2.11304729282746051e-05 3.23703192116115402e-05
-7.34526782346871633e-06 1.18254950390471382e-04 1.50721591646146825e-05
-2.87370299741235109e-05 6.26776232587093551e-05 1.59949702823636471e-05
6.97355172077417183e-06 -4.33333586614075125e-05 -1.62797459756788094e-05
3.50675127243169370e-05 2.09211538384723684e-05 1.86578769056790922e-04
2.47123012199088553e-05 3.96360502699302656e-06 -6.85270876282776027e-05
3.37822129201293048e-05 -4.76244884616270118e-05 -3.57517989472233653e-05
1.22491967889471170e-04 -1.16789682545265379e-04 -9.91018967384942094e-05
3.97205592032734553e-05 6.05919421169276787e-03 3.04035415029724329e-03
-2.22710197364002624e-05 2.25684777631911964e-05 5.30722477547440575e-06
1.02218853675125221e-07 4.76143778613705246e-05 3.19599434163492702e-05
1.27824115383964713e-04 -1.11984008313673728e-04 -7.83554564313605393e-05
-4.80347265019198427e-05 1.11578067608459150e-05 3.03508400355431121e-05
1.78687135462785810e-05 4.45163517655270042e-06 2.88785562066325402e-05
-2.33686604195480795e-05 7.06257352216352165e-06 -3.06445109835720852e-06
2.59155356985986515e-05 -3.56445695633181124e-06 -1.52614053663216882e-05
4.13123387170027560e-05 -5.97562171446534157e-05 1.46674592342290491e-04
3.26390687504354978e-03 3.91209549373015917e-03 5.53939133653532506e-03
-5.54177580982218206e-03 1.30949307242379928e-03 -9.83073255793977425e-03
6.52541044591289747e-03 -1.56134697254404764e-02 -4.11127504991190378e-03
4.63351536397206575e-04 -2.06177440756390553e-03 -9.64513306038467422e-04
4.26615582768076072e-04 -5.23351966407686648e-04 2.01312614127677463e-04
-1.06758871620774888e-04 3.07238396833754864e-04 1.20993265042049301e-04
-7.48072155925126234e-06 -4.56155014720904589e-05 -3.72205164649774600e-05
5.04014903558724914e-06 1.03149633717334100e-05 3.67268947549745394e-05
1.90742494138155020e-05 -1.09697884139647254e-05 3.38903094432313088e-06
-4.18343339502051041e-04 -5.97031465099756489e-04 -2.25963950226924142e-04
3.21403119676470555e-04 1.48214666165958850e-04 -2.50586308137803050e-04
1.87390534995797615e-04 8.37724721636662621e-05 7.82004982953222712e-06
1.11188970865359264e-05 5.22660274866661861e-07 -2.90905768660711071e-05
2.59586874360571052e-05 -1.74941211547313810e-05 1.15422603535379964e-05
3.46682468508182633e-05 4.70880098866880738e-06 4.63277932944194449e-05
-1.44916503280665657e-05 1.44146548445371581e-05 -4.97409055807800093e-07
4.48110095356087952e-06 -7.45133559996712124e-06 -8.71786699592144460e-06
-5.74564453290085327e-06 -4.81715913785734273e-06 6.56959656581714273e-08
-1.21996290149203196e-05 5.80638692828930802e-05 -3.49449737873500684e-05
4.62656380270179694e-06 4.83152288109544507e-05 2.12553923089236541e-05
-2.26879425694219560e-05 -4.47800113741671940e-05 -6.66241330686042764e-06
-1.04982042737983587e-03 8.61798507287556657e-03 8.98926195753492821e-03
