3.38257719367635729e-04 -3.68462368240770461e-04 5.83023517262314908e-04
3.82912865654048723e-04 -2.31995936397172981e-05 1.24965252722215056e-04
4.58630856599227875e-04 1.02612093290148785e-04 -1.57749614546090879e-04
4.48093033444246444e-04 2.06191391179466225e-04 -5.12929069578070635e-05
2.45315206503361901e-04 3.43901643470349622e-04 1.17481589880989265e-04
2.19080777269181740e-04 2.98421539955068282e-04 8.24934811444956353e-05
2.69258486122002166e-04 5.84535357654785196e-04 3.76035639272130769e-04
4.99197944015990281e-05 2.00632765907967731e-04 3.54309998334276276e-04
-7.71270173878440353e-05 2.62512652474044693e-04 4.27098673366905416e-04
-7.74133786292300133e-04 2.89075968162323389e-04 5.77562954306936206e-04
-1.77905763709697789e-04 1.43898498376036237e-04 1.86010355080327625e-04
2.46624485830715802e-04 4.69407571096513884e-06 -1.05006317484068986e-04
4.46538016728170077e-04 -2.76185505269376278e-04 -4.05084943469742164e-04
4.38526455706555400e-04 -2.45491899162897159e-04 -3.94567450893986880e-04
3.62174691992398406e-05 -3.16927422078491837e-04 -5.24680034318871663e-05
-2.82079051204068296e-04 7.61602790309856299e-05 4.67376865953989131e-05
-6.08766786949263951e-04 1.95465852074988766e-05 2.11033135352466821e-04
-5.74064374210342615e-04 -8.69184868547974066e-06 1.35065052978645961e-04
-3.01254892667858617e-04 -1.72917907500062969e-04 -2.22989192944181888e-04
-1.63927760042313094e-04 1.08203271293885815e-04 -5.74623134630508907e-04
-1.48592550318559673e-04 -3.40359390965936829e-05 -4.09978823938319885e-04
-1.86654313329053965e-04 -2.91981540604368476e-04 -4.23699970533456373e-04
-8.54521779344521060e-05 -3.23273742778542618e-04 -2.06722528205988067e-04
-1.47415924895644200e-04 -4.10139662581200041e-04 -1.89673359091560426e-04
1.44641367316430256e-06 -6.68449379220152780e-04 2.31320406215175376e-04
-6.91288084837815022e-04 1.36345131098010810e-03 -2.82337131335573619e-04
6.52295014554973060e-05 -2.85831917673141586e-04 1.50084194440011680e-04
1.89781192455279582e-04 -2.57968504971739846e-04 1.72820177813517615e-04
2.00699712203037496e-04 -2.12352321398375567e-04 2.56966741867061075e-04
2.09125724781968248e-04 1.11348607513054665e-04 -2.75054897744601205e-04
2.67863745209144901e-04 -4.59259469708017668e-05 -1.89054934562016502e-04
1.97203143460787048e-04 4.18971413514177216e-05 -4.08443954137014195e-05
2.96845456247700056e-04 -1.85449572591147700e-05 5.36553233606663484e-05
4.71681145764618907e-05 2.02169126177921988e-04 1.38707824050394014e-04
-1.17928956659182590e-04 -3.17639014295270181e-07 3.61991907019104230e-04
-9.90921452186355845e-05 1.50100802779896394e-04 2.57683943087483032e-04
3.28889330464490477e-04 1.93576487195399357e-04 -3.52052915444303746e-05
-6.26282037151389527e-05 -1.37703775310237566e-04 2.68136070902409631e-04
5.26848889998680230e-05 1.49633772482858532e-04 -2.40116228142930996e-04
1.55853145183783466e-04 -1.36519698348891016e-04 -2.20131471394429117e-04
2.07738295869491134e-04 -2.76123415461333277e-04 -8.24775702962638027e-05
2.22772538722004006e-04 1.42644039663188032e-05 -3.06266941753316469e-04
2.73982494783613854e-04 -1.34033576968981580e-04 -1.84039605335892405e-04
-1.01320082294856272e-04 2.39674468303020111e-04 -1.03493847429444251e-04
-3.53179395264211621e-04 9.00987619894759966e-05 9.91584660991249824e-05
-2.95409830845455048e-04 -5.37818794830306383e-05 2.22640578388139408e-04
-2.87074263666926410e-04 4.39782761642537422e-05 7.55462013149409118e-05
-2.90755984922547617e-04 -1.15371899404616448e-04 1.34803126512695356e-04
-1.21883596307920236e-04 1.98700603382774116e-04 -2.56935851238100264e-04
9.68765574593645029e-06 1.25616269965984597e-04 -2.95611057559418101e-04
-5.26253881453520123e-05 2.27146327461166103e-05 -1.97425725238945465e-04
-1.75865322980775193e-04 3.60983133086338102e-05 -1.92370629428581497e-04
2.73612046711780645e-05 -3.89506100256420483e-04 1.69706739250064746e-04
-5.84935190448409318e-05 -3.30648639972686291e-04 2.22703927636065061e-04
5.90130888214455859e-05 -3.49319540252933055e-04 1.01215445458912581e-04
-1.57801641305781024e-04 2.59997521583492960e-04 -4.37365851676245165e-05
