-4.29420181546129598e-02 2.92703889110299542e-02 -1.05662870997949909e-01
5.37843578799837019e-02 7.33495016059237948e-03 5.72406816388861817e-02
-4.05396514597633484e-02 -7.08294711813495237e-03 -2.09102986836038340e-02
3.69967267570086022e-02 -7.38214737006229887e-02 1.44857331312835069e-01
-7.59264415917790814e-02 -1.54311983550616816e-02 -8.80247290062552423e-03
5.14997408501418619e-02 2.25866005887773724e-02 7.80161311253912970e-04
-3.25567015141734473e-02 -4.94964598193146088e-02 -1.16149355077332928e-02
6.50183204865704134e-02 2.59405569586972362e-02 -4.03873480034766530e-02
-8.44885102412318290e-02 3.92983495004051164e-02 9.49397041446413681e-02
9.30196776910223733e-02 1.05199034813945325e-02 -2.84147859778194345e-03
-2.46657247905233135e-02 2.31113951620232072e-02 -4.43940785119236736e-02
1.10434943382520245e-02 -1.48794744895655584e-02 3.46369327545250627e-02
-1.17440350459327547e-01 -7.14187157976864384e-02 -5.72614831613296182e-02
1.26088006580627798e-01 5.35755291665962474e-02 1.11877842155898577e-01
-4.49533977694431819e-02 -2.70342671818699642e-02 -2.14895253482958459e-02
3.54443112759614820e-02 3.56846933776586717e-02 -9.71957364489564046e-02
-5.95437480056126844e-02 -4.35951706422699203e-03 1.28149399826184229e-01
1.07457268787358728e-01 -1.96366714469680126e-02 -4.96311219415122018e-02
-3.16246763008649623e-02 7.62430222039522931e-03 1.09213514777730225e-01
1.17593624380485373e-03 3.30922664221411367e-03 1.52146122565444131e-02
-7.63328157991072231e-02 -8.35197328032011299e-03 -5.30568889639972951e-02
4.67849435440808037e-02 2.87050147655030230e-02 3.66447028038141553e-02
-3.05635146910470112e-02 -3.14059762879459470e-02 -4.13403541690229304e-02
1.73621990577714769e-02 -1.32440225404906187e-03 3.85211480534977668e-02
-7.96709112720029866e-02 3.92088344380425724e-03 5.07148455846344604e-02
-5.37665545587273641e-03 1.37804353564092708e-02 -8.38781780216457662e-03
2.39672389555936061e-02 1.25923436633256225e-02 3.64150595263690313e-02
1.96519283749223561e-02 -9.60375749176201055e-03 -7.99833540177563584e-03
-2.91853989785239021e-02 -1.01304898169367608e-02 4.23137220347125087e-02
1.93969648237638514e-02 -1.86413609507845024e-02 9.07574091537055594e-03
-6.01721954318890084e-03 3.34280960647093117e-03 -1.59969241020325725e-02
2.56969199128627146e-02 1.39557414274570357e-02 -2.50033310275215026e-02
-4.58238760687139646e-02 7.90234274616437027e-02 -9.13083637345717403e-02
1.09559772132754585e-02 7.67131307022106412e-03 8.07864671469937790e-03
2.35658230756591314e-03 2.75817000622498032e-02 -2.99585160019022467e-02
2.01265868515868585e-02 -7.58358974101693839e-02 -4.13705125906660420e-02
-5.06815378213620882e-02 -8.46456621214106142e-03 3.46509656887623585e-02
1.70011805964224438e-02 8.69018433952373215e-03 -1.10243702581414027e-02
-1.27574066674637221e-02 -1.80607902036742374e-02 1.91615806444906944e-02
3.31757040359375033e-02 7.74472370198930893e-03 -1.46413258604947139e-02
-2.13376356678374179e-02 5.04508757508332906e-02 -4.81465010935104853e-02
9.29083339720682133e-03 -1.35823165351811603e-02 1.29250299113126133e-02
-7.86761738640717745e-03 -1.32926540981035402e-02 -1.99603137040935685e-02
2.76142652607624939e-03 -6.25353510755570774e-02 7.33416113171210249e-02
1.68307123303113038e-02 -2.91060959774513961e-02 -4.73894455400547532e-03
-1.26050755448381402e-03 5.34681283129603280e-02 -1.03524359994748849e-01
-3.53365943008188133e-02 2.11716430738871919e-02 -4.20110306644505549e-03
-1.94515123946370494e-03 -1.34764902726760560e-02 -1.03802642410721901e-03
-1.99867999281939657e-02 1.43698977776431924e-02 1.40456987081127860e-02
4.13710523356103366e-02 -3.27532274330843975e-03 -1.58740945588089488e-02
8.47398515878380887e-03 1.44120320136109648e-03 -1.62899996017191739e-02
2.05527985003315372e-02 1.16579930204896431e-03 5.91392331219875445e-03
-2.28389882345245709e-02 -8.90011805011470258e-04 -5.99306078496741890e-03
7.39583232554699155e-02 1.13548247206587405e-02 -3.87052348415264369e-02
8.03530527321483223e-03 -9.07026639704744397e-03 -1.28886004006139865e-02
2.31984831140397141e-03 -8.60221238572123070e-03 -7.05433652330045291e-03
