-4.26037604352453234e-02 2.89019265427891830e-02 -1.05079847480687591e-01
5.41672707456377495e-02 7.31175056695266244e-03 5.73656468916083975e-02
-4.00810206031641178e-02 -6.98033502484480400e-03 -2.10680482981499238e-02
3.74448197904528463e-02 -7.36152823094435166e-02 1.44806038405877274e-01
-7.56811263852757155e-02 -1.50872967115913328e-02 -8.68499131074453555e-03
5.17188216274110449e-02 2.28850221287324393e-02 8.62654792398408633e-04
-3.22874430280514421e-02 -4.89119244616598239e-02 -1.12388998684611625e-02
6.50682402809720090e-02 2.61411897246052044e-02 -4.00330380051423795e-02
-8.45656372586196664e-02 3.95608621528791629e-02 9.53668028180082727e-02
9.22455439047300679e-02 1.08089794495568551e-02 -2.26391564347500724e-03
-2.48436305542330121e-02 2.32552936603992420e-02 -4.42080681568433470e-02
1.12901188240827396e-02 -1.48747804138545936e-02 3.45319264370409912e-02
-1.16993812442599376e-01 -7.16949013029558185e-02 -5.76665681047993581e-02
1.26526533036334349e-01 5.33300372674333500e-02 1.11483274705004590e-01
-4.49171803002439418e-02 -2.73511946039484560e-02 -2.15419933517277326e-02
3.51622322247574157e-02 3.57608536566896562e-02 -9.71489987623610080e-02
-6.01525147925619508e-02 -4.33997047901949276e-03 1.28360432961536708e-01
1.06883204413148386e-01 -1.96453632956534938e-02 -4.94960568885335558e-02
-3.19259311935328194e-02 7.45138431289516651e-03 1.08990525584786044e-01
1.01200848376254066e-03 3.41742991350799932e-03 1.46399891219139034e-02
-7.64814083494257807e-02 -8.38600921941670685e-03 -5.34668677879356138e-02
4.65982892307517521e-02 2.84130332248986560e-02 3.62210028332806966e-02
-3.06489668689814629e-02 -3.17292500307244929e-02 -4.15470766972289157e-02
1.72147831328758327e-02 -1.73454191663026196e-03 3.83314746944062035e-02
-7.96694648583298193e-02 3.25243406458410435e-03 5.09461659908496331e-02
-6.06794354071055111e-03 1.51438866673893786e-02 -8.67015493350014980e-03
2.40324684570491047e-02 1.23065117456524816e-02 3.65651437208090457e-02
1.98417095673776370e-02 -9.86172599673375110e-03 -7.82551522396211785e-03
-2.89846992663208639e-02 -1.03428421383351364e-02 4.25706887765795669e-02
1.96060905485458195e-02 -1.85300123432714479e-02 8.80068601762595479e-03
-5.74935579797975632e-03 3.29688365950012944e-03 -1.61859790365945881e-02
2.58941230563235029e-02 1.39976385688084532e-02 -2.50441754229352026e-02
-4.55270306124662613e-02 7.90048825043845881e-02 -9.12547084112110690e-02
1.10031453278519199e-02 7.87348219639898671e-03 8.21735453874977186e-03
2.23865335090673049e-03 2.75813824232355072e-02 -2.95965240948831421e-02
2.00274947063682242e-02 -7.56857966073894856e-02 -4.11128286475785573e-02
-5.03526484908976002e-02 -8.27098972494566195e-03 3.46157603972179276e-02
1.69385523927073033e-02 8.55248056421349483e-03 -1.07562341872389933e-02
-1.27047217784638546e-02 -1.79111564311913787e-02 1.89214644163477642e-02
3.33315571811212893e-02 7.60820400364041818e-03 -1.48614573318891427e-02
-2.11298973719679269e-02 5.01747523353719554e-02 -4.82289786638067514e-02
9.51360593592882539e-03 -1.35680521312148417e-02 1.26187629695592961e-02
-7.59363489162356332e-03 -1.34266876750725218e-02 -2.01443533094294615e-02
2.66010644378139333e-03 -6.22956766072540608e-02 7.32381174696915827e-02
1.64775329350470914e-02 -2.90159972154619208e-02 -4.63978608790635051e-03
-1.55591738532926912e-03 5.34143464334772972e-02 -1.03301719416360710e-01
-3.56236685644857401e-02 2.12156213500514466e-02 -4.12555686513011496e-03
-2.23590722438625272e-03 -1.35918621720806723e-02 -9.03223297594523658e-04
-2.01086835245018851e-02 1.45685983810259663e-02 1.37887628568746853e-02
4.13807399913562746e-02 -3.14970647334245502e-03 -1.61697056163683656e-02
8.42135977063845735e-03 1.46391783410721311e-03 -1.64874253269581203e-02
2.03769331773507624e-02 1.20189761535759816e-03 5.72155268277017327e-03
-2.28116270298533916e-02 -1.27951790526789080e-03 -5.82335404571735459e-03
7.38998297364250739e-02 1.10241760806860534e-02 -3.84825309138903740e-02
8.09431836203627735e-03 -9.41958593730037735e-03 -1.27873849551550737e-02
2.16204667009819041e-03 -8.34221486413773763e-03 -7.09807310846807728e-03
