4.16366905348574041e-04 -3.14448339527165980e-04 4.43457871243529218e-04
2.00802482206981789e-04 1.71189392550923872e-04 7.15874022887905002e-05
4.11237074086184188e-04 2.96688966070794789e-04 -1.09840282100468736e-04
3.86847694445672304e-04 2.87968158446143025e-04 6.10344220853575970e-05
1.60685177550234833e-04 4.40189573578539763e-04 2.42091184476447027e-04
1.07805138930193144e-04 2.95271630395542353e-04 2.60178508819776746e-04
9.80313283133908548e-06 7.10487420611193108e-04 2.97082830934085264e-04
-1.25501633302957632e-04 2.00957958287110831e-04 4.11091778028516069e-05
-3.87098171380365085e-04 4.10953779433354319e-04 -2.11951202728546838e-05
-2.86524027835798143e-04 2.48574657744433784e-04 3.61022165204197775e-04
-2.20903714439563847e-04 -2.17243622623231283e-06 8.57755313906698408e-05
1.46072310986076483e-04 1.01156889388346450e-04 -1.53281952785630542e-04
5.25602249250473248e-04 -2.33162558298242599e-04 -2.76014243013009445e-04
5.43329406644756444e-04 -6.62922871329328493e-05 -2.20692798171441735e-04
9.23508668167576763e-05 -2.13838181543152630e-04 -3.24704673700117147e-06
-3.51900845333828641e-04 7.41045322521076839e-05 -7.42414412296717868e-05
-6.38996279243903248e-04 3.77404986723106197e-05 2.71461340070312109e-05
-5.48056532541169798e-04 1.08316874150190673e-05 -2.00092009004995039e-06
-1.53712333020105383e-04 -1.77490750122419756e-04 -2.78832404049458838e-04
4.76905207509546708e-06 5.07190664428706757e-05 -5.67555772734407464e-04
-3.05354557414166424e-05 -8.20203167559658891e-05 -4.18214958511220513e-04
-2.33425203913421815e-05 -3.60051369725424334e-04 -3.81295280101697344e-04
-1.02049255546473835e-05 -3.61894772948751907e-04 -1.63974064582767762e-04
-3.18548414838587865e-05 -4.20814676967558169e-04 -1.72932631993895927e-04
8.82890099145290853e-05 -6.14167575558928632e-04 2.67965463056504870e-04
-9.47574100119667078e-04 -2.12956903611625587e-04 1.09553297842870001e-03
2.11676308083584086e-04 -1.84822404769905243e-04 2.71399171420170398e-04
2.49305895905341897e-04 -2.19542997654269018e-04 2.00479435374110722e-04
1.58487258889741773e-04 -2.34681371368345511e-04 3.17682768436014376e-04
2.02647618035401556e-04 2.08265413201217720e-04 -2.35918902919509261e-04
3.10537349752424557e-04 6.67168389652232917e-05 -1.41818221930007889e-04
2.14841549527464940e-04 1.33418058360819787e-04 -3.00899119352866600e-05
2.80161865677800565e-04 5.71780021343028260e-05 8.30293735156050091e-05
-5.75039657520224013e-05 2.64751587917500734e-04 1.09540724808660964e-04
-2.31466287019339091e-04 2.44628843108620560e-04 -6.59258242882406945e-05
-1.80568529784145220e-04 2.78734483676879030e-04 -1.50210432921464750e-04
-1.61793832762754860e-04 -4.81053982158005929e-05 2.17515276448204789e-04
-7.91491155618303388e-05 -2.22757633894857281e-04 1.59334339495513614e-04
5.11869896785098127e-05 1.80013980859188846e-04 -2.45319237757851737e-04
2.89595515742860495e-04 -8.77735797160409065e-05 -1.77750231222950465e-04
2.94300895924423894e-04 -2.23616413280282712e-04 2.66458162623935872e-07
2.62736162969820649e-04 8.26884330512725268e-05 -2.23953275861620970e-04
3.31998631210049684e-04 -8.77258043892473134e-05 -1.04364130092963412e-04
-1.36546812701354839e-04 2.28263410595302041e-04 -1.49793005623121740e-04
-3.14080377453651886e-04 9.48313147155464977e-05 -8.40883587946770628e-06
-3.32703255316040393e-04 -5.39487722112917225e-05 1.02289421209722858e-04
-3.07125293510242530e-04 7.54475905349996282e-05 -6.46194454211169680e-05
-3.29391950236387193e-04 -1.09844204770697144e-04 4.59914638452064330e-05
-1.91983493902746041e-05 1.99176132110762670e-04 -2.92193926807606137e-04
1.47864572371520588e-04 8.32675073177740132e-05 -2.69112339264128192e-04
8.84942531644110454e-06 1.40737428232415480e-07 -2.11109603439572143e-04
-1.10388299372590114e-04 6.10976744585171609e-06 -2.29864233404498264e-04
6.88730343696741559e-05 -3.58719681046736278e-04 1.63221034622954204e-04
-5.15312177620990211e-05 -3.10090884584846569e-04 1.96937312136094940e-04
9.35003036385360903e-05 -3.32577189372168579e-04 1.28440736091849756e-04
-2.02871211169107268e-04 -6.94980901929591746e-06 1.93659289838309681e-04
