2.17331569725409679e-03 -5.03820454085879277e-03 6.79726441381056645e-03
-3.02668694012453443e-03 -1.99726886638651457e-03 4.41722997913751581e-03
3.81689764417458832e-03 3.10123122988059663e-04 -1.18272548244338083e-02
8.87086462138064746e-03 2.35917743117930456e-04 1.16660485287567450e-03
-9.60127940952038017e-03 -1.61476544354917095e-02 -1.60754149214477060e-02
1.12843411131038351e-02 2.61304291028263691e-02 3.00440785570899038e-02
-4.59350645040190741e-03 -3.45687840068542585e-03 -6.00772925718562334e-03
-2.27020993282385231e-02 1.91345055099807482e-02 4.64827742107902786e-02
3.66410885111250195e-02 -1.52314035019731620e-02 -4.79472838905192766e-02
-4.94458170790910145e-02 -1.80429705032727483e-02 -2.41402111254762630e-03
-1.38107182869084966e-03 1.53991546764098430e-03 -1.17149986347389046e-02
-2.09367364320822702e-03 8.16101113667411227e-03 -6.07837842555536412e-03
1.10775222081791469e-02 -5.77896845933967285e-03 7.93988982193272186e-03
3.86658785271620786e-03 -6.15840554624380587e-04 -1.17506634828616896e-02
4.51801290113351683e-04 4.81853775166296572e-04 9.83325735292917003e-04
2.83992868515525743e-03 9.64085948391435466e-03 -6.58211831218880050e-03
-8.02106721971362902e-03 3.26542610696178848e-03 1.06603160487295234e-02
-9.95104472422880804e-03 -3.49701498531262978e-03 -8.15893762339747752e-03
5.87427312575883320e-04 1.22282628671895877e-02 4.66801394880711484e-03
5.32277179013318502e-03 1.33499672135410918e-02 -2.03351233321846792e-03
-7.50482566032451004e-03 4.06080364761418622e-03 -1.14532072918489547e-02
-1.54643265684484277e-03 2.17640932097387108e-02 -1.20012975146428502e-02
-2.77436279496034999e-03 -3.97323339094839412e-02 -1.68695118384469822e-02
6.28018385625905839e-03 -2.08718050236100794e-02 2.81232275208598281e-02
-1.65017436444880872e-03 -5.74555362993933727e-03 4.30307615373859420e-03
3.41089458258014844e-02 1.25203501104564907e-05 2.53498678566650426e-02
-1.56480918298718130e-03 4.65172128750523939e-04 -4.45118092681040523e-03
-3.23713353533872095e-03 2.67103632849652328e-03 -6.57126697694687678e-04
9.53431523024378391e-04 3.62323898126870603e-03 -1.79112264082670336e-03
-4.78567636015281295e-05 -1.41134322866065531e-03 3.65949260168152435e-03
-3.17008284066266910e-03 1.87928731095898804e-03 2.43605928078372003e-03
-2.85156977841927173e-03 -2.62043004175538385e-03 -3.26031557269734762e-04
-3.14880176513865351e-03 8.68282287845412171e-04 -2.70398675017791135e-03
4.39792199951338780e-03 -4.44213952414962421e-03 -2.27154814261609772e-03
1.61060097101373145e-03 -3.49896192969767483e-03 3.98235230948937313e-04
5.64483037515772779e-04 -8.18583425885588412e-05 3.40032974288240197e-03
4.04661542367579230e-03 7.21169855740666499e-04 -1.43803728017877219e-03
1.56387011236533424e-04 2.81642734176701381e-03 -1.50852887116204037e-03
-7.96848476538603023e-05 -1.33547375043940875e-03 1.56893169957195155e-03
-3.70464324671759826e-03 3.41352051812904289e-04 4.05515818479695866e-04
-2.10107269635284588e-03 3.05884292781177791e-03 -3.09977945716011227e-03
-5.90299801301208404e-04 -1.71637218401299307e-03 2.87057344288799143e-03
-2.61773917309460202e-03 2.28033086544465746e-03 2.27944918120859263e-03
-4.98116718128382985e-06 -3.19775115652864983e-03 1.51705407036484274e-03
3.52262789142532284e-03 -2.40029422513110546e-03 -1.65761180808787767e-03
2.13037253016645778e-03 2.14212694755810951e-03 -3.96178081348308453e-03
3.28762211940203386e-03 -5.54007554085744758e-04 2.61983220205252998e-03
4.03337782045998239e-03 3.08052564538874307e-03 -5.85106762399922875e-05
6.06866375717829420e-04 -4.67694848767186144e-03 8.65204068268843329e-04
-4.00136837546272162e-03 -1.66607095737258959e-03 6.31182926911000308e-04
-4.53021200377934363e-04 6.56411312907820288e-04 4.89277396554310684e-03
3.94325596711508908e-03 8.54630309982062908e-04 1.89912085351440219e-03
-1.66088771272310254e-03 8.76063262821524802e-04 -3.65470749334617651e-03
2.62250803038854841e-03 2.68796355312916901e-03 -2.67945278061287873e-03
-1.77390322017578761e-03 3.89945522392354249e-03 -6.34514416496596845e-04
-3.95299682100969108e-03 1.05699998601136436e-02 1.43565462202555061e-03
