2.58968260260267072e-03 -5.35265288038595886e-03 7.24072228505409556e-03
-2.82588445791755270e-03 -1.82607947383559076e-03 4.48881738142630632e-03
4.22813471826077262e-03 6.06812089058854452e-04 -1.19370951065342762e-02
9.25771231582631950e-03 5.23885901564073481e-04 1.22763927496103201e-03
-9.44059423197014455e-03 -1.57074648619131702e-02 -1.58333237369712582e-02
1.13921462520340279e-02 2.64257007332219102e-02 3.03042570659096816e-02
-4.58370331757056854e-03 -2.74639098007423274e-03 -5.71064642625153818e-03
-2.28276009615414818e-02 1.93354634682678592e-02 4.65238833885931319e-02
3.62539903397446558e-02 -1.48204497225398069e-02 -4.79684790107921324e-02
-4.97323411069268140e-02 -1.77943958455283151e-02 -2.05299894734342842e-03
-1.60197554313041353e-03 1.53774303141475193e-03 -1.16292231033482355e-02
-1.94760133222215059e-03 8.26216802606245804e-03 -6.23166037834099480e-03
1.16031244574296196e-02 -6.01213101763791585e-03 7.66387557891971220e-03
4.40991725936096431e-03 -6.82132841757313382e-04 -1.19713562810331315e-02
5.44152156930109319e-04 2.68015593623143942e-04 9.80078688555915739e-04
2.48802783982142884e-03 9.71496401616646181e-03 -6.65635975341847229e-03
-8.66006349895753237e-03 3.30316660563409904e-03 1.06874621827365551e-02
-1.04991012567699771e-02 -3.48618329789761056e-03 -8.16093854348752708e-03
4.33714979555777937e-04 1.20507721170671680e-02 4.38918154475765633e-03
5.32754084220828008e-03 1.34006862799839633e-02 -2.60106810595287560e-03
-7.53536111606592680e-03 3.97878333085822065e-03 -1.18714222503601748e-02
-1.56977517723618496e-03 2.14040418400132867e-02 -1.23825927947445475e-02
-2.78456772051499744e-03 -4.00942286824326963e-02 -1.70334859030297492e-02
6.24832901477519968e-03 -2.12926197005776363e-02 2.79502948888659328e-02
-1.56188535453427959e-03 -6.35972120549826558e-03 4.57104161679509902e-03
3.31613717256818152e-02 -2.00436553501169096e-04 2.64454008350937415e-02
-1.35313287490359722e-03 2.80349723980618669e-04 -4.17978175539023521e-03
-2.98782763943337883e-03 2.45149333084225410e-03 -4.56647262320576956e-04
1.11191878191412019e-03 3.38855760990036062e-03 -1.47343987239068898e-03
1.54790854433873426e-04 -1.20307781545943770e-03 3.42357369876201490e-03
-2.85954549091024454e-03 1.94600414992421138e-03 2.29424105885371208e-03
-2.63672822889180663e-03 -2.48701198339456404e-03 -3.56121469205021449e-04
-2.86863989946085311e-03 9.25460289979714956e-04 -2.62095737666230653e-03
4.34041803376136563e-03 -4.17738793623212337e-03 -2.16200741780743673e-03
1.37913468399439233e-03 -3.25433308658905438e-03 3.32309406660696632e-04
3.83914507731627531e-04 1.96876141088320189e-04 3.25011930996093722e-03
3.88482159091303736e-03 6.73064457524865886e-04 -1.22052200373056743e-03
7.72378956747030854e-05 2.59366970787215656e-03 -1.34919453166652673e-03
-2.84978579753504896e-05 -1.15545976958021982e-03 1.32361246181409982e-03
-3.41504773097473782e-03 2.53578472096863410e-04 2.27765587256745401e-04
-1.80677180042842188e-03 2.83522651453149525e-03 -3.09951299899748848e-03
-3.27563638331387756e-04 -1.63368375096172047e-03 2.64662016702637030e-03
-2.28574054188455250e-03 2.19260506105541011e-03 2.17508505111562930e-03
-1.41527979882638668e-04 -2.96948774593334790e-03 1.36726106474172092e-03
3.20854751397167074e-03 -2.30546291041555879e-03 -1.66602064396734542e-03
1.79766927485041739e-03 2.08817817534681779e-03 -3.85949139227336185e-03
2.98049682589179117e-03 -4.78559963550745143e-04 2.55521275663141319e-03
3.70398587022359536e-03 2.97068144061804571e-03 -1.25192123947858545e-05
5.87668026327554786e-04 -4.47777235556109845e-03 5.73010141461237138e-04
-3.85350380309120106e-03 -1.58280345005481549e-03 3.62070587646872116e-04
-4.44171775061493271e-04 6.56552050336052734e-04 4.68166436210353497e-03
3.83286766774249910e-03 8.60740077427914587e-04 1.66925662010990400e-03
-1.59201467835342844e-03 5.17343581774788470e-04 -3.49148645872322241e-03
2.57097681262644919e-03 2.37787266854432239e-03 -2.48251546847678365e-03
-1.68040291653725159e-03 3.56687803455137380e-03 -5.06073680404747089e-04
-4.15586803217879875e-03 1.05630500510943484e-02 1.62931391186386032e-03
