1.89344491176880698e-04 -2.54034908659317589e-04 5.72220702695474745e-04
2.49628512204811120e-04 1.05509000637264380e-04 1.83801266163789316e-04
3.67490475380114878e-04 2.06376359623512695e-04 3.32379669092507254e-06
3.89668133531689256e-04 2.52765725463217016e-04 1.15030982090809922e-04
1.22811988889595333e-04 4.11941869171555020e-04 1.73943985204888345e-04
9.11976833339824444e-05 3.22660108591064259e-04 1.59398533145759631e-04
-5.44326591924503640e-05 6.40279997889620545e-04 2.49555088836317200e-04
5.76541352392790588e-05 3.04533637480713243e-04 1.16225460444412273e-04
-3.45845345493438336e-04 4.69390920428239624e-04 4.61180457500481129e-05
-4.23592284399342271e-04 2.07647008062307426e-04 3.24535973614282710e-04
-1.93156039033428472e-04 -1.37891336732482055e-06 2.02438717182909863e-04
2.37142136247015542e-04 1.68949433540711684e-04 -4.83520894055480561e-05
5.74942180267212126e-04 -1.03607360884095623e-04 -2.40642520187741248e-04
5.53330248292731417e-04 -1.00267808259244938e-05 -2.23426740095922981e-04
1.44978674749409565e-04 -2.48261402849762338e-04 -3.85408222613673393e-05
-2.43603855791677193e-04 -4.79383179843745840e-05 -8.04868118820325384e-05
-5.72156751732138332e-04 -1.97977026103303227e-04 -3.31088089576244715e-06
-5.14450643822771526e-04 -2.51107633302769093e-04 -2.83059977061556589e-05
-1.35593663546050341e-04 -2.08081971794220875e-04 -3.19232625859452936e-04
-8.65206039181436344e-05 1.34948871591396763e-04 -5.72353661546852401e-04
-2.47717585507066401e-05 -2.17237195444804716e-05 -4.59419514233394772e-04
4.98820988399720425e-05 -2.51227906674124910e-04 -4.68531497626005619e-04
1.06371678687820653e-04 -3.03687845642196643e-04 -2.40217527690464466e-04
8.03255817913990883e-05 -3.92179084455977517e-04 -2.70676790357944207e-04
1.76419892346032413e-04 -6.35143474917113137e-04 2.14421090116273560e-04
-1.21571330888838080e-03 3.19669315111888858e-04 4.90773393291612722e-04
7.21229026888361128e-05 -1.93811665193493690e-04 3.08650958272386729e-04
1.55759911091490010e-04 -2.07096611212958972e-04 2.85115077994335447e-04
4.38735028461371572e-05 -1.91384663313101856e-04 3.64730003276659447e-04
2.48582070801132114e-04 1.41691450374060524e-04 -1.95630903990770934e-04
3.17731372595202654e-04 -1.33326539725408989e-05 -5.77112952912430332e-05
2.20398256107452967e-04 8.35693223537899409e-05 2.08239861448992472e-05
2.51666637716957853e-04 3.54124620526712357e-05 1.62961983480540239e-04
-6.84923711643431373e-05 2.21982872874668450e-04 9.20682836545637319e-05
-1.74661034852541128e-04 1.97754056562258394e-04 7.79394084153918248e-05
-1.35681236022947406e-04 2.89549307663715741e-04 -2.10365690401483687e-05
-2.44189407372962799e-04 -4.94953955448783448e-05 2.50549080807290143e-04
-4.91989236671121755e-05 -1.99093502813698866e-04 2.35302142807473588e-04
6.74307105075090386e-05 2.04318543664881063e-04 -2.10460282194935945e-04
2.69764435717756228e-04 -3.72881298276556649e-05 -1.55198868524404388e-04
3.02440394726999958e-04 -1.94375145306445934e-04 -2.92244402847737952e-06
2.64074619962221581e-04 1.30570539558464875e-04 -2.14059830990213386e-04
3.54968909089551569e-04 -5.07801473261388356e-05 -1.04584994619758435e-04
-9.79535341865925995e-05 1.86258008338368452e-04 -1.96537794049285626e-04
-3.36330634550383999e-04 -1.49432604892178855e-06 -2.14510183996515111e-05
-2.96478357043618334e-04 -2.01856701155154051e-04 9.77032737752465692e-05
-3.23513296130923701e-04 -8.18171970500259201e-05 -3.91776220365146172e-05
-2.49504113747829842e-04 -2.42436735833067066e-04 3.75363186801190243e-05
-1.01523697826296378e-04 1.99474649902924657e-04 -2.64921213435986760e-04
8.06739165009644270e-05 1.92872233376295088e-04 -2.76055765912121471e-04
-4.76806162616483225e-06 4.35188321708482412e-05 -2.12646083534488717e-04
-1.13496775659628106e-04 2.32563296646245602e-06 -2.36006887461648470e-04
1.29421348947750205e-04 -3.64383728529863306e-04 1.61167668781939235e-04
-7.93943449568141603e-06 -3.47574477435755498e-04 1.72868800900141846e-04
1.50746915367294275e-04 -3.34531228163522959e-04 1.01119188745953009e-04
-3.07276022929648296e-04 1.63158496281308636e-04 -1.84241577061489874e-05
