-1.37760124604859868e-02 2.64366247847513947e-02 -5.03637193561683461e-02
2.22030181019983175e-02 -1.50383346739429435e-02 3.03642304672044894e-02
-4.19912672714541912e-02 -8.74227827145013237e-03 -3.09387826248292974e-02
1.63735702975476016e-02 -7.73498909889536179e-04 4.61667184376786111e-02
-8.81567371775737740e-03 -7.05245274366550490e-03 -2.51632719563943397e-03
2.39756122370948788e-03 -5.72917291882646396e-03 -3.41708689051145598e-03
-3.39672428415926930e-02 2.64296727185620028e-02 8.38827177800549606e-03
4.52653018500515092e-02 -2.13590654804409752e-02 -1.80825342443746706e-02
-2.09843696202201002e-02 -1.13811429345140880e-02 4.65777677302494642e-02
1.25930853754843142e-02 1.56802416704413528e-02 3.84622460403960531e-03
-4.01185133026458196e-02 -3.55857604365761304e-03 -4.25350272500830684e-02
2.81592294688515210e-02 6.37148054125669105e-03 3.38312148471153762e-03
-2.96935051320765808e-02 -8.45454271537615654e-03 -1.27117492899482265e-02
2.48611590053009479e-02 -1.60681919945124818e-02 2.76199870395368308e-02
-2.56936881378773130e-02 -4.89424838481200553e-03 -1.02843532840848351e-02
4.05509150844327593e-02 3.90262341195408702e-02 -4.62526756875198952e-02
-2.53726554811777305e-02 -3.95012347471941361e-02 7.20612327391756402e-02
4.35897712846582408e-02 6.64585226624581082e-03 -1.28049807159795748e-02
-4.56663372897763153e-02 3.64247228764269515e-03 5.13215752016771276e-02
3.51979968240452301e-02 -2.11419414703453157e-02 -8.20253869580511719e-03
-3.97791393874706856e-02 -5.40123224846356109e-03 -4.50754855810195920e-02
-5.52800175735827098e-03 2.63970353339364472e-02 1.76807107547283238e-02
4.77018482712221470e-03 -2.34899980965614930e-02 -2.45999114387807083e-02
1.40787866654346061e-02 -6.77920379628460523e-03 2.20454915215462233e-02
5.09435883156594826e-03 2.73394341045651856e-03 1.39883115545149650e-02
2.56496096840663768e-03 -4.53429717241426999e-03 2.75794669786044722e-03
1.06400716984533794e-03 7.53675639878164608e-03 1.87652508900284509e-02
1.26477575023109523e-02 -1.11878924245121247e-02 -7.03530809589647532e-03
-1.13165029046967680e-02 -4.87227196247186356e-03 1.46667615008384544e-02
7.30133168149049716e-03 -8.70887038075496278e-03 1.06751613870317286e-02
-4.74225000508399219e-03 3.75123239474883796e-03 -2.09444796844876491e-03
1.22224570846345415e-02 2.68947870019320412e-03 -1.49681931677086988e-03
-5.33163581219864291e-03 1.58713178011676836e-02 -2.34820465279574897e-02
1.44015590214392475e-02 -8.39864407607660013e-03 -1.57436521581955091e-04
-1.00326457024382254e-02 5.74901640576719331e-04 3.10171645584844669e-03
4.02227452928438645e-03 8.91147245121670650e-03 -3.99168734893604604e-02
-2.84524406967134880e-03 3.24480662533810360e-03 4.97521034156234165e-03
7.31346661086510613e-03 -8.46214694254232569e-03 4.55219628490333150e-03
-6.61846602081299362e-03 -6.60658785666257131e-03 6.61264090256041825e-03
2.26266895866520379e-02 1.36319350813219886e-02 -1.63691268340970808e-03
-5.28157065602830045e-03 1.88040639698350276e-03 -8.77973935523779225e-03
3.63816211568912529e-03 2.52980254909096480e-03 3.05195083392106881e-04
-1.60990218411156683e-02 1.47452146456295008e-02 3.68369737373042128e-03
5.73861820574583792e-03 -3.99267457662149106e-02 4.03262254124761022e-02
-3.80782145097402491e-04 1.63196909436058579e-03 -6.51375377830665236e-04
1.00087940267605813e-02 3.24169857965190822e-02 -5.59576546614266590e-02
-1.39552870798809181e-02 1.05199225419899678e-03 -4.68447052706011391e-03
2.68392229229985624e-03 -7.78563299844048373e-04 -2.46506492687903478e-03
-2.44459014411326780e-02 1.68321228748165019e-02 1.09320280741591613e-02
-2.28845329586224722e-05 9.27494234606029977e-05 -5.48598444649162076e-04
-7.90249689837646541e-03 -1.87446578023542365e-03 7.02224776282411867e-03
4.22932301619911577e-02 9.95779032735077951e-03 6.16306681827971659e-03
-1.35408949150521707e-02 -6.64774704720461074e-03 -1.85977489235455984e-02
1.06203648920697447e-02 4.05966799766943609e-03 -1.67932158574823909e-03
-2.14799181452329790e-03 4.71890188062529248e-03 3.15637162049747788e-03
1.69451765373573870e-03 1.62419179842876460e-03 -4.34389932085865738e-03
