1.35866679693091054e-02 -2.61825898760920765e-02 4.97914986534728696e-02
-2.24526466142031290e-02 1.49328256733056788e-02 -3.05480317333682791e-02
4.16237767960740759e-02 8.53590191182661967e-03 3.09354588281383729e-02
-1.67632384310792901e-02 5.20733184426319163e-04 -4.62817494197694176e-02
8.69286172886778175e-03 6.64051087449394999e-03 2.34238321043454562e-03
-2.48875890704347048e-03 5.40651281023540008e-03 3.25768835736569640e-03
3.40216755007851437e-02 -2.70699527164516250e-02 -8.63782686684181310e-03
-4.53229559852907915e-02 2.10545318429602620e-02 1.79663087839302578e-02
2.13302149657135370e-02 1.09117520140858491e-02 -4.66238857759995115e-02
-1.21694930910849711e-02 -1.58878886785036588e-02 -4.17076057765388818e-03
4.03116693416792488e-02 3.55995495702493775e-03 4.23325885329001589e-02
-2.83963716050985374e-02 -6.54042997479740290e-03 -3.33476939530598978e-03
2.91185629518093680e-02 8.55815007626025206e-03 1.29523918101359676e-02
-2.54144892535936792e-02 1.60782187753384063e-02 -2.73965602994409065e-02
2.55487094631279034e-02 5.14250978766176824e-03 1.03228941063462018e-02
-4.03073112286410837e-02 -3.89782958015564979e-02 4.63331624994019267e-02
2.59448122329098696e-02 3.96992117732974381e-02 -7.20579218582798747e-02
-4.30753206408354683e-02 -6.39474463294304168e-03 1.28332867136857296e-02
4.58019309533223631e-02 -3.43439031584847438e-03 -5.10023425758176774e-02
-3.51114762201270858e-02 2.10069925987539201e-02 8.77489235735197035e-03
3.98039111460213937e-02 5.42295596800804192e-03 4.55349050952529866e-02
5.47811965851829896e-03 -2.61458074272623228e-02 -1.72121792571023197e-02
-4.87655650581003512e-03 2.37936859422036885e-02 2.48401289664711734e-02
-1.41591122472260050e-02 7.17138288074058248e-03 -2.17748147311882800e-02
-5.27077872391198098e-03 -2.09879993553940564e-03 -1.42027326446312382e-02
-1.34924765951825688e-03 4.21462785730238130e-03 -3.24872009115205994e-03
-1.13613007253417415e-03 -7.34294473358815258e-03 -1.90739018483008366e-02
-1.28035174134024429e-02 1.13949890357250838e-02 6.75019301790213966e-03
1.12726294018506302e-02 5.06365662578496523e-03 -1.50314915041151135e-02
-7.54991375229162928e-03 8.56717893038090247e-03 -1.04795304830409570e-02
4.42451863248878932e-03 -3.73789974077629690e-03 2.15215926374000797e-03
-1.24428553407419946e-02 -2.77304802254699397e-03 1.47599533062597052e-03
5.07996917448168533e-03 -1.59067302632203561e-02 2.33190845444769500e-02
-1.43330666502749036e-02 8.17666120320193097e-03 6.53682379273913593e-05
1.02073067372907660e-02 -7.72655697138977752e-04 -3.17965586426383843e-03
-3.88659329326143926e-03 -9.20102175888042224e-03 3.99379100584006108e-02
3.08943347704431154e-03 -3.19531122979322540e-03 -5.22575942236963142e-03
-7.26426768719799429e-03 8.66124044535602523e-03 -4.78749842771080542e-03
6.55103531030548462e-03 6.40226931299769063e-03 -6.40218062036548245e-03
-2.28964540223697936e-02 -1.35946469514943331e-02 1.79211155193411244e-03
4.97913026130130006e-03 -1.68603125167705674e-03 8.78266179926627012e-03
-3.90223673565134703e-03 -2.66037308864942954e-03 -9.11352524018934945e-05
1.57440529320261174e-02 -1.46944344983033614e-02 -3.57911237911066275e-03
-5.64066467155924494e-03 3.97404877578765442e-02 -4.01296876184268139e-02
7.17112779647786436e-04 -1.63047476831166410e-03 6.72826396230316744e-04
-9.71231566971696332e-03 -3.22151290953639272e-02 5.58599513876514159e-02
1.42788003760118409e-02 -9.70175057148970873e-04 4.72364814909662870e-03
-2.43441817855202629e-03 1.02100003567711555e-03 2.42752860819891569e-03
2.45474251389589740e-02 -1.70315975247194266e-02 -1.06671068607231741e-02
-5.77893835423419548e-05 -2.85621656836898086e-04 8.24654210561283547e-04
7.90726496000263013e-03 1.83094694806457538e-03 -6.80960167928962995e-03
-4.21797333863315263e-02 -9.96011596031724268e-03 -5.92705993081806774e-03
1.34114735661044204e-02 7.01213077573447415e-03 1.84365812547636586e-02
-1.06124254575740637e-02 -3.71209352023368043e-03 1.50645278484809724e-03
1.99724489915600358e-03 -4.38437065246176979e-03 -3.25749080924343098e-03
-1.38724163080609052e-03 -1.78735029471007324e-03 4.36232347856480625e-03
