2.95277352600280339e-04 -4.67749446855169346e-04 3.18071283238057423e-04
3.45351965202959313e-04 -6.38023437225045435e-05 8.34463395673205378e-05
4.62561861179811766e-04 1.40867681736751393e-04 -1.51097602958080485e-04
4.52791299609141501e-04 1.40273958450748323e-04 1.57102220757664950e-05
3.49645487299058029e-04 3.02530985380339464e-04 2.37361053651611101e-04
2.25889562994338898e-04 2.26643789970127268e-04 2.05323756019217294e-04
2.78816160060774241e-04 4.13440468482020645e-04 4.97262924376366952e-04
9.37795387943544939e-05 1.48235722609335737e-04 3.49388974051060034e-04
-2.25615201281910275e-04 2.11020566673083887e-04 5.16490546258874163e-04
-2.54158368841771838e-04 3.62383184192861731e-04 3.64616273608606102e-04
-1.77622240221157149e-04 1.13776779928894718e-04 1.86242182593018677e-04
2.37158153738534498e-04 4.54885340384255646e-05 -2.00493354418806199e-04
3.66648709737219696e-04 -2.52380030372575351e-04 -4.25328345882214083e-04
4.21656245129406210e-04 -1.63549829186890295e-04 -4.07791422483161641e-04
3.10331209805771518e-05 -2.59082792604064843e-04 -7.51929761826800676e-05
-2.77148358497682776e-04 1.02432974495111922e-04 -4.26923794614948770e-06
-6.14789380156168289e-04 9.50133778772181974e-05 1.74709970476488665e-04
-5.29645484372482257e-04 9.69534227302558074e-05 1.36889743081072487e-04
-2.64758126514726946e-04 -1.30513294045105419e-04 -2.24269668058422767e-04
-1.37039197446577575e-04 8.97798016964207652e-05 -5.47739085896680605e-04
-1.57383642162420713e-04 -4.67359614932401544e-05 -4.02288131528760100e-04
-2.13164296089391836e-04 -3.24872293514410560e-04 -3.67541601776498841e-04
-1.38017197692064206e-04 -3.30318860810640722e-04 -1.54640097144393925e-04
-1.88241259363455777e-04 -3.88201197617811674e-04 -1.54572323658303375e-04
-3.09639365491656953e-05 -6.65641605714829658e-04 2.05667174045520761e-04
-5.66945189173405145e-04 1.43531067380765721e-03 -6.05002403149152725e-05
1.22443922027465113e-04 -3.03287137673075968e-04 2.01629856015846982e-04
1.72871182087386732e-04 -3.10289947809524547e-04 9.26758657292576669e-05
1.16634131594450379e-04 -3.23025003518094241e-04 2.52428274832342176e-04
2.20784203300100244e-04 1.70642665646877120e-04 -2.39553585781683321e-04
2.72022187785250476e-04 -8.14119632854588086e-07 -1.98472992637349833e-04
2.33046825747862656e-04 4.39285355528456589e-05 -5.42762775935672192e-05
2.88509412853791571e-04 -5.84515364579503953e-05 4.13876672344182518e-05
4.43867017073660259e-05 1.61052577251394758e-04 2.04283481286007042e-04
-1.46101552276763996e-04 -4.69025045717724585e-05 3.42433133086103125e-04
-1.03329993729821046e-04 9.66660151313056856e-05 2.60801505468618363e-04
-1.95049157307923370e-04 1.16186556155764591e-04 2.25093431144089907e-04
-1.23072247286790901e-04 -1.52689507954590676e-04 2.38559774274454641e-04
1.09671858030014431e-04 1.87022968144876265e-04 -2.44734774284435211e-04
2.00012214705918824e-04 -9.89330612118428010e-05 -2.67937110311461293e-04
2.04258162979595987e-04 -2.62666280507077034e-04 -9.55689659183501096e-05
2.04863268745789328e-04 4.30554473849530589e-05 -2.93157548096311500e-04
2.58836772890764003e-04 -1.43483681837896224e-04 -2.02843835778186482e-04
-7.31673867332401307e-05 2.18577309388060247e-04 -1.47103559796698787e-04
-3.26593175175448008e-04 1.18461827753334493e-04 5.33693761441640915e-05
-3.12529838010460912e-04 -1.06929909851349897e-05 1.91264733108495992e-04
-2.97940102443611764e-04 1.35309506827456511e-04 2.36466185764938502e-05
-3.19405488935308075e-04 -4.45147458200358107e-05 1.35196009055056209e-04
-6.19006674124579281e-05 2.13766827924840122e-04 -2.75874309860604740e-04
8.91755195675264934e-05 7.59075449675172294e-05 -3.00024080588957355e-04
-3.97364782139002760e-05 1.05424213037906400e-05 -2.06741501899663192e-04
-1.55283625334735122e-04 4.46933140740465694e-05 -1.97439068101531485e-04
-3.20299245964846829e-05 -3.94931099373705503e-04 1.38203329164771711e-04
-8.01640471634760328e-05 -3.15350461007433123e-04 1.84430163806428594e-04
3.73381003289679532e-05 -3.54437201856230171e-04 8.86505955175613297e-05
-9.36683586959044116e-05 3.53351496578145857e-04 -6.57825585892233259e-05
