1.98784967918719246e-03 -8.42494287763351224e-03 5.06738740694512302e-03
-1.00696433504676719e-03 -7.41117448066042073e-04 1.92124326447096205e-03
4.47215438498460571e-04 3.20730669450974837e-03 -1.08796032264288911e-02
6.01585429715179032e-03 -5.69699032262471761e-03 1.28275770607244599e-03
-1.67974252724398809e-02 -1.28678798372603431e-02 -1.25581253710214114e-02
2.43457313116284269e-02 2.32570953796944480e-02 2.27520234655180786e-02
-5.62607959488303777e-03 -3.77552936910419135e-03 -7.92751412365788610e-04
6.15751110992968087e-03 5.93255898654199143e-03 5.10339816644389543e-04
1.47337200508967925e-04 -2.85240902824757114e-03 9.56508580157588995e-03
-9.33692303084043829e-03 -1.15209072425379588e-02 7.27485640052982774e-03
-8.59756550397605679e-05 -9.16705998103894970e-03 7.23373892153222897e-03
-8.91731885330315777e-04 1.18714483554072103e-02 -4.29356790879698025e-03
1.04054640669044574e-02 -6.38069786276940221e-03 2.06469250676910576e-03
1.56159794502563898e-04 -5.77312020289877381e-04 -1.16714065895777708e-02
1.92011628014576718e-03 3.41353084674977936e-04 1.11463886189699934e-03
4.06922380132357375e-03 7.22231566026820815e-03 -7.55152782303836201e-03
-5.45839898054012451e-03 5.46773613380224788e-03 1.24812093839770100e-02
-1.31351712648015706e-02 -1.05823317645814541e-03 -5.18362713208186943e-03
5.01023007092049610e-03 1.05374273881601588e-02 3.49283290966173610e-03
7.56725582870709790e-03 1.18027113461049993e-02 -2.63818799654025327e-03
-7.47843248957646978e-03 5.13629491981770769e-03 -9.62826151304163602e-03
2.33644780135744412e-03 2.33271692862273561e-02 -1.10073517106661356e-02
-1.72181891516469676e-02 -3.61799500893766890e-02 -1.62643596285860781e-02
3.68978100201333703e-03 -2.56637896435698565e-02 2.34637964906920793e-02
-2.15822891872746725e-03 -6.79470894996292429e-03 4.64897567542976731e-03
1.13725009387524167e-02 1.62325253484709719e-02 3.86624439528904240e-03
-2.01330447452274797e-03 1.64335936568993368e-03 -3.63498360641667517e-03
-1.70945016377155312e-03 3.45138494104446636e-03 1.50960456632442952e-03
2.75833122880753123e-03 3.11235574679535887e-03 -2.01043170324299858e-03
2.39810689403596733e-04 -2.99776121969363984e-03 2.68138169172438268e-03
-1.33440770167547740e-03 1.46216276931454559e-03 3.78299601907539085e-03
-3.80291937106891353e-03 -1.13165934645809152e-03 9.66399690198294081e-04
-3.12618784209961476e-03 1.79931644945363622e-03 -1.88997350775887973e-03
2.08761748263835978e-03 -3.90913202440623664e-03 -4.64764112299143051e-03
3.28256388182790459e-04 2.92860543296247222e-03 -2.71234260236896674e-03
9.53880570438991882e-04 -1.93354944273105289e-03 -3.31383966817089259e-03
3.91656024536368719e-03 -6.91888360969505900e-04 -1.26402307011197479e-03
-5.41673606047954337e-04 3.35958096341260060e-03 -2.72863678288448597e-03
-5.79642950348846497e-04 -1.95952609062333138e-03 2.30623056095957679e-03
-3.17825382638803333e-03 4.17767330225471412e-04 1.64603061351398239e-03
-2.17651435011911865e-03 3.51965759075056894e-03 -1.88072299215369387e-03
-2.52081221681077494e-04 -1.47520264787215361e-03 3.23664241727295021e-03
-1.50666075615335515e-03 2.67784252945801882e-03 3.11902905159699984e-03
-1.12669843532053893e-03 -3.22309104590789985e-03 1.51887358748359347e-03
2.22560927409176657e-03 -3.13418425399136780e-03 -2.15842408408628561e-03
1.44316291143087305e-03 1.18914619913257358e-03 -4.28934777814982127e-03
3.39591497466518177e-03 -1.25013369155557719e-03 1.47122724268777816e-03
4.64700543814666744e-03 2.35053722496347817e-03 -1.29918946877172203e-03
-9.59114455775122998e-04 -4.89224762174744754e-03 9.54006305157406587e-04
-3.56100639944489927e-03 -2.44150189140895924e-04 2.26482323433740973e-03
7.23842075421178566e-04 2.90842124767806687e-04 5.28425981433544578e-03
4.27558908644654068e-03 1.38143200754781148e-04 9.05650966574578220e-04
-2.70443307235646024e-03 1.27733590982659351e-03 -3.43817890524444891e-03
2.55131786852413889e-03 2.10323942647439033e-03 -3.12921315209790940e-03
-6.72308158254808497e-04 4.16906562234187206e-03 5.89689269878512778e-04
-6.71240969199926596e-03 -1.92153715965837080e-03 -8.06066213471523518e-03
