2.28312703178747264e-03 -8.89269232448868137e-03 5.38545869018318066e-03
-6.61612369843807930e-04 -8.04919791788546589e-04 2.00468960403828254e-03
9.09777299678272283e-04 3.34817437624649987e-03 -1.10307008293869715e-02
6.46864559676093177e-03 -5.55671636417396936e-03 1.29846792814821256e-03
-1.64477797851408231e-02 -1.25653488518800045e-02 -1.23207643173698003e-02
2.45716208746227655e-02 2.34837391696645741e-02 2.29573472215372949e-02
-5.34726343482226380e-03 -3.36208890062217065e-03 -2.95488487989421659e-04
6.25129064872403505e-03 6.08079470915132755e-03 8.59728790695449578e-04
-7.82780007729423502e-05 -2.64138846157448712e-03 1.00815763478347645e-02
-9.59108139968221050e-03 -1.11585240583450974e-02 7.63947267413843389e-03
-2.63597895260917717e-04 -9.05328320111005447e-03 7.41998110412524746e-03
-6.54573731591781278e-04 1.19169368894456364e-02 -4.49406126321578656e-03
1.07721127766416767e-02 -6.63307789314197729e-03 1.63936416088689163e-03
5.77816039631970108e-04 -7.40861849476767676e-04 -1.20791980120609332e-02
1.95114940112634428e-03 8.22702920709130923e-05 1.03944588571431933e-03
3.79207544282589119e-03 7.32474863476331988e-03 -7.55579706098451123e-03
-6.07318836069629248e-03 5.56274951167946580e-03 1.26559193544534994e-02
-1.36648167491740524e-02 -9.61279753727889560e-04 -5.04673738900079678e-03
4.74547194440576910e-03 1.04069140941150540e-02 3.26856324160331325e-03
7.43021663126052032e-03 1.18924911478014202e-02 -3.18592708243693387e-03
-7.63581613173889076e-03 5.08955895832446763e-03 -1.00305496445703968e-02
2.12328350526805234e-03 2.30022969927129450e-02 -1.13748933124426348e-02
-1.73562063493390324e-02 -3.65102689501873301e-02 -1.64189997257304723e-02
3.50153974264988139e-03 -2.60519908411876687e-02 2.33092241670337756e-02
-2.18919285527663290e-03 -7.46035055567775395e-03 4.85464284947528801e-03
1.08055557495790114e-02 1.76678360222786296e-02 3.80574415497412707e-03
-1.89086055249528288e-03 1.34007222801685766e-03 -3.43335375040082838e-03
-1.53657898168416650e-03 3.14109499323494187e-03 1.60228043205368730e-03
2.87496536040198142e-03 2.78933074327726484e-03 -1.75800342841065651e-03
4.60594892703696977e-04 -2.82711855404676289e-03 2.44182810594269955e-03
-1.06238551389022692e-03 1.46134864968169094e-03 3.58452302643804104e-03
-3.56987254532105088e-03 -1.08773081090524581e-03 9.12123412604726896e-04
-2.83767842924582308e-03 1.74086491299568573e-03 -1.84858584052446148e-03
2.13200418434572559e-03 -3.74807944715484188e-03 -4.44335764170542338e-03
1.82154835906026463e-04 2.88170292839069970e-03 -2.36990946928286378e-03
8.50550576709170809e-04 -1.83688342759974715e-03 -3.05303816270227407e-03
3.72151108805576390e-03 -5.75701804813741336e-04 -1.03892963896788496e-03
-6.64745853334745211e-04 3.20689145545800976e-03 -2.49007700861003135e-03
-4.69971092318832067e-04 -1.77250312247845504e-03 2.06149578667514169e-03
-2.97824161168211464e-03 3.18834269013628584e-04 1.37809350320252104e-03
-1.97225618713952255e-03 3.25699131024349180e-03 -1.97629195807204382e-03
-4.72179529352881658e-05 -1.43214720048720056e-03 2.94348486917663877e-03
-1.24782398326259104e-03 2.53435884762012254e-03 2.91618521581881330e-03
-1.19986582205377904e-03 -3.00451373651983980e-03 1.37177002768689468e-03
1.89901609891631861e-03 -3.01572242623803334e-03 -2.10505470794212146e-03
1.13063307342041214e-03 1.17845320814743862e-03 -4.09808304504132546e-03
3.09797487222157001e-03 -1.11482418472812076e-03 1.49487386126427200e-03
4.32759994921135937e-03 2.30602247914344239e-03 -1.16399345971666588e-03
-1.02101512318758091e-03 -4.67848079382260709e-03 6.78131995296801793e-04
-3.47183087987737275e-03 -1.68242644173378681e-04 1.96479915374845248e-03
6.84105597207278269e-04 3.01384546071597310e-04 5.07751831243578259e-03
4.12030546111180531e-03 1.82836514828827704e-04 7.08211898473046762e-04
-2.73646299695294495e-03 8.82404810452888004e-04 -3.29997557607967715e-03
2.47115382136066288e-03 1.78788896546695731e-03 -2.94478298829148073e-03
-6.34970057925840557e-04 3.81462842048564199e-03 6.78339865396074054e-04
-6.80607805069517041e-03 -1.56818566308022499e-03 -8.12644469330445901e-03
