2.22816065156872928e-04 -5.85585743384636229e-06 6.57144091358283699e-04
2.60400660106162643e-04 2.23237079831703033e-04 2.14584813721469523e-04
4.33843358716341949e-04 2.72473175148635468e-04 -9.06686243155482402e-05
2.64645253114652594e-04 4.06807410335782358e-04 -3.69184192426593615e-05
4.62930241697920346e-05 5.37651146424524841e-04 -3.82481918019638280e-05
-4.00578977150526643e-05 3.65082058567703935e-04 -2.73705720793495978e-05
-5.04119140893946930e-04 8.79494721243723144e-04 6.15692604663589774e-05
-2.46901648754664139e-04 3.32675675821244665e-04 1.35346228303141909e-04
-5.42756212456677067e-04 1.95065664544841753e-04 2.32660488777632502e-04
-4.89523093111664275e-04 1.83973436778989477e-04 3.18938246613868542e-05
-2.70377433938070999e-04 2.83506795552270124e-05 1.16510397556819612e-04
2.75094396666717680e-04 8.70737717658532219e-05 -7.79386946383566262e-05
6.84421632696635479e-04 -2.50467175646083547e-04 4.36523001134786026e-04
6.55123433342456288e-04 -2.82926961154531420e-05 -1.38488142160874360e-04
2.27338189348975760e-04 -1.76846519165750762e-04 1.22366277065396884e-04
-2.69706035206139527e-04 -1.21913143568854555e-04 -2.99681386069846359e-05
-6.63643228397265621e-04 -3.03447434150914963e-04 2.23670242472831721e-04
-4.78065286988648298e-04 -3.06072569160794402e-04 2.70619303906231634e-05
-1.51231565910649565e-05 -3.93284534477075863e-04 -1.93030692956804988e-04
6.10371560276039282e-05 -2.34418516912148736e-04 -5.36053789108337578e-04
6.82787494346380041e-05 -2.64179097386150108e-04 -3.86874632729709335e-04
1.58268714673528321e-04 -3.80825177524415090e-04 -2.26116010853541401e-04
1.84018553561051963e-04 -3.43209508955897690e-04 -2.84477274065313074e-05
1.57356624922245532e-04 -4.58296991269993462e-04 -3.49765405489676053e-06
1.71494925955019049e-04 -4.62186717815121588e-04 5.47333802760274486e-04
-1.14550923031942332e-03 4.87520117998463886e-04 -9.55644086895713566e-04
1.19945084946104043e-04 -2.80378998492500681e-06 3.82051826656395251e-04
2.13999534406180531e-04 -3.38545271536010899e-05 3.17061605197194163e-04
8.75231574313957146e-05 9.56057231510644244e-06 4.11765888211307427e-04
2.34189796203691808e-04 1.26331591681592970e-04 -2.45776587925308385e-04
2.76890108317990604e-04 1.00967199452016654e-04 -5.67438016327215835e-05
1.81716027362863257e-04 1.54485642832335535e-04 -3.36987819768600161e-05
2.10692613211514913e-04 1.97004066813411980e-04 1.06088277437385678e-04
1.88062398936090776e-04 8.92296675369075277e-05 3.47593541508478795e-05
-2.42264769680041256e-04 3.40967591419515985e-05 2.89146581355230069e-04
-2.38183406709477721e-04 1.01521413347259828e-04 1.42614593960076192e-04
-3.20763080736756587e-04 2.35712193457677675e-05 7.15809418948946149e-05
-1.55218979504718807e-04 -9.88773702079445498e-05 2.93890850784354852e-04
1.70131690131140916e-04 7.72786115190988418e-05 -2.70855555858923907e-04
3.30913576905062087e-04 -1.92019070476682181e-05 -1.10269921410114627e-04
2.02793713687488632e-04 6.69150355295616660e-05 -3.90419954245515481e-04
2.82747884660448381e-04 5.58475724542405682e-05 -1.86406072833649611e-04
2.89742191365372501e-04 4.10396968347517981e-05 -3.39629447828991294e-05
-1.16595769265000581e-04 2.94124696276361625e-05 -1.99243136120573136e-04
-3.13307982476827731e-04 -1.29906710528171780e-04 -3.08983651158353264e-05
-2.50371525997784925e-04 -1.43354980933981121e-04 -1.49731914337177484e-05
-3.02659861055611947e-04 -1.52322102683795124e-04 -6.58077831104286515e-05
-2.51250582688701822e-04 -2.26385917921469447e-04 1.03348392945638824e-04
-7.29983556001010769e-05 2.98742680668668463e-05 -3.60806258776801339e-04
1.22230843640278893e-04 4.08571183117173214e-05 -3.24249433622132753e-04
4.74202627719974630e-05 -7.31058787355029678e-05 -1.85908460865718780e-04
-4.75948571543215727e-05 -1.27543814785148187e-04 -2.08900725094925734e-04
1.30240180457887511e-04 -2.19573542442153783e-04 3.24834461500098635e-04
8.93614989882998446e-05 -1.65525378804679110e-04 2.81847563850174071e-04
1.52150657405474796e-04 -1.75248041658798020e-04 2.56315551007117010e-04
-2.24190423480015330e-04 1.19602059643421804e-04 -3.33783895962322386e-04
