6.69173216926788328e-02 3.45082375006712239e-02 4.68164613235249050e-02
-7.67146985889617383e-02 -1.30703280114277121e-02 -3.60150249857582594e-04
1.54717839736129292e-02 4.47312828096713133e-03 -6.57082466493466022e-02
1.83552327118619019e-03 2.79061662759634288e-02 1.26987843987851790e-01
-6.21521866330665418e-03 -4.44006235367826463e-02 -2.48668773064437687e-02
-1.23808953888490114e-02 6.58289105566112198e-03 8.76093685614220963e-03
1.24415703577448689e-01 2.85772870616955998e-02 1.17039729781875934e-02
-3.18519944417392509e-02 -2.92286123851068780e-02 -2.44977051021915138e-02
6.34545915175284136e-02 -2.19646329427121145e-02 6.11598750812021308e-02
-7.35816326369569396e-02 -4.86326702543837808e-03 -3.75252809253439068e-02
5.51626613270688182e-02 -5.50881521718613598e-02 1.31948839626298664e-01
-9.16640523308664967e-03 1.64780261947625739e-02 -4.39963078937206653e-02
1.73521673724952308e-02 3.44270345827066837e-02 -9.75777732282359089e-02
-1.15435275814231630e-01 -3.92833449514118360e-02 8.41441556883273378e-02
9.97518297636728057e-02 2.66906787194018946e-02 -3.56079761238834447e-02
-4.66808910558658141e-02 2.46258041065731126e-02 6.77968976163034753e-02
7.59222813658162465e-02 -1.25295707228758602e-02 -4.01724837480523789e-02
-1.22575326856008360e-01 -4.41231096082184138e-02 -1.47946346672796158e-01
4.38569307280369802e-02 1.52755215543911582e-02 3.67142213799898087e-02
-1.23261432528363746e-02 1.30517119400663795e-02 -6.46117314084211358e-02
3.16972481893968983e-02 7.00728055011801132e-03 7.18223936853625844e-02
-8.84565502715874974e-02 9.96721958279920273e-02 -4.02960860263075205e-02
6.93960803549398264e-02 -9.65559743351569466e-02 -1.45973402981294242e-02
-1.25807329661702383e-02 2.15609522155251199e-02 2.35547928388886163e-02
1.41934160912637886e-02 7.02688544331326881e-02 -2.42154436168089404e-02
-7.34191963502439648e-04 -1.17117270476168045e-02 2.40353728941826716e-02
5.67003989424108568e-04 -2.97595842465827598e-02 -2.09921513532393966e-02
-2.90025952543753185e-02 1.48938238027167547e-02 -3.00572461632331311e-03
-2.10126269193339210e-02 -1.92980544277185917e-02 1.83228826335701811e-03
-1.31367712881501619e-02 -6.27267011191423585e-04 7.75192490187492922e-03
3.32335859783556842e-02 -9.74823549268902766e-03 2.34239803132160196e-02
-7.27926557858182832e-03 -1.03899434162608717e-02 6.35659161619084312e-03
-2.09521331986095571e-02 6.04638497096354754e-04 -1.00965078762711880e-01
-6.45555768919958695e-02 2.06362112446181190e-02 -8.70281120189081436e-04
-7.35455471799095761e-03 1.80549319964253274e-02 -4.40230645254051645e-02
-2.04081669137119448e-02 1.06593468652875778e-02 -2.11668741240411684e-03
3.57397024164511912e-02 2.62418640789119362e-02 -1.76902419277824574e-02
9.83674965020386871e-04 2.95769907502234641e-02 -1.17976492722143611e-01
1.88186475688358890e-02 -1.06903940922780105e-02 3.75898281249456012e-02
-2.95908188071964950e-02 -1.29095021290918099e-02 1.45346758919331354e-02
8.41191380138583966e-03 -1.87642162052378270e-02 5.86060339771234950e-02
-1.89392085157891188e-03 7.72558101474185577e-03 -2.42885042101641524e-02
3.95738322810639254e-02 -1.64964910220118943e-02 -8.01941352790536133e-03
1.60690223859494274e-03 -2.15961354585270104e-03 -1.90748308597123994e-02
-1.75000210462199490e-02 2.52357101416077201e-03 -1.48132461625782863e-02
-1.63300354162805306e-02 5.93151904866862090e-03 4.92176732217282087e-02
6.93761547641535969e-02 3.86069074606369966e-02 1.17793108346142539e-01
2.26937614419520095e-03 -7.06956860755614258e-03 4.34498416247919295e-03
4.26251112812874311e-02 -1.61549415071553515e-02 2.00659625316625956e-02
-4.54604531955653535e-02 -2.34710296936420093e-02 9.62012224168784513e-03
1.07645416301012098e-02 3.05335518163196706e-03 -9.67394411069610882e-03
-1.72939865905838985e-02 -1.19432689911924683e-03 -3.30448076010814162e-03
-7.88172880878457160e-03 -2.78469418981819317e-02 -2.49354977696718549e-02
-4.32712304290949756e-02 -1.82265244113077873e-02 2.34694081465902649e-02
2.61422155464914319e-02 -1.12360241647615489e-02 -2.15192335347946795e-03
2.05084068841321354e-03 -8.05398332508922010e-04 5.93554346777747099e-03
