6.71401377578356995e-02 3.45023816432373787e-02 4.74736054148831854e-02
-7.64542979288555802e-02 -1.28470909315960089e-02 -1.45565436136113071e-04
1.59056273323292703e-02 4.74560145611576702e-03 -6.57989152736621480e-02
2.10016852430084267e-03 2.83129736862992101e-02 1.26950925568609124e-01
-6.16892563913686194e-03 -4.38629723903581209e-02 -2.49051254982457330e-02
-1.24209532865640643e-02 6.94797311422882570e-03 8.73356628406285994e-03
1.23911584436554742e-01 2.94567817829393223e-02 1.17655422386539529e-02
-3.20988960904939127e-02 -2.88959367092856342e-02 -2.43623588738883720e-02
6.29118353050717311e-02 -2.17695672781672740e-02 6.13925355699797629e-02
-7.40711557300686024e-02 -4.67929358865938876e-03 -3.74933871006825209e-02
5.48922838931307500e-02 -5.50598014923061319e-02 1.32065350023855471e-01
-8.89131083641993281e-03 1.65650999665284265e-02 -4.40742465883590187e-02
1.80365890051918665e-02 3.41765674070605985e-02 -9.71412502271011280e-02
-1.14780152380889178e-01 -3.93116376475272922e-02 8.40056675461664654e-02
9.99791679530217803e-02 2.65138322002361447e-02 -3.54856098468180475e-02
-4.69505970910719522e-02 2.45038909630042566e-02 6.77669294776964970e-02
7.52586381374189817e-02 -1.28330181570267751e-02 -3.99488135055795501e-02
-1.23053392142997015e-01 -4.44291821773792062e-02 -1.47919284742405538e-01
4.38418075714459149e-02 1.48822370199140821e-02 3.65211906870330019e-02
-1.22651060968087706e-02 1.28172934231542308e-02 -6.51477851975294786e-02
3.17655269388315356e-02 6.74310145273186116e-03 7.14355190526328732e-02
-8.82982815569139656e-02 9.92913706504676141e-02 -4.05222020371610592e-02
6.95800989085008786e-02 -9.68991838441128489e-02 -1.46257880255359560e-02
-1.24233763412479933e-02 2.11026552242551263e-02 2.35512951848337211e-02
1.43649110172188073e-02 6.98066677153175719e-02 -2.36681098140486650e-02
-1.87970119382186297e-03 -1.12242069296183411e-02 2.30797288072869568e-02
6.86949074370212637e-04 -2.97623880365676836e-02 -2.06100995265830027e-02
-2.87885957199691365e-02 1.48599692755631528e-02 -2.68866301112611911e-03
-2.09251037619025242e-02 -1.92884938554034845e-02 2.24405415156832570e-03
-1.29025814919464694e-02 -5.00935419509830615e-04 7.50614831394962045e-03
3.35104760866736726e-02 -9.64726829323701157e-03 2.33672365115832996e-02
-7.09754955121896531e-03 -1.02354577734285364e-02 6.32289283421398271e-03
-2.07414405853980424e-02 8.01642563909766735e-04 -1.00858990485274497e-01
-6.43675144930597742e-02 2.07254409121550263e-02 -8.35521766038233591e-04
-7.59681948767099852e-03 1.80890287555672789e-02 -4.37339179440499326e-02
-2.06463503204214228e-02 1.07608682786348372e-02 -1.97407281844404073e-03
3.54189393357144319e-02 2.62654352982577034e-02 -1.76186609858875638e-02
8.28455985515668064e-04 2.94781133800155193e-02 -1.17682601871359260e-01
1.89887792589670291e-02 -1.06131154807589112e-02 3.73189725690866794e-02
-2.92599052302914345e-02 -1.29287040361394778e-02 1.44244059705230208e-02
8.61470751507332870e-03 -1.86973011697082643e-02 5.82156140228779762e-02
-1.61117296691846339e-03 7.78142858719609639e-03 -2.44749102829978013e-02
3.98635744724292959e-02 -1.64554513251771416e-02 -8.05337647268826104e-03
1.49030646932994215e-03 -2.13020107622506486e-03 -1.92740739958329743e-02
-1.78133290286967769e-02 2.39366430363260017e-03 -1.48441445276941211e-02
-1.65804069422783168e-02 5.78816406773464010e-03 4.92027000302944911e-02
6.90734949030979845e-02 3.84545853579532013e-02 1.17727300563032114e-01
2.01812556150649924e-03 -7.29595452547761227e-03 4.44833255542483215e-03
4.25521129256873284e-02 -1.61250672390884850e-02 1.97051562728857953e-02
-4.53382223519250768e-02 -2.34301725753302929e-02 9.29587280806571173e-03
1.08119618928732078e-02 2.98024930289646391e-03 -9.85985257156182793e-03
-1.73415814477382198e-02 -1.32187071390439496e-03 -3.51338148520306728e-03
-7.75148862832668404e-03 -2.80665154406240860e-02 -2.46106633081717568e-02
-4.31818689301066774e-02 -1.83920497901124656e-02 2.37512557104404380e-02
2.62943662038969059e-02 -1.14112722064203462e-02 -1.89560780247235083e-03
1.82665026493319818e-03 -6.85796272865500179e-04 5.60175957181514861e-03
