2.99877801052776834e-04 1.19790632628536772e-05 6.38302120422433298e-04
2.77401503055623290e-04 2.12215598428727742e-04 2.28109425086869615e-04
3.52076308918909545e-04 3.15112051425932890e-04 -9.24573222614029328e-05
2.93343589433006473e-04 4.18187815358598170e-04 -4.65851683906845228e-05
1.98169595901533108e-05 4.86432902168115083e-04 -2.06618432433992036e-05
-2.82438411793572489e-05 3.89458803667529360e-04 -3.35637400079699850e-05
-2.42170469308016108e-04 6.91615904697150444e-04 7.80757033665963035e-05
-1.32309612236635842e-04 3.34110537548899149e-04 1.50653950357536423e-04
-4.85720409163334756e-04 2.25522527773599428e-04 2.20986685713473987e-04
-5.64972425697976175e-04 1.74459332735322223e-04 3.47073365186045319e-05
-2.93879837424259206e-04 2.07669662147611277e-05 1.02947051875363192e-04
2.73571768780347122e-04 1.02254645901944614e-04 -8.26543780893394982e-05
7.00774699166837852e-04 -1.14144799881715358e-04 9.82892607909118085e-05
6.02656195428080644e-04 1.37688344076683202e-05 -1.36911606421450549e-04
1.81631942748865515e-04 -2.08275869735279653e-04 1.15688757911826988e-04
-2.56628966562034359e-04 -1.17613662882632710e-04 -1.87276027292178561e-05
-6.21677768944970039e-04 -2.86484949349604073e-04 6.80775407269193278e-05
-5.00172313086517549e-04 -3.05764977945449591e-04 1.58429658392559463e-05
-4.49754348442082917e-05 -3.61470916544222916e-04 -1.64476554291627641e-04
5.51502323364849565e-05 -1.86526828085996620e-04 -5.56423377490963085e-04
8.04300249771094250e-05 -2.57657659941941050e-04 -3.73315764444515487e-04
1.88726748252252674e-04 -4.45149194736502141e-04 -2.42161861606352848e-04
1.77221186612697818e-04 -3.56166624584975690e-04 -3.66276278251444863e-05
1.75583461275548075e-04 -4.55944104328542235e-04 -8.97528278933969621e-06
2.12786710409529616e-04 -4.04357695607941573e-04 5.17097632539521086e-04
-1.12457980388758270e-03 4.76344677078857626e-04 -9.74051072871983271e-04
1.10119674964047253e-04 -1.63702098050398854e-05 3.72736802249335679e-04
1.49999895671279384e-04 -4.53487884219229225e-06 3.09674675636333193e-04
6.93132244353915822e-05 -8.39354618829770373e-06 4.22569314528144875e-04
2.41840917621315550e-04 1.26026675504216503e-04 -2.46188789181164586e-04
3.05381271433716130e-04 8.19158428114000474e-05 -4.45557396918494887e-05
1.74152899181497363e-04 1.41864848964607363e-04 -2.57175373296542254e-05
2.08272893009709353e-04 2.02779792228354686e-04 1.11420545868650927e-04
-1.54674533537773332e-04 2.46913904024152872e-04 3.49708405067583418e-05
-2.58723999940205869e-04 3.03307863740060386e-05 2.90961483414928484e-04
-2.60462889788331490e-04 1.31620658794828088e-04 1.45351490780494096e-04
-2.97381151443620656e-04 3.20171299103526731e-05 6.37916562546744765e-05
-1.23841297890654414e-04 -9.84617179903317174e-05 2.93248251102849310e-04
9.65579456589135931e-05 8.32641960418400908e-05 -2.70161847027911505e-04
2.81835001961243913e-04 -6.24730094302324837e-05 -8.71404749004838424e-05
2.77768142518916496e-04 -2.95206198965051349e-05 -6.06575335072527110e-05
2.93776431433682170e-04 6.52727483774944502e-05 -2.12081526661595009e-04
3.79794839817512654e-04 -2.57058600654135131e-06 -3.51165464823747949e-05
-9.57224988169371263e-05 4.34582637212519519e-05 -2.17108510183024932e-04
-3.05528455745577351e-04 -1.33344485945550539e-04 -2.15017845656813054e-05
-2.97581412295922930e-04 -1.54019605380048015e-04 1.29087619966964626e-04
-3.01694671697933740e-04 -1.35117567538408468e-04 -3.84757440746188409e-05
-2.40782987194641395e-04 -2.32783282876089981e-04 1.15802590358108170e-04
-6.85172405660718726e-05 1.65161355334461562e-05 -3.54393832003980461e-04
1.31930221460560738e-04 4.55058723310446849e-05 -3.20946394285783235e-04
4.56113892776227378e-05 -7.24771451538371692e-05 -2.00733329689496817e-04
-5.02015268728360254e-05 -1.40787522979777071e-04 -2.12063587127755531e-04
1.28297767256249320e-04 -2.19995251191541427e-04 3.30012577697710223e-04
8.10671398005218753e-06 -2.18924995219367779e-04 3.17982180859239225e-04
1.73730009178642199e-04 -2.06526162645827288e-04 2.73306069202180623e-04
-2.17094822773177665e-04 1.16141355427436992e-04 -3.45258150399666713e-04
