-2.35190521968196009e-02 -7.35057259091265180e-03 3.28851836209782533e-02
-9.49201591033688175e-03 -7.59582798273905624e-03 1.40751039373130382e-02
-4.26623155926151298e-02 6.71382792343777624e-03 -5.67635506213859387e-02
4.57714311068606605e-02 -1.23071009657849118e-02 1.08452184054783629e-01
-1.94953740306478274e-02 -6.58568423080918564e-03 -1.87607585215566058e-02
8.89277245580213926e-03 9.99178966608837982e-03 4.43279743076052668e-03
-8.04920275958709297e-02 -5.06468835839513076e-03 1.57506641655782431e-02
5.11441934675853638e-02 2.68507846923791149e-02 -3.35426506190410478e-02
-5.07863828002719231e-02 2.74385306295084064e-02 5.11871211666505843e-02
3.78026859034719109e-02 -1.21743155826692373e-02 -3.95326700042684109e-02
-4.22482991721886414e-02 -3.24917915146059055e-02 1.38123167739318653e-01
6.94070380347202587e-02 2.24661328750430656e-03 -1.07682637498749401e-02
-7.33401369265589409e-02 -1.63976978756441572e-02 -6.94924465163433425e-02
5.58423168011721316e-02 3.35411103142702061e-03 4.18088890136099067e-02
-6.12061002762978035e-02 3.55989581597642157e-02 -3.27719395175873895e-02
5.81861339897287166e-02 -3.03429715667306865e-02 2.72842095556877773e-02
1.81224895762657212e-02 -7.27943917554707554e-03 1.56706847401544280e-03
4.00337391654961294e-02 1.13975484831900786e-02 2.09711110349686258e-03
-5.64886741084382749e-02 -2.09796321552442322e-02 6.00307924017098316e-02
6.34775522650857793e-02 -5.44494363223346767e-04 -4.28835208598528084e-02
-4.03787915740021486e-02 -1.22823526923685478e-02 -2.52155868195185207e-02
6.19433276130658683e-02 -1.01669388383289316e-01 -1.10813098836608503e-02
-4.98415533473703931e-02 9.15238902925494813e-02 -3.46696535930934857e-03
5.63466422458436256e-03 7.96427502294427825e-03 9.09869387159645271e-04
7.91938339992004359e-03 -2.58831590878578766e-02 2.04034591485857675e-02
-5.12384177204339153e-03 -9.97530768180254768e-03 1.99894570171714747e-02
-8.70597372867742969e-03 1.24117476307032959e-02 5.64251499787893351e-04
3.85924423554460105e-02 -1.62226706488167727e-02 -1.71723678981388073e-02
-9.27658417007393155e-03 1.49853970294711036e-03 3.07308664103889129e-04
5.44936594050859924e-03 1.33852270219669833e-03 1.01085328639616279e-02
5.28660247546497430e-04 -2.22252442251144600e-03 1.50694329817924744e-02
1.40528990442887469e-02 9.29668628987045942e-03 -6.60619510307236535e-03
-1.49359780941837883e-02 2.23608097943484019e-03 -7.99350580577566916e-02
4.12635935524927611e-02 -1.77898886183180949e-02 -1.26410650943153957e-03
-1.00856443238588334e-02 1.54701924585539108e-02 -4.01086090993953981e-02
4.08347749889861333e-02 -2.75120413920759699e-02 1.02364664363995272e-02
-1.63685456834516962e-02 -1.01643492839791350e-02 2.64613224344389941e-03
-7.27575825539272802e-03 3.71638425152933660e-02 -1.25903470592342526e-01
-7.50342334484471740e-03 8.03448706150344805e-05 4.78947287520803400e-03
2.60806968317117693e-02 1.42273705416939844e-02 -9.26877688141969358e-03
7.64140065290508375e-03 -1.03449936399583331e-02 4.91270552027724960e-02
2.09966447587306426e-03 4.81544620407337032e-03 -5.90196527420205896e-03
-2.89405148744248386e-02 1.79015836519540450e-02 -9.26806234652316485e-03
1.00304349145213245e-02 -7.31659210332358256e-04 -3.59715909295577063e-03
-2.95598771662639592e-02 1.17252399842895788e-02 -2.49553906529228486e-02
3.83625169569690172e-04 -3.82243752778177459e-03 2.69348232491171125e-02
-1.80514725030485046e-02 -8.18191263722489737e-03 -1.00658635089232451e-02
8.64449769167108251e-03 1.02648903447435380e-02 -1.43103471214911515e-02
-1.04851481509453670e-02 7.82862415774077114e-04 4.65223603224051985e-03
-2.22578468294183374e-02 -1.13571992374221775e-02 3.61464336422168131e-03
-3.10932021984164919e-02 7.14758187873210105e-03 4.46913028971702708e-02
5.43085698295522334e-02 2.07924734077538087e-02 6.50224428236101382e-03
-1.20595215308175741e-02 -1.30385648571297585e-02 -1.89899405186042536e-02
3.26712925393344289e-02 1.47515780517517570e-02 -8.87561197469910468e-03
-3.16668010680531964e-02 1.96017572146560681e-02 3.28437810660719975e-04
6.65412901123685341e-03 5.73530345278516762e-03 1.96924238056328527e-03
