2.32191743957668242e-02 7.33859352764979801e-03 -3.35234857414006895e-02
9.21461440728125851e-03 7.38361238431032869e-03 -1.43032133623999073e-02
4.23102392836962188e-02 -7.02893997486370940e-03 5.68560079436473409e-02
-4.60647746962936644e-02 1.18889131504263130e-02 -1.08405598886392951e-01
1.94755570710576746e-02 6.09925132864107093e-03 1.87814203648000062e-02
-8.86452861462278148e-03 -1.03812484697559087e-02 -4.39923369075255651e-03
8.07341980651789526e-02 4.37307245369798064e-03 -1.58287398689448411e-02
-5.10118838553487303e-02 -2.71848952299280147e-02 3.33919966686835115e-02
5.12721032094352602e-02 -2.76640531572820043e-02 -5.14081078523640558e-02
-3.72377134777739371e-02 1.19998562499339153e-02 3.94979626677498044e-02
4.25421790096129002e-02 3.24710245483911461e-02 -1.38226114791194010e-01
-6.96806098035006038e-02 -2.34886793340625131e-03 1.08509181279642791e-02
7.26393622273921041e-02 1.65118426755258736e-02 6.93941572555524244e-02
-5.64449729966002151e-02 -3.36787986583468894e-03 -4.16719774071884555e-02
6.10244683335489368e-02 -3.53906822900289381e-02 3.26562507596755633e-02
-5.79295050231666830e-02 3.04605852296133198e-02 -2.72654819529585604e-02
-1.75008118073207500e-02 7.56592412489667972e-03 -1.63514601474236214e-03
-3.95335668524096143e-02 -1.10917835052446283e-02 -2.11295406933611866e-03
5.65336495432824798e-02 2.13411030717884538e-02 -5.98663158474182014e-02
-6.35327024974222665e-02 7.31021191309343360e-04 4.34399442373437708e-02
4.02983615490250385e-02 1.25400103523104888e-02 2.55889025839630378e-02
-6.21320543613181203e-02 1.02114537578025813e-01 1.13234717452672037e-02
4.96643321607576974e-02 -9.11677236679645092e-02 3.50359298713449289e-03
-5.81024768585991069e-03 -7.50833091861573612e-03 -9.00894104370305541e-04
-8.13217011032957293e-03 2.62875167834658169e-02 -2.09205567811252893e-02
6.24842157593097445e-03 9.49896300472368935e-03 -1.90154059442994919e-02
8.59585405371338269e-03 -1.23953774208982563e-02 -9.36988302037229030e-04
-3.87424422511172886e-02 1.62272055276589666e-02 1.68626932225024728e-02
9.20727094563853973e-03 -1.49014615675881266e-03 -7.29877978632034003e-04
-5.69120685812991509e-03 -1.46454937770091492e-03 -9.86234407478046339e-03
-8.34041518980213614e-04 2.14060857970004579e-03 -1.50248772421006250e-02
-1.42270519434702439e-02 -9.43855113883506659e-03 6.63191264040201983e-03
1.47277052011740798e-02 -2.43886077166319487e-03 7.98236375118880348e-02
-4.11089190189549911e-02 1.75429747142939428e-02 1.22913566892478114e-03
1.03443683237990393e-02 -1.55005232449279169e-02 3.98176476159804726e-02
-4.05743120991978040e-02 2.73804207332811432e-02 -1.03818179271800218e-02
1.66659268348953171e-02 1.01323321540687829e-02 -2.70992389969857382e-03
7.39959955328338241e-03 -3.70653807973030311e-02 1.25610222341239669e-01
7.40686539918580366e-03 -1.63609066656874571e-04 -4.51931102818012211e-03
-2.63625318336730141e-02 -1.41648975322637514e-02 9.35591735632017828e-03
-7.91916879542399997e-03 1.03745142598548386e-02 -4.90663976692652451e-02
-2.39344090730674638e-03 -4.88071895245086474e-03 6.11404680086365376e-03
2.85607200346073252e-02 -1.78990130659475027e-02 9.30317889300553980e-03
-9.93471241570438764e-03 6.88200946611106264e-04 3.81426760313879551e-03
2.98654056220095353e-02 -1.15918954983440289e-02 2.49768924374885286e-02
-8.60437572737672422e-05 3.97645713316182280e-03 -2.70639108690840756e-02
1.83531671747464396e-02 8.31703020476330657e-03 1.01043392529978644e-02
-8.40371470447644035e-03 -1.00321070618674488e-02 1.41945445311330437e-02
1.05536653915114381e-02 -7.99378551307523290e-04 -4.29784220023653966e-03
2.21259166079577768e-02 1.13116933650911321e-02 -3.29369696993589813e-03
3.10475908091388704e-02 -7.07510473357826370e-03 -4.44905695674807714e-02
-5.42583683026793967e-02 -2.06516858847740313e-02 -6.29018069523325837e-03
1.19312237635613248e-02 1.32585601083213007e-02 1.86599279409065434e-02
-3.26793992533144784e-02 -1.45326530565323894e-02 8.55762979383986599e-03
3.14930710588745555e-02 -1.93952310520102422e-02 -6.01743879862900598e-04
-6.43703418846367555e-03 -5.85144480821260440e-03 -1.62398423016361861e-03
