3.87254852712497633e-04 -3.63920177789718493e-04 3.69315708053676993e-04
3.54881992856660581e-04 -2.12999357597353650e-05 1.24137784348630527e-04
4.91136672428513677e-04 1.46766561952205523e-04 -2.16369179244884453e-04
4.60558518025365135e-04 2.31300967198578401e-04 -6.22930807116003346e-05
3.16581039763267572e-04 3.81637000432171001e-04 1.72462224439222351e-04
1.97720669642429531e-04 3.14162549642194055e-04 1.21746070237790230e-04
2.68942730674442596e-04 5.54914356728292298e-04 4.83299310032653869e-04
-3.21794339175220559e-06 1.74764259509684462e-04 2.12698080975255515e-04
-2.23200942074752116e-04 1.40717552780889098e-04 5.59486341186825309e-04
-2.17389878061099919e-04 3.70444531648011035e-04 3.47866196321282533e-04
-2.15464474546824859e-04 1.47791556954929287e-04 2.41523480088660800e-04
1.98605401273364173e-04 9.97284963837295486e-06 -1.32334608894385877e-04
4.02577839074729881e-04 -4.24687019912485108e-04 -3.21509336034786844e-04
4.42800893065002567e-04 -2.89741929139719851e-04 -3.43423826608559957e-04
1.62615717409315243e-05 -3.20136127334137970e-04 -2.55501992051610110e-05
-3.12562926323976407e-04 1.12642562320931813e-04 3.00041434940932719e-05
-6.40132057254610520e-04 9.76322073766718138e-05 1.96350525117404450e-04
-5.52739023700504349e-04 3.80458672169558046e-05 1.43619771646513663e-04
-2.84004505688134948e-04 -1.64655649103351515e-04 -2.60300523255323549e-04
-1.51321860394448718e-04 7.92601945881399230e-05 -5.60998754682782140e-04
-1.54192585622394969e-04 -5.02649375325209488e-05 -4.27502993083096674e-04
-1.71248765634993269e-04 -2.84629065485438254e-04 -3.90383456617338347e-04
-9.58202123074560402e-05 -3.42028099439403515e-04 -1.87954483135222201e-04
-1.71924911126084034e-04 -4.04325489140012649e-04 -2.01670518872247914e-04
-2.94977526144608504e-05 -6.50490274277527218e-04 2.83875775190834919e-04
-5.82142042557345137e-04 1.34390633077359468e-03 -3.33457244988344718e-04
2.09068087035986814e-04 -2.42659848051128069e-04 2.23905666281657469e-04
2.26082602123738247e-04 -2.63627269155150426e-04 1.12265368845033709e-04
1.80511721650356097e-04 -2.58549005098821926e-04 2.86104794173884069e-04
2.13094221154601159e-04 1.35922232207420844e-04 -3.03330414995738279e-04
2.71766860308708278e-04 -6.14857313844313763e-06 -2.19672333344427711e-04
2.12253464090029104e-04 8.31273692563843996e-05 -9.04000177253332744e-05
3.03454447380354752e-04 2.36440235959883420e-05 9.90619596356196484e-06
4.68349136692206095e-05 1.91737644252766381e-04 2.07609465010377735e-04
-1.02821209304979934e-04 -6.71002172404771310e-05 3.70308817490198493e-04
-1.07554267104690370e-04 6.32674361199458236e-05 3.22978895190831534e-04
-2.20699490289328324e-04 1.60509686106420136e-04 1.97856577255784566e-04
-1.27042324510951891e-04 -1.32454711144030385e-04 2.99947099028890726e-04
6.71061747853731231e-05 1.44385681472734763e-04 -2.57980355831108658e-04
2.13209528989380577e-04 -1.82929654718020219e-04 -2.16325543944819376e-04
2.12929185251625096e-04 -2.98200796075570357e-04 -2.39566940786057222e-05
2.27933456684098240e-04 -2.66488248706427035e-05 -2.94891326807275394e-04
2.67336239174222599e-04 -1.92367265602487578e-04 -1.61472373017426018e-04
-9.96057288615786687e-05 2.16787683973327164e-04 -1.38349378234868271e-04
-3.36509918405548036e-04 1.36621843731487148e-04 6.44274687377598951e-05
-3.17495405046329751e-04 2.58524581957594484e-06 1.94468453998801222e-04
-3.23290227397636748e-04 9.00703725483188646e-05 3.31667193180479162e-05
-3.15981320749713799e-04 -8.25235357823175423e-05 1.32644574173130468e-04
-8.10639478123415034e-05 2.20712567623528987e-04 -2.76404806024309151e-04
8.10577385985021900e-05 9.98713515374796608e-05 -3.14472576785788883e-04
-3.65100877827326289e-05 1.67594094046398722e-05 -2.10941311656307964e-04
-1.54170262611147776e-04 3.26058496390558921e-05 -2.02705632428356014e-04
-6.69725044750519898e-06 -3.76606244593384641e-04 1.89187638200888353e-04
-9.32495414092293938e-05 -2.96662983480534912e-04 2.14252480765143172e-04
3.37291396731215066e-05 -3.49651489867619048e-04 1.23033198493871824e-04
-1.76139098793971744e-04 3.29741377681982951e-04 -9.37978538526085823e-05
