-2.11227398061630822e-03 -5.65604602495994868e-04 -2.53126389903712834e-04
-2.61249734423429913e-05 -3.37310749615182814e-04 -1.20583463100842891e-04
3.49006193268053266e-04 -1.33900762524352679e-03 1.01296661724425974e-03
8.59499288234033543e-04 4.10080485464092703e-04 3.29930062890060327e-04
-3.57630409394804616e-03 1.51933732264630805e-04 -1.04151501016280790e-04
1.33727386604931553e-03 -1.36106576368177912e-03 -9.45843213966846008e-04
1.54350543163372933e-04 -9.24953923634674879e-04 3.32226144198699558e-04
-5.24218072071769292e-03 3.70535697352822879e-02 5.53064899689115208e-03
1.40585429363282444e-02 -5.95779492395283050e-02 -2.03890024613340159e-02
-2.54355053071098069e-02 3.97661626161243120e-02 2.14838637891183737e-02
4.14270065653843389e-03 -8.47704872160015555e-05 1.05331797032892638e-03
-1.18451235847238934e-03 -9.32176368116044429e-04 -1.40174568727324811e-03
-4.31953053823264099e-05 2.12460344377785049e-03 -1.33400502545422128e-03
-2.01000701290254824e-04 2.39137547857204424e-04 1.65688548479536735e-04
-8.67279106978924297e-04 2.32193507251565734e-04 4.75810354156447346e-04
-1.24139916399812478e-04 -2.42969284851790590e-03 1.69656914269955550e-04
7.41758844160500530e-04 7.05418077693309442e-05 -1.71534634144876463e-04
4.93661348409446532e-04 3.75173279877349941e-05 -2.50486624671975022e-04
3.88958935673144879e-04 2.56178476034762959e-04 1.62400298464593362e-04
1.50012595561799245e-04 -1.02400315652673157e-04 4.81200167946838064e-04
1.47666097507936911e-04 4.10528704692936230e-05 4.19480401490091026e-04
9.10247806480413146e-05 2.11922053593660564e-04 3.99812283591316486e-04
1.14161244741950441e-04 3.80941043104598975e-04 1.76068651725813652e-04
1.63586872671483974e-04 4.64485766308087022e-04 3.28279398972508574e-04
2.62535685836451371e-04 7.92531244545813252e-04 -5.84648464979409255e-04
1.41853778393343788e-02 -2.11121976949293355e-02 -1.38630139347348802e-02
-4.31726363827600323e-05 3.25819350808831398e-04 -1.49051103174535626e-04
-2.00650857200557198e-04 2.25431633377404239e-04 -2.51364747741344985e-04
1.40874770649140890e-04 3.36836939623275100e-04 -5.29325968918747947e-04
-4.07030180315293144e-04 -3.55969224911545368e-04 -1.06700035473750177e-05
1.25369285401077946e-04 3.83505702167719065e-04 3.23333026169159155e-04
6.33838500738725941e-05 -4.75734618265555298e-04 -1.86079333121202950e-04
-4.75226611994727932e-04 -8.64950001242537070e-05 7.82494788205134739e-05
8.01072837841587670e-05 -1.97805225759850600e-04 2.79174133160697835e-04
-2.13630830714467423e-03 2.45076363361618199e-03 2.09953770824489183e-03
5.64120298953030286e-04 2.24314245669132717e-03 1.19882730468923171e-04
2.19178517337770273e-04 -1.33186309380817214e-03 4.75959515906509978e-05
9.86013297918364451e-04 7.41128632851140168e-04 8.49081627573244901e-04
-7.20553626013864523e-04 1.34328378456194386e-03 2.07676677943480215e-03
-3.78254261996779917e-04 3.39005104439960014e-04 1.53955333294542029e-04
4.37968599622529098e-05 3.54585602342361028e-04 3.58090639555275203e-04
-2.91666646471622215e-04 -2.54550621278104572e-05 2.21412960084155230e-04
-1.49760376438656806e-04 2.30464411711039929e-04 1.23653918139066121e-04
5.10780695388568518e-05 1.05425181888829655e-04 3.88575898230048011e-04
2.19189580861200994e-04 -2.12560071812362139e-04 -1.17520936092019301e-04
2.34764374320795000e-04 -2.76048259644223748e-05 -1.11302384024902778e-04
2.57989340430864189e-04 -1.37797720470400620e-04 1.30883094316969206e-05
3.64956859268072975e-04 6.65575215921254681e-05 -7.66759993322541078e-05
9.78048138375875453e-05 -2.19358178360717915e-04 2.84426239037349760e-04
-1.18091338836556758e-04 -1.01525471505770071e-04 2.59131941473977889e-04
3.64730810911003886e-05 -2.13018323940716847e-05 2.14598570330792882e-04
1.46500314187392178e-04 -5.06203963521745237e-05 2.03009511771545803e-04
5.10158959401429968e-05 5.50889831950396314e-04 -1.14834464051583041e-04
-4.53377062203941250e-05 3.14872695844181649e-04 -2.33894358824038306e-04
-5.13544075042560166e-06 3.11433292961460495e-04 -6.58388024759454238e-05
2.36472703993534372e-03 -6.35263992585954895e-04 6.39999374425048728e-04
