1.72501912790381053e-03 9.29524780285713361e-04 -1.16189318149964159e-04
-3.28757019414317590e-04 3.58610685374918152e-04 -3.55432124778763529e-06
-8.40142865696566943e-04 1.19224106329132132e-03 -7.96597437999375284e-04
-1.32005780625939857e-03 -6.41381452662671131e-04 -2.67636982178460006e-04
3.25972305418477859e-03 -5.33570732696801806e-04 -6.83107234229415612e-05
-1.53499453569174511e-03 1.04690321403958517e-03 8.24097143729055764e-04
-4.23293273837815529e-04 3.70039566906382581e-04 -8.15525454231353373e-04
5.24539866410944546e-03 -3.72283339947919734e-02 -5.74334707786640798e-03
-1.38353419942534930e-02 5.94372316867474160e-02 1.98295161201471892e-02
2.56528951851709083e-02 -4.01366071477723199e-02 -2.18317299854396546e-02
-3.92723618199160903e-03 -6.30210697389277320e-05 -1.29484145041758726e-03
9.85906957199025272e-04 9.22203518477671515e-04 1.53408029616763399e-03
-3.59382533692403471e-04 -1.69991642386536543e-03 1.65551436148900807e-03
-2.41800191774747743e-04 5.06043812825154263e-05 1.77735278129023222e-04
8.51017535237992735e-04 8.79426200825722364e-05 -4.50260154951286355e-04
4.36702842723788885e-04 2.31705028619697429e-03 -1.99661057764048818e-04
-1.01626786905890010e-04 -1.68174015146002772e-04 -2.48158909725279867e-05
5.90776752910578172e-05 -7.55631952046907987e-05 1.06866853025461360e-04
-1.04954429985009931e-04 -9.15228269314114439e-05 9.79002247907301867e-05
1.30926483264947333e-06 2.31401210645332343e-05 7.97985867359440751e-05
6.52648811445805761e-06 9.21206706322732577e-06 8.02259159300564755e-06
8.02239849869519541e-05 7.27070118917776901e-05 -9.42882697397813899e-06
-1.83410324344944004e-05 -3.89129436651954605e-05 1.18858314094085491e-05
8.33803845460005973e-06 -6.01602771680743737e-05 -1.26608880100260659e-04
-2.33037933221990528e-04 -1.42040970268286033e-04 3.00772689788574336e-04
-1.36032357967770332e-02 1.97682913641557406e-02 1.41964711797232246e-02
-1.65895450653226782e-04 -8.31595027577033291e-05 -7.48545631071218431e-05
-2.54317449231810495e-05 3.81956357777461872e-05 1.39099378896311276e-04
-3.21386492299496960e-04 -7.82879345244531745e-05 2.43221174744863878e-04
1.93935959160691985e-04 2.20046992704124524e-04 3.14000418543113296e-04
-3.97136145709786224e-04 -3.77357129029275910e-04 -1.03660692824731444e-04
-2.75637314163901725e-04 3.92607249009170925e-04 2.76479350846536224e-04
1.71772164614373180e-04 6.28509765282653650e-05 -8.81556747840754438e-05
-1.26942197453379390e-04 6.06758150708421973e-06 -4.86783598171075570e-04
2.23912951644965417e-03 -2.38366341637570502e-03 -2.46984652573509038e-03
-4.56566031848339930e-04 -2.30640989281127298e-03 -4.42861625659754705e-04
1.52097295155805088e-06 1.17135340770175211e-03 -2.45452528846435564e-04
-8.58970973407412533e-04 -6.08673921707109837e-04 -1.14902872660213552e-03
6.53447451228491346e-04 -1.48766946603467857e-03 -1.81878642360369354e-03
1.65044733007399340e-04 -1.56075449721939795e-04 6.23702106502773464e-05
-2.56726045213877979e-04 -5.63848062667906711e-05 -3.34133945476669471e-04
6.37331897875239748e-05 5.21038869984531607e-05 7.34783667231201634e-05
-1.17575862735565793e-04 -3.80971461085523517e-05 3.78184548783598964e-05
4.85276593227218169e-05 -3.22212865862156819e-04 -2.50226519995179713e-04
1.17320337544347042e-04 7.59382280808749911e-05 5.30934673542594063e-05
8.27310307255347513e-05 2.50195801448464308e-05 -8.31660699738984437e-05
6.53008869667725590e-05 4.77273479220817552e-05 -4.62550287497448369e-05
-4.89755385183591758e-05 1.59660141901920742e-05 -5.59685748408763597e-05
-1.67408660252460419e-05 -1.35438926281107250e-06 -8.02143301304060865e-06
3.70336002380545684e-05 1.65411996829040989e-06 5.53406353118109941e-05
3.70066916322402671e-08 4.54242298943181250e-06 -3.65725867448491739e-06
7.66994842375559832e-06 1.80145467131186316e-05 -3.03879343189789475e-07
-4.43186454926378003e-05 -1.74283587357011672e-04 -7.43531741493053122e-05
1.38587247629623532e-04 -1.82097123636467371e-05 1.96418780588951348e-05
-2.85936989226959049e-05 3.82181969061585526e-05 -5.71943960179264002e-05
-2.18858794114137195e-03 3.05522614903971945e-04 -5.46201520572440146e-04
