3.22013083331934569e-04 3.38789289681313589e-05 5.67507345568319809e-04
2.69196998700328683e-04 2.19158775002915905e-04 1.78764088569187098e-04
3.73084315393069443e-04 3.40440612470433812e-04 -1.62130312441639748e-04
2.58805051093412405e-04 4.13686743330559943e-04 -5.57327357153085615e-05
-4.31289510999312048e-06 5.39933742014362316e-04 2.15398854140302899e-05
-4.81742431067576284e-05 3.81003330520300295e-04 1.66267122184103600e-05
-2.37636769769809417e-04 6.78724870416544412e-04 1.86346340812270598e-04
-1.72569397895231026e-04 2.80750080493856447e-04 2.40756819121045335e-04
-4.97810199792596861e-04 1.44249242078570399e-04 3.33238906425888202e-04
-5.40332333146819406e-04 1.74955279851962426e-04 9.70413295860343759e-05
-2.87891978476456189e-04 -9.12024603136780897e-06 9.70572349891229573e-05
2.55200544560691160e-04 7.14104021941307107e-05 -1.13806895602838596e-04
6.00889996951469254e-04 -1.14184865137742075e-04 -7.76615914442838756e-05
5.87927133807707994e-04 9.34403886708704649e-06 -1.28083314862290293e-04
1.73835566897832501e-04 -1.86513556653793150e-04 1.10540180312124236e-04
-2.69032037080235307e-04 -1.04785120775386796e-04 -9.69084245011447539e-05
-5.88329636625208670e-04 -2.62211447228916539e-04 -3.28345045657333357e-05
-5.09891755746707457e-04 -2.24738371715756661e-04 -5.21549564106039282e-05
-2.73707368566661417e-05 -3.35938665523427310e-04 -1.65375243124956821e-04
1.26975250111630960e-04 -2.08251129381495896e-04 -5.18962055961824350e-04
9.45547621654229265e-05 -2.64957908178409989e-04 -3.30951300963064701e-04
1.68817620834142782e-04 -4.74975692440285759e-04 -1.64631747131587300e-04
1.33923143001887958e-04 -3.69848247871451324e-04 2.85595889028415839e-05
1.17830325940288379e-04 -4.42888011227409091e-04 5.09556748558946530e-05
1.77847355885031697e-04 -3.94119092995218580e-04 5.48937174548575131e-04
-1.15296356581888687e-03 5.11928445185395528e-04 -9.22592921826412369e-04
1.70094329767683241e-04 -1.00890740309483175e-05 3.42037908681936504e-04
2.41866230062177945e-04 -3.83094299632300473e-05 2.69860357920427801e-04
1.31839154747976419e-04 -1.78768880764146288e-05 4.02868835640054460e-04
2.02425034456203381e-04 1.53277954206941112e-04 -2.76970570514485344e-04
2.95747971493943356e-04 1.00374917372544897e-04 -1.33894825803581620e-04
1.66872853660842465e-04 1.64703209819567792e-04 -6.53507498451367505e-05
2.19916183173326997e-04 1.91398056876031079e-04 7.40118147651492355e-05
-1.46313770526690270e-04 2.24248627828923126e-04 8.00481175066176259e-05
-2.17426362485812120e-04 -5.79545946071187755e-06 3.09633699947141231e-04
-2.45663930541010968e-04 8.31077215491462265e-05 1.86229242862718755e-04
-3.09631848301744053e-04 2.06607925203087566e-05 9.75715629534943183e-05
-1.19927807484736308e-04 -1.11261493901604921e-04 2.80679394948241850e-04
1.13045832734385326e-04 7.77174834962840401e-05 -2.82857507492099579e-04
3.29420662403112695e-04 -4.67200970720634543e-05 -9.72187599227189388e-05
3.16043990316852296e-04 -8.42893354702446880e-05 1.31690170918413464e-04
2.80054708368896702e-04 5.39877395886644370e-05 -2.17322802570317107e-04
3.58835318407230651e-04 -5.45547095066559889e-06 -2.41233647876237995e-05
-9.82310162647221421e-05 5.30647936194066203e-05 -2.49681419676474369e-04
-3.20717445896305433e-04 -1.03154318902687998e-04 -9.11553697303081546e-05
-3.19140448903483542e-04 -1.46465148363211881e-04 1.02974077151781688e-04
-2.93183052392551426e-04 -8.72154673886487775e-05 -1.17064507379007680e-04
-2.87855281715055690e-04 -1.92269025238198262e-04 6.81787157938069276e-05
-2.87241599458831861e-06 2.51850943349601284e-05 -3.57241400590841969e-04
1.79758712774549611e-04 7.23120481991383856e-06 -2.63671576358896797e-04
5.95977483354966569e-05 -8.67657560423293280e-05 -1.82997186202526335e-04
-4.73215783991477263e-05 -1.34629771770960495e-04 -2.12567882241489783e-04
1.04612451964361208e-04 -2.24390086120276151e-04 3.27865029825317122e-04
-1.46107572569817983e-05 -2.02915307049610717e-04 3.19891933243963598e-04
1.36105960840727619e-04 -1.91405056352504790e-04 2.84603556920946289e-04
-2.07927026594418267e-04 1.27117453888030103e-04 -3.62071772736558060e-04
