3.94484490393232079e-03 -3.31681730359412175e-04 9.66629478065605952e-03
4.00869540412962522e-04 6.44328831150620118e-04 2.54581598212100246e-03
3.76272288593426651e-03 -3.61150848190838758e-03 -9.72138580981329881e-03
6.88563605130632084e-03 2.41330745587120532e-03 4.64135926947828459e-03
-1.54609818832085466e-03 -2.54780905734852681e-02 -8.98216121761441499e-04
-2.32482175033021932e-03 4.06794466413522571e-02 1.27660346136160285e-03
-3.48886581136298446e-04 -7.39020013188351754e-03 1.74986581084279891e-03
-4.60553290543153082e-03 1.24744962865808162e-02 -7.56307994403471184e-03
2.29764950812239022e-03 -7.08070087702772355e-03 1.59579871044925881e-02
-1.25968232756985543e-02 -8.78343241871393232e-03 1.21435606127704432e-02
1.62683964298038219e-03 -4.16993493149497851e-03 1.21516271850286017e-02
-2.71104267350885664e-03 5.23767989982815152e-03 -1.00159414623095522e-02
9.47967482053613253e-03 1.24076689066054957e-03 8.55270600512514356e-03
5.56631455654787999e-03 -4.43546316024456821e-03 -9.42002332013558430e-03
-1.14903044178049640e-04 1.41955628351020380e-03 1.37992788333396454e-03
1.80393571399672936e-03 6.35946256635046281e-03 -1.05146797939354997e-02
-1.35418455257205750e-02 4.26234845877804247e-03 5.47322753027679187e-03
-5.81045271470870262e-03 -1.05424240874203434e-02 -6.67466376081771173e-03
-3.23930424810581208e-03 1.20839411414839226e-02 -1.44010223086166178e-03
2.16211382288067355e-03 1.09565834962856989e-02 -7.85861714598468097e-03
-4.81394596367082372e-03 -4.19451107385171440e-03 -1.31975647875712809e-02
-4.91196112164704601e-03 1.29216836985204253e-02 -1.95625798939191853e-02
1.46327446115082083e-02 -4.05311047293608340e-02 1.95839035862510613e-03
2.92857864403206491e-03 -2.27502726501427333e-03 3.44179360331917650e-02
4.98068018372155308e-04 -4.74519928374483868e-03 6.36785926446314932e-03
-8.04858180978840210e-03 4.44219699560832737e-03 -1.23116710278488029e-02
-6.86203620272607395e-04 -2.33675703543001489e-03 -3.47590312152501468e-03
-3.84620072133667890e-03 1.58412651142125771e-03 -1.06203892762435359e-03
1.09068685011445843e-03 2.90023903426450680e-03 -3.21428882441443520e-03
1.31810054968373169e-04 9.34968485659659621e-05 3.93758792589782303e-03
-3.72489402209419396e-03 1.12052979717834622e-03 2.02409399580250060e-03
-2.92823465108638104e-03 -2.79096234083686667e-03 1.22997911945899041e-03
-1.97609834369671944e-03 -1.53173876194689917e-03 -2.91982537384471996e-03
5.44095804162747498e-03 -2.82708600903536222e-03 -1.41678873563333418e-03
-6.72960103136666099e-04 1.72972294040374397e-03 -3.36767825216233163e-03
2.75036852172672042e-03 -1.97450020425571360e-03 -2.01096916325593789e-03
4.14458976129372658e-03 2.07674450329164983e-03 -4.98100246388410994e-04
-1.12535319466422479e-04 7.56737702184873129e-04 -3.70550366408695098e-03
6.39024878809180130e-04 -9.42435859482504412e-04 2.85884560504667817e-03
-3.55959026605878748e-03 -9.02086290957893056e-04 -2.02347057279173015e-04
-1.89712012057619006e-03 9.13065541515600820e-04 -3.75379446954582363e-03
-1.31951205686320350e-03 -4.38642516557119500e-04 3.33845776519625659e-03
-3.92482736718413605e-03 2.08110407311168366e-03 7.69210729130498372e-04
-4.54630314753179388e-04 -1.28851622249215314e-03 3.25982497495713730e-03
4.30941133992002179e-03 -1.63483116002319240e-03 6.29329946887580149e-04
2.49561446275992083e-03 5.10333403270113450e-04 -3.75326027355171732e-03
2.53885277765197870e-03 1.76535117024045896e-03 2.71212828113709392e-03
2.75928248301471335e-03 3.87627796845491090e-03 -1.20142564057124090e-03
1.45276587622378273e-03 -3.56027026868233065e-03 3.32450955023455563e-03
-3.53952339616814271e-03 -2.56689355584222012e-03 1.49241473907824052e-03
-1.95601890523233735e-03 2.36968990465968865e-03 4.45887339394346327e-03
3.03164881393369612e-03 3.04291264327005706e-03 1.48380341383513858e-03
-8.49097334969739492e-04 -1.80304932102125400e-03 -3.74493934704878129e-03
2.13676956312758293e-03 2.01939963203012773e-03 -3.07063553395137134e-03
-2.86143961662777002e-03 2.45926695638987169e-03 -2.47742918997961858e-03
1.02244497714476523e-02 3.71071266105094111e-03 -7.93702801999085494e-04
