-4.26685798726425536e-03 2.97802801391280816e-04 -1.02338021262243801e-02
-6.70066539113291205e-04 -8.63487606153536024e-04 -2.72458007069018970e-03
-4.13580720132733590e-03 3.27106786943795382e-03 9.88351612225493899e-03
-7.14444110239973330e-03 -2.82699419920176510e-03 -4.58562653376297629e-03
1.55041108343084775e-03 2.49381568314709055e-02 8.76676236347411213e-04
2.37299599343697692e-03 -4.10604499718725605e-02 -1.29323017358001324e-03
5.86523350906107809e-04 6.71147526146697281e-03 -1.93621215165506945e-03
4.77810230332676149e-03 -1.27552463670746723e-02 7.32232312491366659e-03
-1.79983930832979325e-03 6.93645163494915288e-03 -1.62912260109184769e-02
1.31371556088453745e-02 8.60847713886197033e-03 -1.22406019423564778e-02
-1.33894766450392590e-03 4.17905517752634615e-03 -1.22486844200177247e-02
2.45584212894816526e-03 -5.30909030202228200e-03 1.01297483579123916e-02
-1.00805648174876021e-02 -1.12658202552280750e-03 -8.47504441368085969e-03
-6.15424169035558820e-03 4.42611912137748104e-03 9.54810663499787438e-03
-5.89325227197828611e-05 -1.23304272685641073e-03 -1.49046806364608883e-03
-1.53490367691649400e-03 -6.25467744557507612e-03 1.06115882184366437e-02
1.41301751623457844e-02 -4.00013701154912620e-03 -5.44039302571105825e-03
6.32034447045541018e-03 1.07671624591361009e-02 6.72681871722831566e-03
3.26667498496247813e-03 -1.17480024759604954e-02 1.60547747398661852e-03
-2.28908907299230470e-03 -1.07483323669042025e-02 8.37757920194650597e-03
4.71939120150540077e-03 4.45946898203012417e-03 1.35285160885343456e-02
4.74314350081290331e-03 -1.24467080060801389e-02 1.97272116410507729e-02
-1.47666677545100957e-02 4.09009529772322855e-02 -1.98694994752794760e-03
-3.04640896997235332e-03 2.71791527624168231e-03 -3.44688917080476567e-02
-6.75915374257187005e-04 5.13931837674005704e-03 -6.91679643901172477e-03
9.20154537560728854e-03 -4.95412544079372290e-03 1.32342639496752148e-02
5.16109290504924208e-04 2.34684610946096339e-03 3.13386521284307823e-03
3.60433449127450095e-03 -1.54581708145802772e-03 7.92178569703925789e-04
-1.22252600486243493e-03 -2.88236214618809231e-03 2.81141998877438085e-03
-3.34235089424576577e-04 -2.46774802772907074e-04 -3.66061735538333790e-03
3.42914605060025066e-03 -1.22090471455089120e-03 -1.89019916999891898e-03
2.76136179742553873e-03 2.62625913101729872e-03 -1.16462836961385365e-03
1.75618216052339255e-03 1.34034070507086820e-03 2.84581355907957082e-03
-5.29464427110078444e-03 2.60283738120643902e-03 1.33674061812671659e-03
8.90386465622478246e-04 -1.72392748094303203e-03 3.05804455221519045e-03
-2.50470459118570929e-03 1.89139248270656741e-03 1.82473992039321924e-03
-3.83495791299198231e-03 -2.09740529581195880e-03 4.00528683434916663e-04
2.32463126951158787e-04 -6.45476208283268208e-04 3.42482426913870907e-03
-7.52070711543565470e-04 8.64718375986220345e-04 -2.57598809755457854e-03
3.23016960365567467e-03 9.48806388029956537e-04 2.99565817201891940e-04
1.58107613025933787e-03 -8.28776206045356159e-04 3.62210429862741025e-03
1.03945734849430690e-03 3.84654776968455076e-04 -3.12113496262593926e-03
3.56599204877690529e-03 -2.07564860216101791e-03 -7.45087364342874627e-04
5.52861331017901543e-04 1.23545142887274660e-03 -3.01014355528066288e-03
-3.98869389402371592e-03 1.73798547892588034e-03 -5.38174577157272049e-04
-2.17647401385643712e-03 -3.63868254906901569e-04 3.65028619639993579e-03
-2.24566972525942722e-03 -1.67813570285181026e-03 -2.59506377375808613e-03
-2.47142720129965750e-03 -3.68400894321671253e-03 1.13324692477743396e-03
-1.44989346022919444e-03 3.53508517434737062e-03 -2.96726814964371356e-03
3.35976468339359291e-03 2.55966235102230615e-03 -1.22874316271934366e-03
1.89642115689684070e-03 -2.28292414861735928e-03 -4.27587620774093694e-03
-2.98432723553454819e-03 -2.90828287149909673e-03 -1.27123553159364877e-03
7.44484883005378244e-04 2.02743940714153036e-03 3.41707431722346406e-03
-2.12215880587060101e-03 -1.81648432498051704e-03 2.75074360070740780e-03
2.72533365578704221e-03 -2.26786190003736704e-03 2.19282563305867213e-03
-1.00165227448532346e-02 -3.83783011493897108e-03 1.15577457473564366e-03
