2.51768100279373217e-04 4.33225857194320110e-05 6.18436578882149233e-04
2.56412994218431565e-04 2.25481754976532007e-04 2.00650304951105978e-04
3.95292098811153049e-04 3.03079379395790761e-04 -1.15999667015800054e-04
2.81806497217749509e-04 4.03246004742828642e-04 -4.23908633325851419e-05
2.55345001130176758e-05 5.14335102987536672e-04 -3.77741007748811169e-05
-2.95874111776753767e-05 3.73056508809980559e-04 -4.45421276270092635e-05
-2.12885376983091396e-04 7.12126763967175537e-04 6.57989676590301436e-05
-1.48036666114757256e-04 3.34043811777081767e-04 2.17173611077474974e-04
-5.05600560148640726e-04 2.29674926735556591e-04 2.78499308216632858e-04
-5.40303196711078857e-04 1.96690919193390988e-04 5.28374187859107441e-05
-2.97472213195083780e-04 3.24211486782317204e-05 1.19452059949762217e-04
2.60728842827992458e-04 1.01740651127212801e-04 -8.77818424134631161e-05
6.16830278381068917e-04 -1.03962284412305696e-04 -9.65411376738999321e-05
6.12730960255897282e-04 -1.17934543588817364e-05 -1.51109376562504831e-04
2.10075881929682519e-04 -2.26140550538579378e-04 1.19934724358054868e-04
-2.89457289695724566e-04 -9.77096423158303344e-05 -3.26418569707153256e-05
-5.90587548792983336e-04 -2.91169639022838419e-04 1.01757162951153976e-04
-4.86338109194662865e-04 -3.05718935519615242e-04 6.80435352938055368e-05
-2.98276213651494251e-05 -3.82589776715095201e-04 -1.81703360067827271e-04
4.22992917873976794e-05 -2.11354219615359911e-04 -5.49905361636280547e-04
5.64834559504316609e-05 -2.61684094919715300e-04 -3.73360125146986622e-04
1.57135743057925498e-04 -4.27532946079507703e-04 -2.36707010844048487e-04
1.76084550771010983e-04 -3.60333612032858375e-04 -2.45387950591654302e-05
1.57105112562356701e-04 -4.58501600399827288e-04 -1.53089547983025856e-05
2.35772001279615145e-04 -4.10106338789487871e-04 5.35658594496878971e-04
-1.10019980548880483e-03 4.85056382902947507e-04 -1.00328609809965550e-03
1.25978454415183195e-04 -6.97857600438510371e-06 3.68047799784034988e-04
2.08995924021839337e-04 -3.13103418847566196e-05 3.11170996425606621e-04
7.89225737938354852e-05 -7.04783210748284117e-06 4.16992627849769606e-04
2.37395977343581174e-04 1.20407683235721201e-04 -2.44398681380459434e-04
3.15762754628552927e-04 7.23612766241115503e-05 -6.96135495785782561e-05
1.80335514629815461e-04 1.48391774981874189e-04 -4.13954002799467609e-05
2.11354474100419021e-04 1.93903340895564262e-04 9.85791360693376068e-05
-1.28868506458158642e-04 2.29336202062378996e-04 2.66183274658226144e-05
-2.41963485884792538e-04 4.68456097390109393e-05 2.76790692701321065e-04
-2.49738804048336537e-04 1.30349032771491340e-04 1.51254369252593887e-04
-3.09793701561934028e-04 3.72779209368538108e-05 8.74837448819090725e-05
-1.30014719767260488e-04 -7.47743526302242686e-05 3.01254441161082477e-04
1.13022818895367670e-04 7.67657999201215162e-05 -2.73713860217612772e-04
3.24430629835313687e-04 -3.95642720648165062e-05 -1.11693563624037364e-04
3.23903423717531065e-04 -9.14430914371755922e-05 1.17137800368257212e-04
2.88983295650727784e-04 5.00808457892839415e-05 -2.33086146397360296e-04
3.63876267679304893e-04 -1.02908210388009909e-05 -4.04965746651068755e-05
-1.32492749102596608e-04 5.73406421319170326e-05 -2.20848808338361521e-04
-3.45820983851438896e-04 -1.08214227638816249e-04 -1.95167183465109854e-05
-3.06354148795265769e-04 -1.52248932303250371e-04 1.61177749370780766e-04
-3.07362234695420639e-04 -1.39130931354878397e-04 -3.83749819923775049e-05
-2.42641052811730097e-04 -2.23279522487189420e-04 1.28803051693031725e-04
-7.88207535125306043e-05 1.29700060235950947e-05 -3.56949181851729219e-04
1.18947677366257673e-04 3.11883509792051044e-05 -3.17155230732784938e-04
3.53626664390481167e-05 -7.33881462412834019e-05 -1.99099542772310738e-04
-6.63305283887906719e-05 -1.34949738143432728e-04 -2.08917546987505128e-04
1.30753233722319981e-04 -2.30987265533075633e-04 3.29490666724887530e-04
1.70347985067396150e-05 -2.10566473763402887e-04 3.15288083217124104e-04
1.72869812592247479e-04 -1.92801878662640517e-04 2.67120040734304849e-04
-2.13493139035280451e-04 1.14079070910687292e-04 -3.66601329134017277e-04
