-2.10519632243943988e-04 -1.11225384299029617e-04 -6.10355316332800157e-04
-3.39325567187742649e-04 -2.00339626242218571e-04 -1.98587428324348281e-04
-3.90399379574191130e-04 -3.09394016118513804e-04 8.20232707008372586e-05
-2.74243184145817054e-04 -4.31337578516099995e-04 4.86729351902859264e-05
-6.36126369690792615e-06 -5.01347378961014556e-04 1.61445805183735303e-04
-3.28629257080603754e-06 -3.71797654402428179e-04 3.72503752776864872e-05
2.58988250723568569e-04 -2.46818634234813317e-04 -9.69878364871501475e-05
4.44592945352262348e-05 -1.12255070281275238e-03 3.60079636611221332e-04
1.55118318430602642e-03 -2.07701448296848667e-03 7.60470531717594156e-03
1.13521532551175142e-04 6.55165128301105071e-03 1.10412746476811208e-02
1.16067905481820333e-03 1.51798047468587605e-03 -4.47798199867488478e-03
-3.01944549546462326e-04 -4.23064741757350760e-04 -4.87963059558893519e-05
-5.35226756342765952e-04 1.42338211950240878e-04 1.08211491376408731e-05
-5.43179487584311005e-04 5.41901830328761491e-05 1.74553792793297191e-04
-4.73933030535889088e-05 2.51089709556229224e-04 -7.45754404788412373e-04
-1.10729806212095383e-03 1.88037279200115037e-03 -5.05099051558932644e-04
2.22461538134766101e-04 2.45026809848170046e-04 -3.37497072936621123e-04
4.81337664988146230e-04 2.46905232136995778e-04 -8.41668798043371247e-06
9.63108098772647025e-05 2.26531849037758803e-04 1.52016678651722970e-04
-1.64513643651775787e-05 2.11542482753790395e-04 5.26731530396062908e-04
-8.35483306771411804e-05 2.95158940614825838e-04 4.15363784556532778e-04
-1.18019991152795711e-04 3.22676303336599801e-04 1.00328368608515461e-04
-1.93524148041746002e-04 4.37637806832924525e-04 9.70214074325070897e-05
-1.95422115454313428e-04 5.00319628429224394e-04 8.61146795276823696e-05
-4.87148088811562019e-04 6.23510335642230018e-04 -4.88758518525145291e-04
-6.09926559622664399e-03 -2.24435684574597616e-02 -9.70139199953479192e-03
-1.90127317576171961e-04 -1.72682449310901376e-05 -3.80788175883051139e-04
-1.41817372011576737e-04 7.67502210025083897e-05 -3.29689973038282957e-04
-7.98041248789571611e-05 4.51666757660396101e-05 -4.24791999926732444e-04
-2.26514612662986892e-04 -1.12284340056389986e-04 2.37607425616737089e-04
-3.00326976766296383e-04 -1.09064199083769298e-04 6.27264092927359157e-05
-1.73893414296077964e-04 -1.57827497504259284e-04 2.97267699488346082e-05
-1.91277252728383473e-04 -1.94891658385154543e-04 -1.04749672217074874e-04
1.08271161780137959e-04 -2.66095095142748761e-04 -4.16145973098913657e-05
1.03838868026606690e-03 7.32471650673485741e-04 4.75949927250418625e-04
4.26965791014310980e-04 -2.80385999964050114e-04 1.04184973773846501e-04
-1.22243030258406549e-03 1.33060218601421809e-03 -1.57774643151764593e-03
-6.15265411120891059e-04 5.39350352125822496e-04 -5.31621157382478060e-04
-2.32427041344851482e-04 7.38087829816880259e-05 7.47326379944013297e-05
-2.90645949720502728e-04 -4.59139753028470210e-06 1.17797082924142593e-04
-3.35857086879887135e-04 1.25111711012149129e-04 -1.07191830784003628e-04
-2.93641940700917203e-04 -5.08903401531535238e-05 2.38909622347183159e-04
-3.89427971394074035e-04 -6.49947966335773231e-07 1.80188305837214457e-05
-2.95376424828019957e-04 6.18903095492173705e-04 -6.13566282079425207e-04
4.74961736167234250e-04 5.28847049614551007e-05 1.41662684645993409e-04
3.72670733745028571e-04 1.27982574249729808e-04 -1.36531864434630279e-04
3.07532711126601299e-04 1.24664840486898854e-04 4.43232609170784997e-05
2.58175765915691358e-04 2.18029532466967879e-04 -1.36045184741639957e-04
8.10947491334257364e-05 -6.09937566257157116e-05 3.29662957655685318e-04
-1.25554310256070778e-04 -4.85718746480179320e-05 2.88091002981438749e-04
-2.44817453542989227e-05 8.39120138277360539e-05 2.07043675724882803e-04
6.75023635543503531e-05 1.33794051240920808e-04 1.97460130817894708e-04
-9.84436292439383465e-05 2.25025673539443194e-04 -3.14111832055541385e-04
-7.34181305950265539e-06 2.15131707082649726e-04 -3.07110591830639379e-04
-2.08496170458261076e-04 2.38954497836285640e-04 -3.54681412753965475e-04
9.38433319627923757e-03 1.09847180397930622e-02 -9.23998893065380855e-04
