-4.12484680354292289e-05 6.79027985795976061e-05 -8.08126254934907542e-06
8.29125729693110840e-05 -2.51421287343134357e-05 -2.06287662675769712e-06
-4.89271923696191907e-06 6.31463672272304308e-06 3.39763963149627957e-05
-7.56331307193245511e-06 2.80915737732713531e-05 -6.28207185770078449e-06
-1.91732364161097497e-05 -1.29877240265221161e-05 -1.23671704408854192e-04
3.28737037484814142e-05 -1.25885440755237922e-06 7.29175234932277636e-06
-4.61028737404771730e-05 -4.65308129732362220e-04 3.11888688281200039e-05
1.03577371579531021e-04 7.88506891035670610e-04 -5.77253247688696279e-04
-1.04558262415738569e-03 1.84733955623293008e-03 -7.88320462539257409e-03
4.26781664159903715e-04 -6.74834220220444161e-03 -1.10941120664670313e-02
-8.63206841623119546e-04 -1.55040162336410781e-03 4.35852993872512268e-03
4.12157067184698686e-05 3.21324090630137945e-04 1.36578148369352468e-04
-8.16035220383029645e-05 -3.83759275379351819e-05 8.57199885362590591e-05
-6.95514726715862775e-05 -4.23967286739944128e-05 -2.34444162307923605e-05
-1.62682578876093611e-04 -2.49491590176498452e-05 6.25819680430357464e-04
1.39675535181667840e-03 -1.78266314968532000e-03 5.37740908529647983e-04
3.68126010658217234e-04 4.61428291746683724e-05 2.35739909985467134e-04
5.00044420651663511e-06 5.88137033826194636e-05 -5.96268473133718243e-05
-6.64831885121152809e-05 1.56057927677336397e-04 2.96866814161043013e-05
-2.58479274222201007e-05 -1.88263138430484452e-07 2.31738312402176390e-05
2.70648747267095195e-05 -3.34748456951105373e-05 -4.20036594095461562e-05
-3.91157519051297869e-05 1.04856642742907902e-04 1.36378642235533026e-04
1.74395972707350199e-05 -7.73041948000661506e-05 -7.24826123733416663e-05
3.83170028919567268e-05 -4.18180280293971069e-05 -7.08057247293797907e-05
2.51376087531946847e-04 -2.13403996852742147e-04 -4.69000759717336799e-05
7.19946540171544861e-03 2.19585120745568151e-02 1.07046780976344479e-02
6.41488631609887663e-05 2.42468209354752430e-05 1.27403760990161511e-05
-6.71785520102625999e-05 -4.54398791177517702e-05 1.85189766126763367e-05
8.81551085121675933e-07 -3.81188436585567689e-05 7.79937207696283861e-06
-1.08813646805942820e-05 -8.12334317933121513e-06 6.79125576372234486e-06
-1.54357778622565443e-05 3.67029224596577473e-05 6.88714028584234039e-06
-6.44210033373749714e-06 9.43572252238509537e-06 1.16686303311121527e-05
-2.00772213720355481e-05 9.88317489590280051e-07 6.17053614773726720e-06
2.05973446780206826e-05 3.67588930803697646e-05 1.49962698440687513e-05
-7.96425194381274334e-04 -7.79317260412496654e-04 -7.52740619951739690e-04
-1.77226986965974443e-04 1.50036967192558775e-04 -2.55439343026440360e-04
1.53222400414599952e-03 -1.36788010695107183e-03 1.49026268663573678e-03
7.45280130888151520e-04 -4.64575999495598214e-04 2.30366716221395583e-04
1.19404222449483811e-04 -1.50574582901809556e-04 1.98981222223211442e-04
-3.37846801148109594e-05 4.41556695951012083e-05 -6.10351930010522882e-06
1.19536631623560693e-05 -3.36686195749735372e-05 -9.94596958425358381e-06
4.65864505018941891e-06 8.09494363869582264e-07 -5.82347594982286299e-06
2.55517037147691417e-05 1.09407690051367641e-05 2.24777440813854297e-05
4.27869173930616538e-04 -6.76243737624090697e-04 8.34415090417786783e-04
-1.29140752315795354e-04 5.53295226773611480e-05 -1.22145966299482423e-04
-6.63165849497628014e-05 2.42663580535205632e-05 -2.46458849361504866e-05
-1.70476431180660321e-07 1.44660908679795431e-05 -5.94827892470099480e-06
-1.55347131039612607e-05 5.24999002022154097e-06 7.24213304860823245e-06
-2.27399562089513208e-06 4.80237506021206169e-05 2.72862241960439007e-05
6.60663288981310480e-06 1.73835236688128276e-05 2.90642277513461890e-05
-1.08809210847491940e-05 -1.05238675864526520e-05 -7.94413295257206486e-06
-1.17183516555968118e-06 1.15568690251191953e-06 1.14574161696104197e-05
-3.23096044783816342e-05 5.96159199363243872e-06 -1.53788346693461454e-05
-9.69298544723695962e-06 -4.56523331924683830e-06 -8.17749138648472471e-06
3.56263578660135976e-05 -4.61526191736451232e-05 8.75613720196606257e-05
-9.17084005724395739e-03 -1.10987971107037488e-02 1.29060022219939802e-03
