-6.8565949463916809e-05 2.3170392117854988e-05 6.2921341029920086e-05
1.3280910978341609e-04 -2.3923621366805925e-04 -2.2338081016837208e-04
-8.9641429218190183e-05 -2.5475411580266893e-05 6.6207389108896564e-05
3.3542394637819939e-05 2.9562007918926270e-05 -8.8715130475591764e-05
8.7749435624395744e-06 5.8914216663374930e-05 4.0965578409046799e-05
1.5965695385311562e-05 -8.9821770288267544e-07 -4.8016520521443340e-05
-8.8654636389406960e-05 -1.0110651887984545e-04 1.4102767794454962e-04
-1.4672296792972883e-02 1.4496503383468529e-02 2.1022643921383199e-02
5.5431085682306147e-02 -2.8790745106574533e-02 -1.9649324218507846e-02
-7.6544717314600774e-02 3.1078727955934582e-02 -8.8544630021964998e-03
-2.3658556831906985e-03 -2.4150786445871208e-03 1.9586012113079754e-03
2.8130434265616344e-04 3.0590536154795345e-04 1.6790803088539974e-04
7.2855862054410636e-06 1.6055343944998413e-05 -3.2752530098656418e-05
2.4314301139582994e-05 -2.3887343139072925e-05 3.4103433920407156e-05
4.4389643494291420e-05 -8.5643258795897736e-07 8.5182226555513552e-05
-1.8869443063884717e-04 -3.8044582508778291e-05 1.7448061718550179e-04
-6.7095560272179000e-06 9.5583627711504082e-05 6.2787762242777490e-06
-1.2312409332082552e-06 -1.1222991546766536e-05 -5.1911556711470297e-05
2.0311312848964036e-05 -8.0987313173297437e-05 -4.8827882274338208e-05
-4.5066233140128586e-05 3.1552944740553812e-05 1.5669488480085647e-06
1.8453049320577009e-05 -1.0820388606447295e-05 -1.0246856989581943e-05
-3.1919326315410501e-06 -3.9118521298675546e-05 -3.3411133939509341e-05
-7.0743846953824630e-06 3.4239220813248039e-05 -1.1638254910906198e-06
3.8301200744328412e-07 8.6808085885792252e-05 5.5910524789481997e-05
-4.1404834890901299e-05 -3.8827650067574382e-05 -5.6078770155565394e-05
3.7101157484876524e-02 -1.4076135683856350e-02 4.1322488093094023e-03
8.3927729165989007e-05 -2.6595387381922464e-05 -3.1256789718270284e-05
-3.7525080575306902e-05 -3.5196447127017194e-05 -3.0069009244293454e-05
-6.7795540525938947e-06 4.9679790656620426e-05 7.0671132545996329e-06
-3.8089890692649675e-05 4.6981897775077996e-05 2.0989005182325826e-05
2.4364071196991688e-05 3.1441037196655586e-05 -8.2391262208991733e-05
3.4604339794963579e-05 -3.4845484535139803e-05 2.7684348760326216e-05
-5.8920096982273407e-05 1.0400621754391715e-06 2.0484579087653998e-05
8.5127448468114153e-07 3.2616091728332464e-05 -1.9437501164953908e-05
9.9769145012640337e-05 8.2650279648710523e-05 5.9176822918317884e-06
-1.3200137501012676e-04 -2.2591971837959690e-04 3.6854728624469146e-05
-1.5633825722577432e-04 -8.7417135852152494e-04 2.4870561831269455e-04
1.3070013232494015e-04 -1.1589601549299999e-04 -1.7407710372441265e-04
-2.5755703665475416e-05 -7.3397318636869713e-05 -4.2229099284973870e-05
4.0883153700210784e-05 -4.3615077129577351e-05 5.1597030076178108e-05
-9.7192592864780991e-05 -9.5648551434734941e-07 2.5190282928466701e-06
-3.8895268660077420e-05 -7.5077568482129209e-06 -1.6269806144997290e-05
1.4763347073287747e-05 2.6886531340863939e-05 -1.7924596976248708e-05
2.6328934509267654e-05 -5.7870402161874779e-05 -8.3317538863703078e-05
5.9336857201053306e-06 1.0490860628209475e-05 6.4852567327466915e-06
-7.6884119728504174e-06 -3.5278543376815463e-05 -1.5200720798080880e-05
-9.5436472955512386e-06 1.9639252020475784e-06 7.1386139890439182e-06
-2.7351121696383984e-06 5.3920976719190605e-06 1.1256767343981178e-05
2.9452412906305625e-06 1.9564627233847887e-06 -1.2647749113137152e-05
2.8075735571952976e-06 -1.7469380053647399e-06 -6.8876720265009794e-06
-1.2907775150394762e-05 6.3252864942464626e-06 -8.2281425020092058e-06
-9.9510197761887298e-06 -5.4118395938374669e-06 6.3861543251331199e-06
1.7708693651474761e-06 1.4173784190552041e-05 1.1129090838224442e-05
1.0139208186377147e-06 6.0764774261201637e-06 -8.7219910738234319e-07
1.0492810726736579e-05 9.3701971914939008e-06 6.0860477918353584e-06
1.0556605058442692e-03 9.3124630445551304e-04 1.0931401299294485e-03
