1.75750134366034998e-04 -5.02015349623218367e-04 3.88170662115437150e-04
2.96429111017962744e-04 -4.94615492789562147e-05 8.58608018233224951e-05
4.52683568054291488e-04 1.49405628902526001e-05 -1.37045546411106818e-04
4.75853301105925118e-04 1.70141355368250258e-05 2.97179933156682034e-06
3.68863144407806333e-04 2.24437816499702776e-04 2.00397597019457525e-04
2.70146497837241237e-04 1.64732648693764972e-04 2.03094671121277492e-04
3.21081549081215578e-04 4.54206638385782409e-04 3.74675554322618392e-04
2.00129154678080410e-04 2.76253878594116256e-04 2.17573606697906661e-04
-6.34952958151607794e-05 4.90577706420105425e-04 3.01487082194973018e-04
-1.94888454285623410e-04 3.02821595681275295e-04 4.43877493247490560e-04
-1.08941087772755955e-04 7.86486679713711102e-05 2.35696660834292020e-04
2.37643337423815371e-04 9.26356452321672256e-05 -1.56425397495485306e-04
3.33946005980201256e-04 -1.82620515748711679e-04 -4.71354553146129541e-04
4.08884529580849372e-04 -1.09229608387403614e-04 -4.33285511540837788e-04
2.16179786547709171e-05 -2.51696119222167224e-04 -1.27648356964866312e-04
-2.43124003242025380e-04 1.12466282415046634e-04 2.83084943172695925e-05
-5.61336115579086511e-04 2.21231667083615401e-05 2.01513513689013425e-04
-5.25608436507652181e-04 -2.42213988913787027e-05 1.49937363452199487e-04
-3.15100294726154521e-04 -8.18512936406689629e-05 -3.43042840086200040e-04
-1.98691474665171452e-04 2.12269838548612122e-04 -5.10593696441419666e-04
-1.87873647671246138e-04 9.46739529513879728e-05 -3.97978061724570012e-04
-1.63643704319603282e-04 -6.40609498929653985e-05 -3.56925692717761315e-04
-1.45721939197676278e-04 -2.53290668065474071e-04 -2.82385779755710861e-04
-2.00015474004807737e-04 -3.08711630965221944e-04 -3.17259956706898835e-04
-3.20339227174859040e-05 -7.03128897419786616e-04 3.75052889252393658e-05
-7.14345241033802203e-04 8.13629791939069402e-04 7.86741926036598730e-04
4.87231309122938507e-05 -3.01863327275936962e-04 2.22626363830774095e-04
1.03646558435215540e-04 -3.46697967389027748e-04 1.58870725994743084e-04
2.42369914230179140e-05 -3.07322320360583828e-04 2.88898321753670417e-04
2.33552799744631050e-04 9.71847283137003068e-05 -2.40490917933049717e-04
2.54475003841883834e-04 -1.10248970738353937e-04 -1.76404016635293065e-04
2.34518136031091061e-04 -9.70941658128186002e-06 -6.62841937794924295e-05
2.68431312373302808e-04 -1.21138150128854326e-04 3.82722307871213087e-05
7.02115152502306202e-05 1.78295551639033226e-04 1.50769884380689509e-04
-2.21999614834436625e-05 2.11074221530791438e-04 1.72886753923767381e-04
-1.02451840463389052e-05 3.40226756129661547e-04 2.47349915880002582e-05
-1.63981596874093229e-04 6.93737476516207436e-06 3.04362945790166478e-04
-6.98235825074253777e-05 -2.08351216687853327e-04 2.26557565986213632e-04
1.01957071156164199e-04 2.20632940953387105e-04 -2.13388354670161198e-04
1.81024709180087275e-04 -5.31424573423835622e-05 -2.75275030251031019e-04
1.74204922920940045e-04 -2.62622030048475705e-04 -1.64990799679537084e-04
2.12414575301980740e-04 1.02141060152931393e-04 -2.79044233880228274e-04
2.44983087482658266e-04 -1.21502581865072810e-04 -2.39841056272481706e-04
-7.42231457091493740e-05 2.64184386853039881e-04 -9.74497395881512146e-05
-2.88050511128617982e-04 1.15915848032010775e-04 1.03153176870474409e-04
-3.02619004898277433e-04 -1.19160484247998286e-04 1.70686576582064047e-04
-3.15440187017050123e-04 8.08611443196675147e-05 7.67490281281085459e-05
-3.10265775996043029e-04 -1.23026407715218477e-04 1.26095438253194970e-04
-7.07058570180971901e-05 3.09142302227091378e-04 -1.84338051332015118e-04
6.50263581424101618e-05 1.83346694895726413e-04 -2.70469052334304657e-04
-5.08718170997522135e-05 8.81176442524261980e-05 -1.89928382331230249e-04
-1.73168919900923413e-04 1.05697502066164347e-04 -1.59427187084052694e-04
-2.72834586231213554e-05 -4.22105052428489703e-04 5.17718424932937733e-05
-8.35226715257130924e-05 -3.60900457358306003e-04 1.05095099190153645e-04
3.14211067189143752e-05 -3.72742929163386656e-04 -1.20223223921063153e-05
-1.94634825736717833e-04 9.56312658685408125e-05 2.23955270473022932e-04
