4.37623318330970790e-04 -4.36491545986861240e-03 2.75789312419405519e-03
-1.27825163553296761e-03 5.89195432209699277e-04 2.84392792097654112e-03
1.96192968165398440e-03 2.86994964768361172e-03 -5.52881230697988002e-03
1.34272345937986870e-02 -5.41244583214295361e-03 7.68831115350054883e-03
-4.17662929570461472e-04 -1.24632112183495902e-02 -1.72374051745491919e-02
-6.60342486521514616e-03 3.39963775961571457e-04 1.25865277055048352e-03
-1.70002487965232874e-02 1.29657686855129128e-02 9.76254425320099983e-03
1.65969222173085740e-02 -1.92873709662499948e-03 7.69665438120004097e-03
-7.76830627419233810e-04 1.20720492336374718e-02 -2.56643123986588506e-03
-5.41012261991191679e-03 2.10911956898285347e-03 3.96168464980384272e-03
-6.07884488665244582e-03 -6.84728597013517515e-04 9.20192794789986834e-03
3.39732935464409636e-03 7.49406339902813912e-03 -3.88371391345287975e-03
6.92476039756506623e-03 -6.95183852703795679e-03 -2.21337000445487320e-03
3.71397699661102365e-04 2.33610695290353831e-03 -7.86606180101401264e-03
-1.11103152127849381e-02 5.52351599844236318e-03 2.73835015207612997e-03
-5.52548235937422305e-04 5.68445202736800326e-03 -9.49767873899465265e-03
4.42472645641878159e-03 -4.76833485737127027e-03 3.67210970349063359e-03
-2.81593503767041398e-03 -3.60924635101844693e-04 -6.02311975412361811e-03
1.18491867162617837e-05 -2.93098059718405191e-03 -1.55825235192001976e-02
7.61106286182589020e-05 -7.80722696052293941e-03 1.49992531737463963e-03
-1.16079361908285605e-02 -5.37201543559717720e-03 -6.20544159712821397e-03
1.65577372830219005e-02 2.11217478724319285e-02 2.43393367938740113e-02
-1.03434940940889675e-02 -2.62949157445646620e-03 -1.51749196016126575e-02
8.08975294794178623e-04 1.05908911576086950e-02 9.17429466932517812e-03
4.07938259642731671e-03 -1.06274094639449146e-02 3.44283453176474907e-03
6.76950995597280780e-04 -1.36297603637025588e-02 2.23224975959190886e-03
-6.85771937964219092e-03 -1.74681553520095179e-03 -4.31186598061561455e-03
-2.29393619752049638e-04 7.15658836827426370e-03 5.77201079868469580e-03
8.78723446183493628e-03 1.73834891954438575e-05 -3.85549736128831810e-03
2.16148656744619139e-03 -6.02951838045662214e-03 4.77626291944588388e-03
1.62537254755146243e-03 6.73725236423905471e-03 5.43913850773503071e-03
-9.81287976291067565e-03 -6.59380594475234005e-04 1.59289147596775038e-04
-4.04593277027487375e-03 7.76919346848359282e-03 -5.39347180542448790e-03
1.68127994840489015e-03 -8.33344385966805490e-03 -8.19489394606076615e-03
2.30849274629923995e-03 -4.03055823944908909e-03 -3.19778076268084632e-03
1.48000979032311686e-03 -6.75248602584144209e-03 6.92306770559580897e-03
-1.24463267140734191e-03 3.00571525410808782e-03 -5.66305357899965500e-03
-4.94653271437217601e-04 8.52667326584777285e-03 -2.42829723661386332e-03
-1.02987722092640066e-03 -8.31449864075883838e-03 7.96918031486626433e-04
-7.81311030181441879e-03 -2.18448927455268394e-03 1.12363002292337200e-03
-9.08022643185457667e-04 9.46629809239629694e-03 -4.17296662914065641e-03
2.22817888807802511e-03 -9.03685769688244989e-03 4.55650397201168289e-03
-1.30999970843070912e-03 6.74768019222171667e-03 7.31813851371043711e-03
-1.40355437006151051e-03 -6.07977025655781489e-03 6.62749136995466337e-03
-7.41290897194879506e-05 -7.15798538844558685e-03 -7.67506413392526898e-03
3.68131333772225844e-06 5.42233147901427515e-03 -7.84178975091798236e-03
5.64315530434367219e-03 -4.48512899146558119e-03 5.16588825559949338e-03
1.33853577002440716e-03 7.69395477605527844e-03 3.44512742211511291e-03
-4.50278710909635116e-04 -6.91586914827624355e-03 -6.30013674960810954e-03
-9.82515940636052854e-03 -1.07834281435348345e-05 5.49578932512506668e-04
4.95443179542759404e-03 -1.38547795664778484e-03 9.91038848448289045e-03
1.04986020040676031e-02 -2.49325929018495707e-03 6.22327066376326954e-04
-7.46116834468502077e-03 -1.25288328991102205e-03 -6.39848516363650255e-03
7.86759446056373157e-03 1.32158055188336121e-03 -2.22486594931137205e-03
1.20527973026307578e-04 2.78899108753938307e-03 6.74474410108327760e-03
6.57972416537599969e-03 6.34267567282553735e-03 -2.94542129695196664e-03
