6.13373452697005815e-04 -4.86693080949183055e-03 3.14606378630949250e-03
-9.81822524515004813e-04 5.39733882930743089e-04 2.92978872279986381e-03
2.41461324970827611e-03 2.88489021057386410e-03 -5.66585785339098705e-03
1.39030878949046120e-02 -5.39543169660612870e-03 7.69128295283211597e-03
-4.87997851626551394e-05 -1.22387734018498881e-02 -1.70370075775297357e-02
-6.33327836737790535e-03 5.04696424655336402e-04 1.46174744167176102e-03
-1.66791672474420720e-02 1.34199753238986950e-02 1.01372198075236186e-02
1.67970513719866536e-02 -1.65248321803088323e-03 7.91422798789794685e-03
-8.40325923234394589e-04 1.25626269400575773e-02 -2.26494415767091199e-03
-5.60501107419754049e-03 2.41194116466412860e-03 4.40556214305133295e-03
-6.18778597442520145e-03 -6.06079929042146418e-04 9.43762460873416066e-03
3.63497269206791186e-03 7.58669904426030606e-03 -4.04013931094836503e-03
7.25870640354526770e-03 -7.13445904278666842e-03 -2.68472455760100258e-03
7.80282229241951791e-04 2.22687734451613474e-03 -8.29934731255485038e-03
-1.10886972341301664e-02 5.27181987922019629e-03 2.61070179511126372e-03
-7.95672239179447713e-04 5.79691830978304977e-03 -9.46937024467738378e-03
3.86339034083969498e-03 -4.74621169066290899e-03 3.87362321717964718e-03
-3.34154347417806637e-03 -3.85146033993223386e-04 -5.87318239067141819e-03
-3.03251108009892738e-04 -3.01283189082472095e-03 -1.59255663592863979e-02
-1.22580846046912550e-04 -7.59495712197432761e-03 9.89331620933219967e-04
-1.17958098384998069e-02 -5.27734148264578928e-03 -6.60341965885278409e-03
1.63940935787022964e-02 2.10576869225389644e-02 2.39824111011562487e-02
-1.04892160332866434e-02 -2.88278224252194043e-03 -1.54573053813683685e-02
6.08959820789370886e-04 1.02821795266434726e-02 8.85703471261828010e-03
4.04734867370983107e-03 -1.13305383613647014e-02 3.48033982068998845e-03
-3.73942454365214227e-05 -1.28161305717634892e-02 3.01899168562850748e-03
-6.80899624872989724e-03 -2.04867886247688891e-03 -4.08923961678484080e-03
-1.25747061316834098e-04 6.80989040088523633e-03 5.93088152467943861e-03
8.81147145325795501e-03 -2.89938831165139970e-04 -3.56659903953464785e-03
2.39503936719082230e-03 -5.93233365214292183e-03 4.53577200151283454e-03
1.87984755139334637e-03 6.62700339350070101e-03 5.26273449109973795e-03
-9.57836162687958521e-03 -6.69090011056515843e-04 9.30049538172826086e-05
-3.77750145790157078e-03 7.64805531835473836e-03 -5.35519957463736693e-03
1.75149146365512079e-03 -8.15514830802902164e-03 -8.04412406168007743e-03
2.28629278481579622e-03 -3.81948401791829765e-03 -3.02489400875707902e-03
1.46976460627677805e-03 -6.41225926971178070e-03 6.94780269718380927e-03
-1.40861426828143513e-03 3.01265262887324969e-03 -5.35869063320948847e-03
-5.64476853944643033e-04 8.31832204915991871e-03 -2.20173967062764963e-03
-9.27920149770236407e-04 -8.09386569980545187e-03 5.83529676816465235e-04
-7.63208559263433162e-03 -2.23763173189506746e-03 8.48354992672340977e-04
-7.33817720264517623e-04 9.20367606234782053e-03 -4.33795742882019369e-03
2.44059346338000582e-03 -8.93471663672951860e-03 4.27745973813145434e-03
-1.06501662094805080e-03 6.62617761035664415e-03 7.07829745743795546e-03
-1.47777751577065990e-03 -5.81558586970477506e-03 6.53004163036651191e-03
-3.62179600848105932e-04 -7.04206954041357649e-03 -7.57191095705479419e-03
-2.98937691560555174e-04 5.30317099476627658e-03 -7.67110317433591839e-03
5.32771511732662174e-03 -4.40426784714591409e-03 5.24263728372760182e-03
1.02826999402836402e-03 7.57092836834006005e-03 3.57122286036830805e-03
-5.20984567927732347e-04 -6.60672684604915201e-03 -6.48447480094012461e-03
-9.76013304821811770e-03 1.72563266752191578e-04 2.79109880178202011e-04
4.90355997832784152e-03 -1.29736031239535872e-03 9.72046010215166061e-03
1.03254330841666790e-02 -2.38756178811879273e-03 4.62899879292274260e-04
-7.48845180330814236e-03 -1.67498834233951186e-03 -6.34671332114320873e-03
7.78407178903801813e-03 9.60680094525055207e-04 -2.11977085012121820e-03
1.51949079745221946e-04 2.41624815837599653e-03 6.73272177869117111e-03
6.38508933963928202e-03 6.43830693869407774e-03 -2.72146602647894368e-03
