3.72179834671209307e-04 -2.07932570578696921e-04 5.53528307189882435e-04
2.49648876423470031e-04 1.93843381052797897e-04 1.02540222731400805e-04
4.39980637761942621e-04 2.43409658940350784e-04 -9.84936529599449233e-05
3.94938825507665974e-04 2.87228664445165279e-04 5.94718884724931479e-05
1.36690230411486949e-04 4.62266155744926743e-04 1.70512819479617733e-04
9.23257769055304764e-05 3.34311208182132237e-04 1.85198341217251663e-04
-5.94022724998024925e-05 7.16761731447551945e-04 2.09344841996688958e-04
-8.16026132180054360e-05 3.76579373369190912e-04 2.05653194571321888e-05
-3.75929013984922051e-04 4.90148583814739320e-04 -8.30796421392291550e-05
-3.92752695296594615e-04 2.59159415291597731e-04 2.95511845781295786e-04
-2.44717910968481999e-04 6.75762395286426528e-05 1.75141330060439750e-04
1.97628348203960253e-04 1.18789410399006571e-04 -1.29882911373184576e-04
5.74684070850367133e-04 -2.80016890606740981e-04 -2.02539560565187266e-04
5.76075729533362976e-04 -1.28203178155535428e-04 -1.92185350240005418e-04
1.06667224803570101e-04 -2.76461753509066376e-04 -1.92274926762529412e-05
-3.49751154480639306e-04 2.13296342812163373e-05 -1.11079807530913217e-04
-6.63708274479988809e-04 -7.04251584672321656e-05 -2.07915540918346245e-05
-5.52502138581204417e-04 -1.24079044455867700e-04 4.97897088287109899e-06
-1.55079077308338981e-04 -2.05817650706291108e-04 -3.24764832686161840e-04
-3.96963962129901385e-05 9.39706053707497411e-05 -5.75575745705478748e-04
-2.55996995606680913e-05 -4.88664885027215734e-05 -4.53842797093224090e-04
2.30065369704354452e-05 -2.82417533597953993e-04 -4.30161611038271281e-04
6.46669376441777623e-05 -3.33529508177660703e-04 -2.14437496130728806e-04
1.56101004686157788e-05 -4.14540459312252266e-04 -2.49775240691551366e-04
1.07766863322240124e-04 -6.49041495430185966e-04 2.50166424960940315e-04
-9.59295660244855516e-04 -2.39334899374959607e-04 1.22829203008157522e-03
1.50951130721639593e-04 -1.27427016581986867e-04 3.38532324512381001e-04
2.22383930251122269e-04 -1.83212424126179767e-04 2.63026978645161463e-04
1.23789382234758185e-04 -1.61905327836899476e-04 3.71593107072360884e-04
2.39431976759283771e-04 1.57474356550971775e-04 -2.38245584590030104e-04
3.25175823112647787e-04 1.57681528520756338e-05 -1.03522603018866004e-04
2.21834422499767611e-04 1.14575369926804771e-04 -2.33161865156092945e-05
2.68245671531407864e-04 6.30354890855943934e-05 1.08484463580198209e-04
-8.26644383650871836e-05 2.36281530258849792e-04 7.32703999058702271e-05
-2.13397791582484392e-04 2.58053374144500487e-04 -7.00646748858611433e-05
-1.73747727582775714e-04 2.82761168357004741e-04 -1.66531024888020120e-04
-1.82037390217589922e-04 4.96227567920040982e-05 1.88438981924497252e-04
-9.19929081787078650e-05 -1.67146013076018230e-04 2.34057903639935962e-04
7.91968825150448258e-05 1.56335346999275030e-04 -2.35230377455184685e-04
3.02054322798223486e-04 -1.11677131350847701e-04 -1.41093131344080590e-04
2.95771660777326964e-04 -2.37732255736824722e-04 3.98768446998340077e-05
2.89591883015184260e-04 6.04462116744694939e-05 -2.16876078636137304e-04
3.40023345119635730e-04 -1.09369285984582698e-04 -7.80592111740859549e-05
-1.54483206333796367e-04 1.96787401586561963e-04 -1.67897159452505231e-04
-3.51629360913936328e-04 6.45164404411948446e-05 -2.64330244893172505e-05
-3.43419262109010629e-04 -1.12983028940634190e-04 5.10257229002031250e-05
-3.33019270592745846e-04 -1.20705975633211261e-05 -4.53916446931420647e-05
-2.95308908598144191e-04 -1.84922185347029543e-04 4.40817508711662833e-05
-8.22024071849583008e-05 2.19556622691862303e-04 -2.72558605052023134e-04
1.12058012781528728e-04 1.51976429763032924e-04 -2.85773517625949065e-04
1.10200434501136678e-05 2.68186541121656838e-05 -2.12586611778211980e-04
-1.03535821875984265e-04 5.52641660393152652e-06 -2.34393365227719680e-04
9.07698715042016613e-05 -3.70828567012691432e-04 1.74037232664165346e-04
-5.11788869537056616e-05 -3.31509499414622680e-04 1.73659108922905470e-04
1.06774955505117348e-04 -3.35479279170110007e-04 1.24599132837686005e-04
-1.72289020729619766e-04 -1.79805406914550189e-05 1.83874201260758244e-04
