1.63838667804139249e-03 1.30387861965086671e-03 -9.04209014276347034e-04
-3.27137426423096400e-03 1.80598997460212907e-03 -1.72451020317243575e-03
-1.90485697613063110e-03 -8.32449196436879646e-04 1.97529885166858321e-04
-1.21943786136569088e-03 -9.58159793612800570e-04 -3.50372592590852960e-04
-7.90456011377393963e-04 -4.82472267178124525e-05 6.04081291965652412e-04
4.96662432740713200e-04 3.68335855466028761e-04 -9.76375090377956667e-05
5.87736286490514459e-03 -2.08531510489784466e-03 1.07953692404372248e-03
-2.09814485448696075e-02 2.24475395229539743e-02 2.30425190287328885e-02
6.94359457041038297e-02 -5.83641536829908603e-02 -2.59722781187807783e-02
-7.50259374095634257e-02 4.13164471129032762e-02 2.63724703853029929e-03
-1.13055336315399657e-02 -3.79630665305441539e-04 -3.29042948676727676e-03
1.48413577539940889e-03 1.41280016265277197e-03 -5.10470723642963975e-04
1.24692749351318355e-03 2.35654434043297556e-03 1.11609938390938579e-03
-3.31839037119507907e-03 7.82243501589618973e-04 1.72292579517119293e-03
3.08781745042585598e-03 -1.12240427644572094e-04 -1.37639143306844680e-03
-1.17378696315562081e-03 1.98219848577085855e-03 -1.45481361286137201e-03
1.37802758325022978e-03 -1.18983844484055190e-03 -4.20071528751897461e-04
9.47093302533730252e-04 4.08451623572503308e-04 3.37203837053934308e-04
-1.45386277272230302e-04 -5.34428671679076928e-05 4.55175564884058304e-05
1.05548464318427904e-04 1.01277186002945996e-04 4.90725383883727773e-04
5.57815194444089002e-05 1.02664031644827958e-05 5.28448107758094920e-04
-1.07025212162437100e-04 1.68024859866999776e-04 1.96728454396222219e-04
-6.98228839253189904e-05 4.19310393173333296e-04 2.84489272504018231e-04
-1.46957593919250229e-04 6.26472337632577592e-04 4.92463643423368680e-04
5.11622507781472891e-04 7.84044229970248807e-04 -6.04737457826409752e-04
3.60700357644461178e-02 -2.19285241257116681e-02 6.10834010798910754e-03
-5.92853180500618748e-04 -3.00102702715854264e-04 -7.85762248733945512e-05
-1.10520541252157045e-06 2.90961771199471642e-04 -5.55202473299987176e-04
6.64899584645523012e-04 3.26076159946619981e-04 7.45885068770046900e-04
-2.51052596883072354e-04 2.97527796473406880e-05 2.90651673682251754e-04
-1.13015563388607632e-04 -3.00630819995317822e-04 -5.84802253519312032e-05
-2.33861368966081784e-04 -2.30294007801390421e-04 6.28136991420724655e-07
-5.01014736604687982e-05 1.62215214545069486e-04 -1.60766341853246786e-04
1.29023297392283354e-04 -6.09532062583184597e-04 -1.43443510429719367e-05
3.16619382244809344e-04 -1.97287827606107413e-03 2.79888464023261840e-03
2.29007488159527206e-03 -5.36906004684478688e-04 -8.16918728023363627e-04
-1.01651992062555818e-02 9.43823748787975259e-03 -8.03828167745912481e-03
1.99053063413234810e-03 1.47599987920354891e-04 2.05552369089900822e-03
-1.28588777644467189e-03 -3.09473433226070682e-04 3.17760648043563521e-04
2.20318790660201103e-04 -3.81052795455829457e-04 -4.16681981566968673e-04
-3.22123497547011084e-05 7.89630756171000314e-04 4.65311918398381152e-04
-7.08322024904450842e-04 -2.68759632902071388e-04 1.31314814702854221e-04
-2.62608691118160209e-04 2.77318685635741247e-04 4.79784892906565119e-04
-8.81158509207224938e-05 1.85063458247203272e-04 9.81698218320836702e-04
5.45701865628966942e-04 -9.52858502154541043e-05 -8.29141684655643196e-05
1.58725159611350364e-04 1.95835317646775309e-04 -7.06452194600970529e-05
3.23968878988445397e-04 -1.53669006067724823e-05 9.85156576542856044e-05
3.44227107277550459e-04 1.79017064432240858e-04 3.42082153585998583e-05
1.22558937540206969e-04 -2.06679697357881054e-04 2.29000639991649990e-04
-9.68174120643539027e-05 -2.06165432725891051e-04 2.70762298690163661e-04
-4.56536609078073141e-05 -1.17331720210778201e-05 2.02894700699562947e-04
9.66070302861332664e-05 -3.57256665853775135e-05 2.30636244761939224e-04
1.64093065556869533e-04 1.86412198702967657e-04 -1.21322799681689020e-04
-2.91397887455246973e-05 3.77588082907553968e-04 -2.91090441020713797e-04
-6.14588700225127127e-05 2.95869448566854487e-04 5.59420531201157423e-06
3.66328552530781337e-03 2.27903751178998304e-03 -9.32657152791005473e-04
