-2.01056651271260163e-03 -1.09594604907216971e-03 3.50680707086464599e-04
3.02172538780749386e-03 -1.99983335565492686e-03 1.62196998044103501e-03
1.46487633836868848e-03 5.89039537496528808e-04 -9.90362322069133978e-05
8.24499035858024905e-04 6.70931129167635291e-04 2.90900704118359833e-04
6.53765780965907014e-04 -4.14018929027114291e-04 -7.74594111445270090e-04
-5.88988209646243649e-04 -7.02647063648160998e-04 -8.75608321794559962e-05
-5.81796059240534229e-03 1.36855337345029261e-03 -1.28888176604041141e-03
2.10630511580876117e-02 -2.28241188963231659e-02 -2.30630843481900195e-02
-6.90600166901189083e-02 5.78740050991761179e-02 2.60553577609200088e-02
7.54186901048600200e-02 -4.15756065281948708e-02 -2.93275888431159502e-03
1.15502515425084471e-02 3.12054425776798886e-04 3.11528815670683709e-03
-1.68176412360336917e-03 -1.53158957305177864e-03 6.40353635016148578e-04
-1.82161156436355057e-03 -2.07652744982623474e-03 -9.13559823344198578e-04
2.74231464166171598e-03 -6.54040323434083599e-04 -1.53074044493118743e-03
-3.19448467522942623e-03 3.88702181153638469e-04 1.39561892574469981e-03
1.52353811763626017e-03 -2.00352812005207470e-03 1.56589342039228528e-03
-7.14319308770240973e-04 1.26026360330778412e-03 4.40863082843732088e-04
-3.94591163952525835e-04 -2.84372579116635581e-04 -3.42182807936805414e-04
3.00465354580569310e-04 2.59260517874198800e-04 2.79247276197756009e-04
-6.58520681054377719e-05 -1.95247791373695751e-04 8.48503618217509754e-05
-3.01818198837408089e-05 3.86000853382387777e-05 -7.46053106648708305e-05
8.40186751920016548e-05 1.14392673730954217e-04 2.33433156642049063e-04
5.15594628114122804e-06 -8.57808849956725929e-05 -7.00517763732894257e-05
1.31347493450634440e-04 -2.11931878320325325e-04 -2.42688402731817314e-04
-6.19389371103713001e-04 -1.35002734540062841e-04 3.54571032865469437e-04
-3.51107401042012601e-02 2.21678590250866288e-02 -7.33663213807068254e-03
4.41902049778979155e-04 4.27529719297841131e-04 -2.59956099638986450e-04
-2.21278724838600699e-04 -1.07749347073291874e-04 2.92175494654825713e-04
-7.88688966880281197e-04 -1.64170832109720506e-04 -1.11747817584240778e-03
1.16206201237885830e-05 -1.87227136198312463e-04 -5.24060890922216501e-05
-2.12160259724040155e-04 2.84862667143242164e-04 1.62002828370797207e-04
1.20269464663141728e-05 1.15718637874585650e-04 2.26880495241885698e-05
-2.18144197870939066e-04 -2.25250703630663879e-04 5.22818782730485767e-05
-4.63588590271961701e-05 3.73250532324334778e-04 -5.89260488628982903e-05
-1.03221590662324952e-04 1.71482490191657375e-03 -2.72881996534675734e-03
-2.11632715401249621e-03 2.54144836327473947e-04 9.83449752911383802e-04
1.03472365964731722e-02 -9.48786024467175582e-03 7.84984269553462739e-03
-1.89853772595364014e-03 1.95460251556633382e-05 -2.28958159453894429e-03
1.20669089392962700e-03 1.53138086226795652e-04 -8.25302705883788359e-05
-5.22373113458424534e-04 4.92729926806677104e-04 5.57775112911049263e-04
-2.63559311022625855e-04 -5.51898500434175538e-04 -5.05188763098215208e-04
4.18730141889266582e-04 2.08313421227601908e-04 8.55612639332830824e-05
-7.74146540014755214e-05 -1.67949399651158549e-04 -4.01725681732479191e-04
2.42599057254518861e-04 -3.81850859833765262e-04 -8.13801058868331498e-04
-1.94072504715030614e-04 3.07694097742592596e-05 1.09347192954881574e-04
1.84694102497660266e-04 -8.28522887061411189e-05 1.96194965598939279e-05
9.05039160430044960e-06 2.74374981700936084e-05 -5.31240129611435397e-05
-4.89181986794062686e-05 5.90512091478868494e-06 -7.82899662297661416e-05
-4.03565303552486684e-05 -1.28769253339812493e-05 4.35579650603731437e-05
-1.52406007171748253e-05 5.41890029628581277e-05 1.50112189357854038e-05
3.46336174576936497e-05 -1.50854820910878638e-05 9.69191107864903314e-06
6.92879158985099911e-06 3.01992499814459878e-05 3.75712046578045617e-06
-2.54862937061071221e-04 1.84416368309723775e-04 -5.27144329824763265e-05
8.03186756992303589e-05 -4.60785834929312876e-05 1.17431332097808327e-04
-4.53160854826046352e-05 3.96098306032555201e-05 -1.30193338149697579e-04
-3.49099650457819358e-03 -2.26105697109852798e-03 7.48782951530247202e-04
