2.46329934594737585e-04 -2.19203198944685766e-04 6.64108356970808441e-04
2.14934390468747571e-04 1.23796894575796163e-04 1.92933741305614120e-04
4.95192130800772975e-04 1.38776179385973863e-04 -3.15498296682844654e-05
3.97678323664997252e-04 2.21885698481938826e-04 1.86950855543316114e-04
2.04182518169946964e-04 4.43895474827483625e-04 1.98606051059194567e-04
7.22940283209320484e-05 3.16654842895496111e-04 1.55455953937449224e-04
-2.62286879712248362e-06 6.32129120985287047e-04 2.52488224204919481e-04
-1.24533411750679175e-04 3.28835049470684688e-04 1.13936851218924125e-04
-3.85893114952324948e-04 4.63635548231187934e-04 1.22471741643149752e-04
-3.66640876795612785e-04 1.75080336996320698e-04 4.14493583588366370e-04
-2.03586990518695886e-04 -3.71301851826765173e-06 2.06191489923120185e-04
2.17714979542395340e-04 2.54411218206517485e-04 -1.50013170178854300e-04
4.91913643537903161e-04 -1.23555896509614340e-04 -2.43756322651882780e-04
5.91808281673639365e-04 -9.80973363233583194e-06 -2.08141088591758127e-04
1.68233619368154258e-04 -2.45130090109898580e-04 -2.92087441534618387e-05
-3.03511599221608220e-04 1.98787331366669638e-06 -1.13837412203505976e-04
-5.61987447898226440e-04 -2.13112205760108145e-04 2.27110631569932866e-05
-4.91289767924472497e-04 -2.37640820437288590e-04 -1.91773726208521251e-06
-7.24582577565671107e-05 -3.01519758559981739e-04 -5.16427358689199728e-04
-5.97937805690909732e-05 8.67136019399013469e-05 -5.68959364490149067e-04
-2.34726830111035807e-04 -9.66911189904863684e-05 -4.36407915057767987e-04
-5.94503976436344455e-06 -1.08373108181691511e-04 -3.03051307055853219e-04
1.11551784002493476e-04 -3.02726226251052142e-04 -2.30574755872465413e-04
5.45032127321753301e-05 -3.81897695327131071e-04 -3.03023069409882656e-04
1.78479279863673031e-04 -6.55341056638857923e-04 2.35470878300712778e-04
-1.24242819470006993e-03 3.03096408411115189e-04 4.58257971160404428e-04
3.85859131477618092e-05 -2.49958609850382211e-04 2.12651308571502965e-04
1.62270813700918226e-04 -2.32463627373984117e-04 2.91967807299382310e-04
2.48510563264377154e-05 -1.99327310678699412e-04 3.56442651674290486e-04
2.53616206385432906e-04 1.52311190926373316e-04 -1.91957233981667353e-04
2.91017301681853783e-04 2.53316394313529682e-05 -5.07266984401017493e-05
2.19993520050907454e-04 1.03569835706381129e-04 2.62089975846500426e-05
2.25289516140325078e-04 7.41738270565535829e-05 8.52620238870073873e-05
-7.24614337597095568e-05 2.10131202310170418e-04 8.23774480835777164e-05
-1.23036374605771240e-04 1.85198772660865029e-04 4.96867529223219066e-05
-1.38549113871013087e-04 3.11999770059436280e-04 -1.02621120812485591e-04
-2.33174192210274417e-04 -3.87102225022366064e-05 1.68039678206764710e-04
-6.91466091809690340e-05 -1.86233434438818908e-04 2.43434702415858307e-04
9.51753321484652220e-05 1.11187547250747828e-04 -1.18900960995453722e-04
3.10499395772909558e-04 -1.74094819646723944e-05 -1.71051560138691262e-04
3.07149207162775700e-04 -1.98581092133338314e-04 -3.31740852479731952e-06
2.64062000870643205e-04 1.43098838711034737e-04 -2.15706158589385410e-04
3.35852430429274236e-04 -3.73103812551441071e-05 -9.18173495447622672e-05
-1.17263414045990316e-04 1.26326855413927988e-04 -1.63471380105426647e-04
-3.26490809601444397e-04 4.94016894380867193e-06 -1.36138957921078122e-05
-2.90718446824366980e-04 -2.03936112121390941e-04 9.64209529590358489e-05
-3.34873174852125634e-04 -8.09615324815670447e-05 -5.26240931883869214e-05
-2.69020991594811059e-04 -2.31876859037472477e-04 3.99296700095379801e-05
-1.17030348567342209e-04 2.22980738228445045e-04 -2.65812495325148447e-04
7.13609167633369782e-05 1.86894132804040202e-04 -2.68189863660572641e-04
1.61803310749225101e-06 4.64662112771016203e-05 -2.13374762219923362e-04
1.04928179292701761e-04 4.77595443369110777e-05 -2.13155757998759871e-04
1.30569438929515540e-04 -3.68148253494691817e-04 1.41762601709340911e-04
2.16520164237431354e-05 -3.25450388890557529e-04 1.59988345607067040e-04
1.50757737686657426e-04 -3.28133364273420223e-04 1.12983614226174573e-04
-3.06882052888031432e-04 1.53946075519256341e-04 -1.80245025666645797e-05
