-3.95423380593484808e-03 -7.80568959498406656e-02 -7.66478065822084886e-02
-1.89280009624326340e-03 -1.11222793296336109e-02 4.57888578367784405e-02
1.99935561864741373e-02 7.26549267043832270e-02 1.21145088625413955e-02
-3.26342992706916135e-02 -3.63842277254056157e-03 -1.13984237649329856e-01
1.02897433690151807e-01 5.30942257890569813e-02 3.45698623984325160e-02
-4.63953623463000397e-02 -5.26469093748147543e-02 -2.82497733597022460e-02
3.38496556776215485e-02 3.19565746159167219e-02 3.30450846154235478e-02
-1.17889861354263603e-01 -2.64854906343581220e-02 -3.87768729581807747e-02
1.05427866219220512e-01 1.27449198227935767e-04 -4.65851667637949829e-02
-2.41851529044332381e-02 -1.08132299803072041e-02 -1.47676842236599271e-03
4.44246800661320940e-02 8.22218728922186060e-03 -3.34194791446522643e-02
-6.41057354628253862e-02 6.08752721622929371e-03 7.69974224475178382e-02
2.10975829446065077e-01 8.59613909449090663e-02 -2.75920962961495597e-02
-5.42170327828213061e-02 5.03310553945510719e-02 -9.48444723581562954e-02
3.79495808443142124e-02 2.81019393119201766e-02 3.98304306104593220e-02
-1.18692379918151403e-01 -5.35615900930621613e-02 -1.30961878360325024e-03
4.99542931058449824e-02 9.31249809945899898e-03 9.54398906011411086e-02
-1.03008055295882528e-01 2.42568006719512397e-02 -9.99793807008551028e-02
4.67499942586493411e-02 -1.55786062663112457e-02 -9.47141523196459723e-02
-1.25796609939179849e-01 6.69272255426029972e-02 5.29348760308963051e-02
8.21870812227674108e-02 2.35406679568166410e-02 -2.53176866909043952e-02
-3.25212828293470757e-02 1.25754581143038280e-02 1.89927232905603205e-01
2.28920898905204950e-02 -2.50538046059407549e-02 -3.70219017448292220e-02
-2.19302142534036903e-02 2.74321011726748054e-02 -1.19193852855902005e-01
4.69731630668706046e-02 -1.24707899762483976e-02 3.11289174418929449e-02
3.23148110495452556e-03 2.82860710035048868e-03 -1.97273010477481137e-02
1.07077936523441997e-02 2.88163386910591512e-02 4.43984329686912815e-02
-4.86106871440412647e-02 4.95894114203387915e-02 1.65096551499606115e-02
5.07448762639575168e-02 1.54574499812942801e-02 -1.91933934229702174e-02
1.31856175042299739e-03 -1.20420271134527024e-02 3.28289565179651355e-02
2.45238226427852979e-02 -3.05591578712243184e-02 -4.72168150703045075e-03
-6.19872566927415214e-02 -2.61134945881345004e-02 2.70374926038274843e-02
2.11846380894489261e-02 -7.32888047317670210e-03 3.38014720001313940e-02
-8.06655511600862241e-03 -9.21127889579009818e-03 -1.16114251038506033e-02
-1.71801728999834147e-02 1.39538747266647611e-02 3.04328487768998901e-02
-5.42443124762193030e-03 -1.33708652327646504e-03 7.31107742998515775e-03
1.96746620726435673e-02 -1.50504933664624696e-02 4.20327888919684867e-02
-5.35126614878034257e-03 -3.29377130040464650e-03 1.25469892194636223e-02
2.76920565235871941e-04 2.57321067730242881e-02 -3.88053636380725209e-02
-1.66359567415121479e-01 -1.15410863322937152e-01 4.39227399229269455e-02
-2.09367815427174975e-03 1.33773084352855065e-02 -1.00001732638099750e-02
7.58306435545508251e-03 -6.41086812412692275e-02 5.74646959205002972e-02
1.12970375641627818e-02 -1.16472374930955969e-02 6.07074371155302828e-03
-6.32557021346125126e-05 2.52801746007742523e-02 -2.54913911933039028e-02
1.70298145848133409e-02 -2.37343082563312713e-03 -1.95984920764546988e-03
8.81310730666662323e-03 3.32021620800730943e-02 -5.69486241651291358e-02
9.79511436212563424e-02 -3.14298519274148758e-02 8.83516824381249677e-02
-8.99736439467591076e-03 2.21577572370357245e-03 1.57714891359783671e-03
8.79172227627438296e-02 -7.94374063737244285e-02 -1.07153125218220069e-02
4.59723224878860748e-03 -1.94749131829730082e-03 9.83665168010627866e-04
-1.35105825822823267e-04 3.07727340586871900e-03 -5.50150731696996687e-03
-5.55293524008200201e-02 -1.34759220271838953e-02 9.22678643319496672e-03
3.82515677802963694e-03 1.38797162687920306e-03 -1.78419393362121426e-02
-3.48017460163871917e-02 -4.87137962603467756e-03 -1.22871881686523743e-02
-3.66096128871817861e-03 4.76095241643470501e-03 7.36212746856082512e-03
-9.53234730460672530e-03 -1.42722128896810574e-03 1.77587807016710286e-04
