-3.70790387134011055e-03 -7.82760991487853469e-02 -7.59836982252376780e-02
-1.67786570577451583e-03 -1.09984824350578148e-02 4.59817915780840539e-02
2.04887483172749088e-02 7.27937028837691985e-02 1.20829590328731112e-02
-3.22366209470266174e-02 -3.41653707405862282e-03 -1.13797286793786534e-01
1.03101616208321756e-01 5.35381212638844639e-02 3.47684684494917115e-02
-4.63230683179791103e-02 -5.23302545319192583e-02 -2.80943174057647974e-02
3.38470328088244232e-02 3.25887037369020083e-02 3.32975728396284684e-02
-1.18014394766014288e-01 -2.61566555848874380e-02 -3.86629361069618510e-02
1.05041973104268188e-01 5.91084746459123647e-04 -4.64626950221518342e-02
-2.45517937812288513e-02 -1.06381496433108833e-02 -1.06227483877762634e-03
4.42210930756134005e-02 8.21847427070359314e-03 -3.32132876547291470e-02
-6.38880204832829868e-02 6.34193843443581120e-03 7.68474092773389905e-02
2.11467743089602978e-01 8.58378350483994523e-02 -2.78358526188014418e-02
-5.36252245011476641e-02 5.03212456609187370e-02 -9.50526134467480494e-02
3.81178144636823701e-02 2.78568092218102782e-02 3.98012218663058581e-02
-1.18995891517373012e-01 -5.35596022197484950e-02 -1.42345619580675625e-03
4.93923056579467570e-02 9.09938589369889070e-03 9.54626016642980968e-02
-1.03499345063806994e-01 2.40191598515139514e-02 -9.99812984381171915e-02
4.66775360008927706e-02 -1.58801260248712280e-02 -9.52305796783351755e-02
-1.25856403719748933e-01 6.70139391445429000e-02 5.23659166664061579e-02
8.19523543926563708e-02 2.34439768378261540e-02 -2.57540946059621641e-02
-3.25272278691114414e-02 1.24670850061221368e-02 1.89624181598547353e-01
2.30036416745229878e-02 -2.53565308321918072e-02 -3.72524765007016881e-02
-2.18757110406715138e-02 2.70502034773476736e-02 -1.19496875925311885e-01
4.71516423467342807e-02 -1.31261310328872546e-02 3.13643883201936563e-02
1.98905291025445585e-03 3.13170350876160403e-03 -1.92690430765877080e-02
1.07463795654919609e-02 2.85663800812087677e-02 4.46110842772627844e-02
-4.84484163303403464e-02 4.93569477929648101e-02 1.68016229572599922e-02
5.07697273202839527e-02 1.52581226706155811e-02 -1.88369507712959280e-02
1.57217795680843035e-03 -1.18897159225263283e-02 3.26369992839834686e-02
2.48148399444671520e-02 -3.05338262317929668e-02 -4.77240820547055258e-03
-6.17672631726906146e-02 -2.60099247524281200e-02 2.70637016014121344e-02
2.14099276055892511e-02 -7.25470664612014836e-03 3.38867340240184001e-02
-8.13901654976833221e-03 -9.00114769347992727e-03 -1.15290476557670264e-02
-1.73032092745891847e-02 1.41390734993256263e-02 3.04825355298222120e-02
-5.56298036149294357e-03 -1.02508675321702882e-03 7.20845630917267208e-03
1.94414878804332926e-02 -1.50892035889647058e-02 4.22008285701752500e-02
-5.42041275796131122e-03 -3.48000473484346524e-03 1.27904239218794812e-02
3.72095897384337162e-04 2.58432943202750350e-02 -3.89242645990679759e-02
-1.66049068019348572e-01 -1.15428272804901824e-01 4.37516883627882547e-02
-1.78652894710897405e-03 1.31787273431521676e-02 -1.00034906723347715e-02
7.84712635632572528e-03 -6.39655824025581882e-02 5.72489897619109095e-02
1.16328899945920567e-02 -1.16845478743507411e-02 5.97892636200826610e-03
-1.80519116180602815e-04 2.54065014561881790e-02 -2.56548625734093309e-02
1.67033237752118972e-02 -2.36849065668931838e-03 -1.97346310343757790e-03
8.52238885984225696e-03 3.29982259679517040e-02 -5.68522032121700979e-02
9.76162704464042102e-02 -3.15108134598964459e-02 8.82990583449365790e-02
-9.26638538627072225e-03 1.98389886466610000e-03 1.61707858360737476e-03
8.78001924141764839e-02 -7.92144256354959803e-02 -1.09811250171471548e-02
4.66859316555194408e-03 -1.76059718549326054e-03 7.15475304350055279e-04
-1.33487792715331017e-04 3.12373961714582050e-03 -5.71488207918989001e-03
-5.54244242215273172e-02 -1.34281624828469850e-02 9.01363067519620614e-03
3.95572621695915259e-03 1.01982337338451124e-03 -1.77001767345028004e-02
-3.47800939999634504e-02 -5.19683001492523503e-03 -1.21271998230453072e-02
-3.51020355103152113e-03 4.43281905216128501e-03 7.47511108278699991e-03
-9.83922935749475744e-03 -1.27327521344884945e-03 1.59563304450045703e-04
