3.33133256568494149e-04 -2.36011510304707942e-04 5.40645440879020328e-04
2.49509455149407393e-04 1.53709157021609828e-04 1.16705552022268352e-04
4.18460957798615649e-04 2.41766462953152704e-04 -1.18931321234166698e-04
3.93882813628490612e-04 2.84826393784721207e-04 3.87171433419672246e-05
1.48826184522021592e-04 4.47131472950236888e-04 1.64641215569315204e-04
1.09120485207391191e-04 3.28859044069477265e-04 1.85646722173702354e-04
-2.01677795045370143e-05 7.03612971831313067e-04 2.17936634451932948e-04
-7.18983424904744931e-06 3.65293612440407132e-04 1.15547739217523792e-05
-3.72264841834841283e-04 4.72010451245340060e-04 3.69958230553899903e-06
-3.65267999573109137e-04 2.38779820033110371e-04 3.19231302092123079e-04
-1.74607285210505268e-04 -2.32648793652714734e-05 1.79932970329896644e-04
2.09184546992102066e-04 7.01602043247220376e-05 -9.51300491505261705e-05
5.38746490171502449e-04 -2.61422363296395820e-04 -1.97126645291612540e-04
5.62668808706778085e-04 -1.23739532342461903e-04 -1.97167559391605511e-04
1.06465180773141849e-04 -2.68417579090003938e-04 -9.37333320071078669e-06
-3.02709933612471151e-04 3.44393818475635150e-06 -7.92610063515401288e-05
-6.40316947219522151e-04 -7.39167939877968035e-05 -5.59011866318087848e-06
-5.54448798534002947e-04 -1.06558590311039950e-04 1.22290683748112680e-05
-1.67385862744772227e-04 -1.90500149634679561e-04 -3.24512828999713168e-04
-4.97907698258493711e-05 1.11748237012646896e-04 -5.69234809110655705e-04
-3.89968449635436093e-05 -3.49089728509776380e-05 -4.52876415003074391e-04
2.05991465363251176e-06 -2.70424474364200276e-04 -4.36049307006550213e-04
4.56161290082093802e-05 -3.29114704172904645e-04 -2.24393328987515620e-04
-5.41457735676479306e-06 -4.07481486785104315e-04 -2.60836462609752013e-04
9.64029368569895180e-05 -6.46105342464214113e-04 2.50417791023319395e-04
-1.02764108292316306e-03 6.25436142779029044e-05 9.96603046348793495e-04
1.34817643937288061e-04 -1.45410051016446932e-04 3.30559163918186009e-04
2.08470304515193485e-04 -1.88666971356588981e-04 2.63666151044978140e-04
1.52845564063320606e-04 -1.87057852494564329e-04 3.60437434734552954e-04
2.17368353565115400e-04 1.58139416675872555e-04 -2.46174662899206330e-04
3.14263192154124707e-04 1.91676165019586902e-05 -1.17133816343283070e-04
2.17701481259469093e-04 1.14361512460414610e-04 -3.45174005650559934e-05
2.73791250643811541e-04 6.33260314646170682e-05 9.15905139472652754e-05
-6.02915142996867911e-05 2.38468770363463051e-04 8.04190601404615029e-05
-1.98675143745135415e-04 2.42631439455441643e-04 -5.29297134633928176e-05
-1.68713194133858046e-04 2.99433748608917793e-04 -1.47892044700232041e-04
-1.88062562723191032e-04 -3.64295421063292476e-05 2.21981004412463777e-04
-6.13406237210813263e-05 -2.03144805488813011e-04 2.26025983721458084e-04
7.49920762024193911e-05 1.52214454646650693e-04 -2.24745253190122938e-04
2.95041599012386795e-04 -1.08418263050772345e-04 -1.45475883077722491e-04
2.86790077392038562e-04 -2.34261865388930504e-04 3.74294578993639577e-05
2.79954505833500205e-04 6.29292202272327243e-05 -2.16784737630063424e-04
3.36606542271556254e-04 -1.11831239186190311e-04 -9.00436812462430838e-05
-1.33041417977221223e-04 1.93334415672419908e-04 -1.64879935427812431e-04
-3.48735908916817110e-04 5.65567208543561449e-05 -4.40256679698875994e-05
-3.25502667315429939e-04 -1.18881122765934357e-04 7.26608954352738878e-05
-3.33291821729817428e-04 3.82480072474265972e-06 -3.84541154809619120e-05
-3.01831454624228418e-04 -1.74280525878226671e-04 4.62647910488538653e-05
-8.10665853774185347e-05 2.30388990905470623e-04 -2.63688570733564887e-04
1.10847443270991315e-04 1.55816953233696187e-04 -2.82538900815564866e-04
6.62657651919233774e-06 3.24223671928126640e-05 -2.11780550662024180e-04
-1.09394922212710782e-04 1.64966000278676149e-05 -2.31015640750973489e-04
7.73834026036092110e-05 -3.61960063522439137e-04 1.79809454643533445e-04
-5.20530813571474911e-05 -3.28134950173590578e-04 1.73733325653651857e-04
1.01883342905448380e-04 -3.39670963334738347e-04 1.13306118928218892e-04
-2.15257060500367847e-04 -1.33838444120091677e-05 2.46719161594011346e-04
