-2.24822394865320518e-04 1.63076735179590315e-03 -1.07114080159931291e-03
2.41829404491689104e-04 -9.96630093410988405e-03 -6.71968523175170418e-03
-1.55598354624864044e-03 5.93226359726806152e-04 -5.14618334060301663e-04
1.83126138743716638e-04 2.22545794789041906e-03 3.06193495542395056e-04
-9.83732449733931702e-04 -4.55448377505351942e-03 -4.96304764333821424e-04
7.64073506430484883e-04 -2.82643734643173161e-03 -2.27335456734678587e-03
-1.02135142237553822e-02 5.00384810785625689e-03 5.43595528403617578e-03
1.85853201828243275e-02 -6.50826151368644190e-03 -4.30067284830548680e-03
-1.62796396148330302e-02 3.13653029371376846e-02 2.88292502669453832e-02
-4.74679017407337867e-02 -1.97500083827553130e-02 -3.89174188801879595e-02
2.35959689986104948e-02 -8.76303437468362034e-03 1.42768534043060669e-02
4.66617376061595479e-03 -6.67291773344569350e-04 3.27642810141526297e-03
-1.73327341772910870e-03 -1.08044318397482186e-03 7.66887094488799548e-05
-2.81941724346701506e-03 -4.76830488767454597e-04 1.90279169502449719e-03
3.19605299177272428e-03 7.40614209656875744e-04 -2.49598820006857736e-04
3.72949129257715839e-03 5.88096098329016215e-03 -9.32592429606859952e-04
3.50681855092460637e-04 -8.71729035633872495e-05 1.31101974075953365e-04
4.94760812923544790e-04 2.04589203721461388e-04 -2.74019529904023784e-04
8.89698070514199912e-05 2.05614795757647073e-04 2.66885444831554963e-04
-2.94121189073973111e-05 -1.86533455984516650e-04 4.00442231326181286e-04
-2.44484393219224216e-06 7.93009583821557840e-05 4.92444231340982697e-04
6.70520268106766792e-05 3.97691192445037700e-04 4.14915152653350106e-04
-7.93397853711130807e-05 2.88228607885798738e-04 3.20372965024517953e-04
8.81238889114399626e-05 4.31037899591757423e-04 3.97354760880985758e-06
-5.62835838705089131e-04 6.81298104019845141e-04 -5.69575088711360422e-05
1.65823436406355995e-02 1.07358955984619975e-02 1.31058834527273405e-02
-1.62668942496280167e-04 1.49838841559724045e-04 -1.55772265351572514e-04
-3.70870691132729746e-04 6.57138755215891379e-04 1.83395586217383055e-05
-8.48456909588568564e-04 -1.36893970530627129e-04 -7.24159962790515976e-04
-3.48489519232830780e-04 -3.91148715512823486e-05 3.72478836100587074e-04
-6.44337307479148080e-04 3.05704040624577011e-04 6.01606995975001446e-04
4.53754291478425387e-04 -3.45334870699431917e-04 -1.17640341862457198e-04
7.88955880253183750e-05 -7.82854692082946002e-06 -1.46909340019929502e-04
-7.22194669555920044e-04 1.60293433704916666e-03 -4.23662322866502628e-04
-3.87941054224594239e-03 -5.60795636170396961e-04 -1.06994130754271000e-02
7.65197923124527613e-03 -3.90453390702050207e-03 3.61726048936628075e-03
1.08456060686413780e-02 -5.47849956568202678e-03 -5.87347605416965735e-03
-3.92111264998708242e-03 -1.24353620264594511e-03 -1.29018017471427271e-03
1.45331700572487454e-03 3.57891751973316019e-04 -1.80041126381702554e-04
-7.73243554343050477e-04 -2.11939597552376902e-04 -5.72154816784298248e-04
9.55577323606959794e-05 7.27505494046543078e-04 3.64964713431392695e-04
-7.48005751570524069e-04 1.84728117381016688e-04 5.84631125141843455e-04
-3.83374797348956520e-04 1.15066334516189528e-05 -5.31909495266047472e-04
2.63544290327710762e-04 -2.84921884544875326e-04 -5.89636802799997639e-04
5.07024533987987525e-04 -5.51552608705208058e-05 5.85585612155326007e-05
6.22838888144183755e-04 1.19461030342993269e-04 -2.42185535554551024e-04
2.87902579848786644e-04 -5.39391261575317138e-05 -1.52024370647652063e-07
3.36698946286073664e-04 1.97679158131958133e-04 -6.56771723015481257e-05
4.57323688791699823e-05 -2.56689700438794688e-04 2.63087863267008615e-04
-2.09216591453564860e-04 -1.85162957075268864e-04 2.56765616895471283e-04
1.59450364095592434e-05 -4.62965687169081264e-05 2.17762199443249926e-04
1.17153166927064234e-04 1.08372469923012638e-05 2.10423445056617808e-04
-2.07923806804899414e-04 5.15033015505261815e-04 2.19683607798337732e-05
1.53200887498705640e-04 3.53001479272752050e-04 -1.70621237624679623e-04
-9.15104871976879508e-05 4.26945981289339471e-04 -1.05433223621886896e-04
-2.00701345639042739e-04 1.79139945027473324e-03 1.86708527777845745e-03
