-1.08310861703173630e-04 -1.39475584149119521e-03 5.30495360720292580e-04
-4.91338859641096497e-04 9.81259177708827465e-03 6.60297967972943607e-03
1.13752258845002479e-03 -8.34992822679958883e-04 6.33549655294468389e-04
-5.77008952372207303e-04 -2.51028434167514022e-03 -3.44910638884362273e-04
8.34906265211910110e-04 4.10735230210328237e-03 3.31663548764506220e-04
-8.73193991637876061e-04 2.49757830236225446e-03 2.08770784517308371e-03
1.02336820032599193e-02 -5.70746107968756952e-03 -5.65389191848810879e-03
-1.85781303485752815e-02 6.14296790124603444e-03 4.28911807438373417e-03
1.66519044566678723e-02 -3.18373133883830262e-02 -2.88329498492509231e-02
4.78331697403068939e-02 1.95112285627222042e-02 3.85981875780958342e-02
-2.34213617133999900e-02 8.78629925404889218e-03 -1.44567863746359639e-02
-4.87535830760805686e-03 5.97131569019847285e-04 -3.18129805226473675e-03
1.19452692755760625e-03 1.34186554727121774e-03 1.20437935842732585e-04
2.25674843476023675e-03 6.00570021109916473e-04 -1.70562413563289162e-03
-3.30251817254586600e-03 -4.72196630566871806e-04 2.58972153207568539e-04
-3.42678135896468724e-03 -5.88440492147491827e-03 1.01185343595840008e-03
2.89635092127061514e-04 1.61089697551184053e-04 -1.25511855412772488e-04
5.96879856104581569e-05 -9.80306134104214376e-05 2.61790461529212498e-04
7.84160556933522358e-05 -1.51146461229675119e-05 5.76273841681582046e-05
7.92028887332466822e-05 7.47852189718697534e-05 1.68792577784474419e-04
4.14416888957358514e-05 -4.43919855311781459e-05 -3.95678163379083051e-05
-6.91119414643091910e-05 -1.27266718080837424e-04 2.11341543532001072e-05
3.37236563629037005e-05 4.08860962871059074e-05 -9.59796360370023330e-05
-8.27093115546751628e-05 -2.35564128066531077e-05 2.56862915000942156e-04
4.66432901848099586e-04 -3.51927615556310277e-05 -1.93460282152183353e-04
-1.55547025577124371e-02 -1.07984392127399003e-02 -1.41024864990761337e-02
2.78512985589921057e-05 -4.42879054327711356e-06 -1.74786898566613494e-04
1.62400386617536261e-04 -4.68471783859302372e-04 -2.82005709666716445e-04
6.95611345525248012e-04 3.23951823025191458e-04 3.63722528055963022e-04
1.31121165667715380e-04 -1.19024545124590207e-04 -1.26304173201380744e-04
3.30074115325023373e-04 -3.24871657126535708e-04 -4.84473179631718376e-04
-6.71455772737894452e-04 2.30973358239017321e-04 1.52157742427513199e-04
-3.52686838669129916e-04 -5.54974845437876082e-05 5.53188260726642265e-05
7.82486183855606835e-04 -1.84140310741262971e-03 3.43243262726041138e-04
4.07808568599107770e-03 3.18164196714955318e-04 1.07523427888904927e-02
-7.48326603711141781e-03 3.60510015841158417e-03 -3.46936844466604879e-03
-1.06575435059181878e-02 5.51492910778835638e-03 5.65149504975719346e-03
3.98245327370816415e-03 1.44668100813475807e-03 1.06415419099281454e-03
-1.52830908192729399e-03 -5.10106206619966767e-04 4.04786379571825492e-04
4.78201955330663682e-04 3.20357860603149246e-04 7.17630699862020684e-04
-3.82347809752734541e-04 -4.93243628657612601e-04 -4.02394171330756640e-04
4.68051245737023864e-04 -2.47657337608249385e-04 -3.67846387511780058e-04
4.67682550774002658e-05 1.00324605734571358e-04 6.21953176512290529e-04
-1.30502872350489539e-04 9.15874688724554174e-05 7.54516738227810043e-04
-1.58288625071170415e-04 -1.40145998383533907e-06 -1.45328932456450014e-05
-2.97336220828753816e-04 -5.79907577058911996e-07 1.69524640119277136e-04
4.53892418810307842e-05 5.01143254327890558e-05 3.86061398516095641e-05
-3.48674916618452462e-05 -2.33986322537314611e-05 1.94123812526942604e-05
3.53342164982485524e-05 2.63007095333240648e-05 6.00707466556272586e-07
9.83691481825735449e-05 2.93460038415726762e-05 2.57732839200935839e-05
-2.25716129287515811e-05 1.38742015240954624e-05 -5.98164878122574642e-06
-7.75824471435345234e-06 -2.73338470201688787e-05 2.05921956943556808e-05
1.30540404201290203e-04 -1.53072951982822678e-04 -2.01777815423367219e-04
-1.01147806141558156e-04 -2.48665290991614721e-05 -3.11208802897223417e-06
-1.03728557077604295e-05 -8.72750179546011241e-05 -7.87289530633199642e-06
4.15958406139410586e-04 -1.77801560586272412e-03 -2.11380443937246891e-03
