2.33410419461339038e-04 3.93817344659910313e-05 6.34274151989238028e-04
2.41360929037189796e-04 2.29545538428555429e-04 2.09629841544936623e-04
4.06559449975749446e-04 3.11314284926961942e-04 -1.03514545208916451e-04
2.67989659844027723e-04 4.11322981723114467e-04 -2.81929773296354614e-05
2.14416636946266382e-05 5.28927060086065897e-04 -2.74721618657055964e-05
-3.57151601208499214e-05 3.73010039575200221e-04 -4.12227218624770193e-05
-2.16661525092162098e-04 7.14701062532172677e-04 8.07679127087670116e-05
-1.80666002477045649e-04 3.19919513135957334e-04 2.02298037658762454e-04
-5.35137999532155810e-04 2.13831282770455698e-04 2.50566856423730408e-04
-5.37378220507088748e-04 1.81891739090829713e-04 3.76864266954250781e-05
-2.99832812028266228e-04 1.29758364936755050e-05 1.03623728624226065e-04
2.62477587392940875e-04 9.66393931025790061e-05 -7.18354735431632382e-05
6.08593329941321814e-04 -8.62486531349581774e-05 -8.66884473581698843e-05
6.13448196843517884e-04 -6.67461414035850633e-08 -1.29500111811435223e-04
2.03093903146896925e-04 -2.14318873961322600e-04 1.18521462732189831e-04
-2.88112678516747869e-04 -1.15342964516392029e-04 -4.30765013992732483e-05
-5.81003044124752321e-04 -3.02884463848718071e-04 6.80138777328944782e-05
-4.79347622415503987e-04 -3.05520268297811799e-04 4.75171584917353465e-05
-1.75905281588874435e-05 -3.72110199535544432e-04 -1.84426509198418713e-04
6.07941840787048151e-05 -1.92043035756648623e-04 -5.48830151042373746e-04
6.50149432128823351e-05 -2.55279862707592179e-04 -3.76801430821689751e-04
1.78303270734982166e-04 -4.31793540406412955e-04 -2.34745548498487016e-04
1.85707966459185131e-04 -3.54149296545064817e-04 -2.61696597223863255e-05
1.66549679818726615e-04 -4.56520328971385966e-04 -1.03264908769270755e-05
2.23019089939205769e-04 -4.19024633385239973e-04 5.38022221443904751e-04
-1.10655179583705522e-03 4.81114266511289913e-04 -9.93128906492057872e-04
1.17860563684116473e-04 -1.45695916973516009e-05 3.69640732888616892e-04
2.10618481305247131e-04 -3.52230304770508330e-05 3.19351183742196316e-04
7.45059702292227204e-05 -8.98798171438539630e-06 4.17199239453927161e-04
2.43279650269667539e-04 1.27977036773562587e-04 -2.42588954596431350e-04
3.19002838565766501e-04 7.91188177039135699e-05 -6.26795766378180079e-05
1.75035076716601151e-04 1.55679800149083748e-04 -3.18331954473856707e-05
2.07773535582094073e-04 1.96196923722837522e-04 1.10676705033381024e-04
-1.23375950510124118e-04 2.28302740784557093e-04 3.57267098888399076e-05
-2.47261160316023779e-04 3.12932583614589224e-05 2.84665265205263430e-04
-2.39515614051490116e-04 1.01305490364671672e-04 1.37297081202513447e-04
-3.16103698837227269e-04 1.80021832376433015e-05 8.72421759044094357e-05
-1.42631956375321572e-04 -8.07631532502718874e-05 2.84875263472496667e-04
1.26743645324275804e-04 7.77143547204499753e-05 -2.73435193000737774e-04
3.34181516857919871e-04 -2.45578891571040295e-05 -1.07604111827550009e-04
3.26095222582592915e-04 -8.71144215881688143e-05 1.22275899423819335e-04
2.89185661368964223e-04 6.23392423121611679e-05 -2.23459348421893404e-04
3.59711006352718941e-04 2.79208841372974019e-06 -3.30002514092913573e-05
-1.27316840473075345e-04 4.96011130631440064e-05 -2.29641082193879516e-04
-3.38599298146074860e-04 -1.19673155662202696e-04 -3.33705726150344232e-05
-3.10560290635220082e-04 -1.57743423757849378e-04 1.51066274847212067e-04
-3.06226288578249775e-04 -1.44226159293253919e-04 -5.35539349822330280e-05
-2.43316280842647951e-04 -2.29000549681131324e-04 1.14290839797641643e-04
-7.65186369066662568e-05 2.81270156363420207e-05 -3.58675576237046066e-04
1.22108058376536844e-04 4.04002136377181451e-05 -3.14237786307800643e-04
4.15951330616902239e-05 -6.76350759034263923e-05 -1.97935984841861838e-04
-4.99995394659587752e-05 -1.28048513511620071e-04 -2.12495131062330386e-04
1.30621662253423360e-04 -2.31454906032334848e-04 3.30082533478906763e-04
2.67248486485890282e-05 -2.06039979164825214e-04 3.10276547680048565e-04
1.71651416160876038e-04 -1.94636888917874026e-04 2.67399656819774872e-04
-2.15035616973005078e-04 1.21552575293223844e-04 -3.52545448272448194e-04
