3.85774840087576010e-02 -1.29039537421370420e-02 -2.24518114178593464e-02
-3.31165054459958696e-03 7.64593368455557254e-03 1.30296010809840546e-02
1.92069444239280074e-02 -8.74259198189397679e-03 -1.03233763032921644e-02
-2.75205425416196192e-02 3.35295889523035129e-03 1.75686949950537574e-02
2.18658639244331265e-02 8.42657300247573460e-03 -3.98902435617287665e-03
-3.86255284270642374e-03 -7.17596551004007210e-03 1.19538691757359317e-03
9.43317232958040819e-03 -1.27260659907104667e-02 2.71526208311900774e-03
-1.83559150419894124e-02 3.51743913202806624e-03 -6.37999933042543432e-03
4.02440367967304979e-02 -1.58005894742228037e-02 3.50414614193148566e-02
-2.10417243768201701e-02 -9.05930558391859764e-03 3.12074758711222700e-03
2.02056470450640013e-02 9.29420251442203416e-03 -1.36825719368509624e-02
-2.65287913001586162e-02 -4.14925168537916278e-03 -3.46060650628343680e-03
2.96025390253937815e-02 1.99361315200125011e-03 -1.27640813831277899e-02
-8.05737145637763774e-03 9.87903649059673761e-03 1.63761925423253629e-02
-5.52565743165978063e-04 -7.45563648873570628e-03 -4.45395279747229367e-03
-2.22799354114791015e-02 3.13452951160159143e-03 -2.65989703452769177e-02
1.37668870327676274e-02 7.22684363941716867e-03 3.04911706705182084e-02
-1.60457701467127123e-02 -8.36642598588532849e-03 -2.83475561687799860e-02
1.32108367253169767e-02 7.58056655851824246e-03 1.41626288609359996e-02
-4.81152291193871484e-02 2.70743663716923599e-02 -1.51331227588133999e-02
2.30138841185474341e-02 -4.01439015930193932e-03 -1.03020319128059867e-02
-2.79903580330231883e-03 -2.09940095949789907e-03 6.38645250615521576e-03
1.01785788307218183e-03 -4.13831004930642621e-04 -4.25137219325044668e-03
-3.32606961213421926e-03 4.47736939049825367e-03 1.12043249383102506e-02
3.16628153644802346e-02 4.91921993188793039e-03 -1.71590184864101047e-03
7.22359745683576193e-04 1.06346900135356748e-03 -7.77677923652220215e-03
-2.69013123435180024e-03 3.85501596353954312e-03 5.48497848088969064e-03
-3.07938093059125784e-02 1.30985679815079914e-02 3.42478112034250159e-05
-4.31448862816419254e-03 -4.09854111352447870e-03 6.79272499533745133e-03
4.07736321262452961e-04 -1.91613854251759808e-03 6.04229765580033273e-03
-6.65082262498506438e-03 1.91806489702035787e-03 -2.99151205679775573e-03
1.44977419670500041e-03 1.60570483228594796e-03 -8.79488570524555868e-04
2.48936464394322599e-03 2.03142156934621454e-04 -8.84210978238586520e-03
-6.79133625644734451e-03 1.53524750999611825e-03 1.00935077475183821e-03
-3.34526967367798633e-04 7.42234350405174270e-03 -1.93862440936576341e-02
-2.11480892069588755e-02 1.19829113783018748e-02 -7.84085509343823706e-03
1.16015009656771362e-02 6.12026520624686654e-03 -2.16520618675630772e-03
4.90898407976558815e-05 3.72365705603283637e-04 2.87103028378821179e-03
1.95600496475079044e-03 -5.24762986313875857e-03 1.36151775100175065e-02
-1.75255281921167239e-02 -1.19250454997503752e-02 1.00720331217780679e-02
-9.21691664940826882e-04 1.36052321810897769e-03 -7.59449545289392347e-03
-4.40037260782677464e-04 -1.06789142138197235e-03 1.24063033280252810e-03
5.67917702589593176e-03 -3.12195547500815351e-03 -2.11563553456223241e-03
-8.59853857055337123e-04 -4.20822004554433082e-03 2.15688096608448454e-02
1.90421574934163118e-03 -4.58743879159458079e-04 -1.42359762075838781e-03
4.10757769455560862e-03 2.37173368325982459e-03 -2.34717166642410824e-02
1.01398176554750030e-02 3.87659254098648987e-03 1.74942481568618469e-02
-7.92839181205984289e-04 -2.35047095974660891e-03 1.77020163891761229e-03
3.22619288659082848e-02 -1.88306152355685041e-02 1.49723911806551868e-02
3.06862751135916767e-03 1.06619121594486721e-03 3.87210627868395107e-04
3.38066882820786674e-03 2.92223039408678886e-05 -6.17270584311846449e-03
-1.87794843326898331e-02 -4.79745659703945115e-03 1.38817831993209850e-04
-2.17442982464743917e-03 -3.57968293805259463e-03 -5.43533463953682627e-03
-1.66843869608654938e-02 -8.57304284098336922e-03 5.30339889335706971e-03
-8.13561989585354084e-03 6.65187539645772929e-03 1.46310303700492028e-04
-7.42452636135482180e-05 -7.38163829128168913e-06 -3.14186061809884620e-04
