-3.88108944282189380e-02 1.28645720076710508e-02 2.18175372658701086e-02
3.07028961556239698e-03 -7.87547922298412716e-03 -1.32392309225289918e-02
-1.96135038739037558e-02 8.43127769696701453e-03 1.04268908485010813e-02
2.72525528817755928e-02 -3.76428187695346597e-03 -1.75405020177241203e-02
-2.18873055881277541e-02 -8.95550006256180114e-03 4.01649651803858213e-03
3.89826800282727388e-03 6.80295547046487221e-03 -1.15416419571111621e-03
-9.21651080448824579e-03 1.20113649281782947e-02 -2.79602999582777463e-03
1.85365810444664582e-02 -3.83735864516402368e-03 6.17770129276667187e-03
-3.97088987971983415e-02 1.55867581914523479e-02 -3.52920282757385878e-02
2.15791025973272599e-02 8.87741384482776744e-03 -3.15843401380765196e-03
-1.99058142330357339e-02 -9.30717835091570897e-03 1.35789482082267366e-02
2.62663137127656758e-02 4.05261229227658372e-03 3.53244197982659994e-03
-3.02111323553351033e-02 -1.90736449886629196e-03 1.28507698304859592e-02
7.44392325953411975e-03 -9.87896974445533378e-03 -1.62466924305139267e-02
3.49471840019081165e-04 7.66995536269702866e-03 4.33543133474010352e-03
2.25680480899958479e-02 -3.01918654708519928e-03 2.66420468466761901e-02
-1.31858839886428748e-02 -6.92395917556845077e-03 -3.05591845482511039e-02
1.65251177691282149e-02 8.67194625418313964e-03 2.83000390102882519e-02
-1.31932461971580890e-02 -7.20845635898269797e-03 -1.39782023517375804e-02
4.80544349353084418e-02 -2.68823233359357129e-02 1.56819529098557731e-02
-2.30788990617603156e-02 4.26967002200953107e-03 1.06788333436276771e-02
2.62073253256733677e-03 2.53119449990431202e-03 -6.15170695765672893e-03
-1.20356584953136688e-03 7.67980301475707384e-04 4.27754185297283315e-03
3.15951993231549256e-03 -4.02084906152686775e-03 -1.11939984474333232e-02
-3.18858344544194414e-02 -4.50019529850269068e-03 1.17787962719710562e-03
3.84192050153479023e-04 -1.54458326786485745e-03 8.76990814301426003e-03
2.57227067066768391e-03 -3.84044637184219155e-03 -5.85461921377830770e-03
3.05831908246073300e-02 -1.30633449510309408e-02 -3.53598994945621332e-04
4.23998265793497017e-03 4.10752909523886406e-03 -7.20992423479137855e-03
-6.51015971532120500e-04 1.78816150574403554e-03 -5.79970870120390114e-03
6.33181978641929755e-03 -1.99718371472427155e-03 3.05419163343557390e-03
-1.62480927342160161e-03 -1.76138463243503181e-03 9.11321765971941566e-04
-2.69713817952531992e-03 -3.99339080657458976e-04 8.73143307735248404e-03
6.91471220695746847e-03 -1.76355025078067532e-03 -1.04507748464067801e-03
5.81788127683822466e-04 -7.45363676241320161e-03 1.91015788284523702e-02
2.13876048210103649e-02 -1.20842168686665467e-02 7.70355801223572383e-03
-1.12853972668399086e-02 -6.13826738948450995e-03 2.07796401085189823e-03
9.35421155776656901e-05 -2.91602552353011763e-04 -3.15590554726070862e-03
-2.08274861007506614e-03 5.16991550841830894e-03 -1.33417423170167689e-02
1.71913466752588034e-02 1.19496033889074788e-02 -9.96442900995051818e-03
5.95596442358233913e-04 -1.27340879652080891e-03 7.47221955347010438e-03
1.50851599413713241e-04 1.00555217906981111e-03 -1.01717098438063470e-03
-6.03888803224865087e-03 3.11916338659442389e-03 2.14863578597152384e-03
9.87170697528412522e-04 4.15861893248118709e-03 -2.13391685786509661e-02
-1.56561645119555632e-03 5.78417034821660761e-04 1.45696819337342220e-03
-3.79701740392038864e-03 -2.21399025950197535e-03 2.33206503893938696e-02
-9.83359136689675346e-03 -3.73236638169323603e-03 -1.74406942218796150e-02
1.03615546204863219e-03 2.57947150942774029e-03 -1.88449247871525383e-03
-3.21854102290016209e-02 1.88024882199321619e-02 -1.46137156044181399e-02
-3.19073556973570446e-03 -1.10659142958258530e-03 -7.29728415605944642e-05
-3.42226396126955705e-03 3.84127719625585037e-05 6.37064182796032597e-03
1.88294838721557931e-02 4.92550511055107106e-03 7.36772990691205354e-05
2.04380816239401603e-03 3.81113784408492959e-03 5.10525210605791962e-03
1.66576621122169061e-02 8.77908282014819470e-03 -5.61367544103711855e-03
7.96396847969266415e-03 -6.45723850753985532e-03 -4.13709960520266900e-04
2.89280880586553269e-04 -1.14170937001942154e-04 6.66731510082332760e-04
