3.62329803231012241e-04 -3.37032946192055230e-04 4.46215979666389918e-04
3.52913003895137902e-04 3.57473791943804125e-05 1.49900792689210670e-04
4.40457579721635390e-04 2.04745658386112141e-04 -1.38551277201556301e-04
4.08365729191299516e-04 2.69478255739535638e-04 6.73980305401519884e-06
2.22768555365098723e-04 4.29987144444800252e-04 1.48105516616689145e-04
1.26741542805998376e-04 3.29500858419494490e-04 1.21774569903878148e-04
1.23100648447931592e-04 6.09878636585325907e-04 3.88673071712899749e-04
6.94343110071551960e-05 2.23301416730639792e-04 3.53382395451408665e-04
-2.83654876122689525e-04 2.07812172860167215e-04 4.96452748412205239e-04
-3.76317140834038207e-04 2.94146077537802905e-04 3.11492393517761310e-04
-2.21838695209938634e-04 8.44915171046616226e-05 2.12349239238364331e-04
2.39118390483470912e-04 8.60031796670393262e-05 -1.37369615715790018e-04
4.89260924351544459e-04 -2.23100470811598287e-04 -3.47746836254906699e-04
5.12314506672457829e-04 -1.24456548894542044e-04 -3.62287158852652369e-04
1.14170059513536460e-04 -3.18286099698465014e-04 -6.15307829677103085e-05
-3.02173118541442052e-04 4.84171504189706353e-05 4.44379036505139971e-05
-6.31387164304137100e-04 -1.12859483380198103e-04 1.94861099942252638e-04
-5.50996252241215323e-04 -1.45019866548306772e-04 1.21560828679484457e-04
-2.26441593842638714e-04 -2.25898234622825682e-04 -2.88238597605095848e-04
-1.59495365371501477e-04 7.22402196031559718e-05 -5.67882417536561554e-04
-1.34372575268054120e-04 -5.52743605487864643e-05 -4.36380109274014960e-04
-9.05204893735259765e-05 -2.86979220003488549e-04 -4.15839133791281589e-04
-4.39251115519808268e-06 -3.38767157453410516e-04 -2.16370917453352185e-04
-6.11913816379314391e-05 -4.19025907022359733e-04 -2.37576031406726697e-04
1.36489456450871539e-04 -6.69468956799913056e-04 2.22282367910520758e-04
-9.38849889172209016e-04 1.21402149413561743e-03 -3.00978866798749616e-04
1.79814040574364083e-04 -2.23242172590893144e-04 2.63427647743326909e-04
2.32030670724020011e-04 -2.39302412050654821e-04 1.74668230364066448e-04
1.49902561354272245e-04 -2.32929224163538635e-04 3.23585784951524230e-04
1.98665406247728406e-04 1.60999846273023793e-04 -2.49989568456781967e-04
2.92351802234386391e-04 7.12906333099019743e-06 -1.55481633662422647e-04
2.13238746236820039e-04 9.08606332297468575e-05 -4.89730284083436979e-05
2.89607300094301345e-04 4.63953977697963138e-05 7.30087748889295010e-05
-1.11165461305111112e-05 2.08114397666712161e-04 1.48049453373771771e-04
-1.39723886935589172e-04 -2.60037238827555786e-05 3.42336062245223783e-04
-1.25967109443444157e-04 1.07896742040962840e-04 2.68165393663994420e-04
-2.33105466284205744e-04 8.18500910113197208e-05 1.96428729739385493e-04
-8.35065735100650776e-05 -1.73845712479011200e-04 2.81293540157388983e-04
7.04320570576233890e-05 1.78265670685337821e-04 -2.44883236669358854e-04
2.49145798975733705e-04 -7.50158147759233108e-05 -2.29636747881096077e-04
2.70789646118376316e-04 -2.27608480958801777e-04 -5.13176820964722440e-05
2.34930903836392776e-04 6.51058179051492016e-05 -2.90176758695064952e-04
3.09504249501723315e-04 -9.73480049742848495e-05 -1.71842668478438198e-04
-1.30726837640147438e-04 2.14147478432528818e-04 -1.12512517738635597e-04
-3.57830897533642413e-04 2.38777493299920329e-05 6.87072354582358400e-05
-3.08144977312402335e-04 -1.16817490783890392e-04 1.94698191444299092e-04
-3.39482049980206822e-04 -5.53160502722418954e-06 2.73560981432222075e-05
-2.86150414257479654e-04 -1.74207279607515019e-04 1.17091829237837773e-04
-1.33712492433567498e-04 2.03028902391994714e-04 -2.76259773866687473e-04
5.79675460909432672e-05 1.40686883399110103e-04 -3.05175718721701760e-04
-3.86072327772583976e-05 2.37536379335123518e-05 -2.10343608404661681e-04
-1.56771336720275029e-04 7.97205701898384996e-06 -2.04213342679024037e-04
8.00061638603997830e-05 -3.88885342933624370e-04 1.49953178688814971e-04
-1.43049977671444093e-05 -3.31453673856929836e-04 1.86570502445629100e-04
1.21626581718763184e-04 -3.39051980054480432e-04 9.47682668418916121e-05
-2.06696113962538111e-04 2.37556640868612803e-04 -6.67795992160489778e-05
