-4.34586460721142487e-04 2.34370282115037298e-04 -6.20557272529964621e-04
-3.17905478770974526e-04 2.23367826350906462e-04 1.06830558799675401e-04
-4.09730162168386869e-04 -2.54273961928230818e-04 1.19286994765488430e-04
-3.71929006247384564e-04 -2.55958922514398779e-04 -1.59660743077605360e-05
-5.77521434259153921e-04 -5.90248139943128081e-04 6.97787771493096898e-05
-1.12690554026073642e-05 -3.23917849136989844e-04 -1.58015729571303609e-04
2.39751167781854235e-04 -7.66931487147459734e-04 -3.41095179033246154e-04
-2.13366398306602534e-04 3.16104850161202933e-04 -4.78589383214433894e-04
-1.69402973863341799e-03 5.45538824608282624e-04 3.19598589195990712e-03
3.93079679815855343e-03 -1.32578614216050106e-03 6.94175150913522998e-03
1.46996972194224362e-03 9.52883254605518815e-03 -8.55758906789727547e-03
-1.21097703430983472e-03 -7.55007884341907243e-04 3.27661630956654903e-04
-2.72129145217903101e-04 6.49666387067426854e-04 -2.72872416237746052e-04
-5.82634799830117345e-04 6.56726905123861115e-05 4.27548796984922319e-04
-3.80274407285163818e-04 3.56612693112268175e-04 9.84470190730224459e-05
4.25136392077973824e-04 2.03392598742113684e-03 -4.35645263890532819e-04
7.12537370240795553e-04 6.08146630298622703e-04 -4.04896007446531314e-04
4.91252019431343001e-04 1.15816816991909377e-04 -9.33638099150924106e-05
3.68294405006963643e-04 1.70330764591497541e-04 2.35560823825586851e-04
1.38070379254395803e-04 -1.02544146455052498e-04 5.27234884705407580e-04
1.42151313927918466e-04 4.04517685024252671e-05 4.19632472894448938e-04
1.03331518214844209e-04 2.34759027964770439e-04 4.37801745333032954e-04
4.00417714807588254e-06 3.41987956510081403e-04 2.22082484530261581e-04
6.29028675129816861e-05 4.13361480269713866e-04 3.03379999490427377e-04
-1.60221849613950695e-04 7.99771674310889580e-04 -3.03397374460168123e-04
4.58145254165032156e-03 -3.17052880194239606e-02 -9.95060506865463879e-03
-2.52476447369254231e-04 2.66586851932648639e-04 -2.95548791317656878e-04
-1.53897681754333604e-04 2.38057239441147317e-04 -1.48993541192854462e-04
-2.39395186459046005e-04 2.87841593917814720e-04 -2.93815241499739699e-04
-1.84948885716296196e-04 -1.15608496334074218e-04 2.55305382296011629e-04
-2.69842084043681041e-04 -3.29782587065174937e-05 1.52610530925301191e-04
-2.15595059481543672e-04 -1.03217186365078817e-04 1.74307786189320524e-05
-2.73426374773233505e-04 -4.79784735084587410e-05 -1.09184765243020010e-04
-4.11415239633949881e-05 -2.45433887282597851e-04 -3.61014679500781810e-04
-6.56753570244861251e-04 -1.44385863640561496e-03 -1.98315820129213449e-03
2.55252554217921812e-03 -3.24968618484744454e-04 2.40938793669220885e-03
-3.92436896885062225e-03 9.02579627743732571e-03 -2.69958419644478198e-03
-6.53951119715334706e-04 1.61941780145502534e-03 6.15719311923612622e-04
-2.97487126395268309e-04 4.09933921010185998e-04 -3.47778742355586701e-04
-1.83578488377023064e-04 -5.66343839645266911e-05 1.81626171690707494e-04
-3.75756362139600952e-04 3.93769688650902339e-04 1.51475665963851647e-04
-2.35715174421669005e-04 -7.50786988890084217e-05 2.84394829384915226e-04
-3.10802760270956213e-04 9.90938518725670292e-05 1.36558969922706552e-04
-1.79512458081787507e-04 1.07383197390475971e-03 9.28572680932937544e-04
2.74884271306063965e-04 -5.79500218884643203e-05 1.23145593733942071e-05
2.22809643829480208e-04 1.41072434138855840e-05 -8.32152277174813548e-05
3.35563750736067590e-04 -2.28266552038114412e-06 -1.33737243745990497e-06
2.87548177130947380e-04 1.75397739361482508e-04 -1.13654376264094026e-04
1.46021365758253197e-04 -2.46413294017866491e-04 2.49748259733451050e-04
-5.60235734889946713e-05 -1.45030211679220145e-04 2.97204348976620736e-04
4.17013876587296606e-05 -2.84703905795713474e-05 2.06800808470575248e-04
1.50568832444353262e-04 -1.10915785688919799e-05 2.07596285900502053e-04
-5.47299659969802121e-06 4.21687517158764180e-04 -1.13411280861175356e-04
9.30615515737365229e-06 3.03980937775616411e-04 -1.68807488075017886e-04
-1.04281279134976756e-04 3.23933607309978555e-04 -5.49782304185009174e-05
-1.49788401849448860e-03 7.70894457728621418e-03 8.92679478334312826e-03
