7.22566574901302460e-05 1.02662664077017931e-04 1.74341292863574703e-04
-3.50075251241633765e-05 -2.59115205545286875e-04 -2.56731351488886071e-04
-3.07274175532485207e-05 4.95283035421186771e-05 1.92642824360678708e-05
-3.64367229439149527e-05 -1.35193332251368594e-05 9.22627125374533720e-06
3.54752878894055198e-04 1.60260995498327828e-04 -2.17884293765998834e-04
-1.15472487403391012e-04 -5.58300928250464630e-06 3.62411596674254611e-05
-3.62851816229785827e-04 1.57052850562133827e-04 -4.75778926796535944e-05
1.43932087299447338e-04 -5.39406266891842697e-04 1.25206987763025229e-04
1.97768461475610752e-03 -7.53350997468449812e-04 -3.69243864037211225e-03
-3.55447965732451528e-03 1.03164006462269815e-03 -7.25324390265299091e-03
-1.24813102673230493e-03 -9.61332406315985009e-03 8.34523982865891141e-03
9.71858643826363782e-04 6.69004704674867889e-04 -1.90292015240864885e-04
-2.17131779133641358e-04 -4.26565916255828540e-04 6.20619252492652751e-04
7.03202931576595155e-05 5.87838583821559326e-05 -6.52616381322699505e-05
2.66104347771627331e-04 -3.83265934138031614e-05 -3.69162361053121374e-05
-1.22963273536531772e-04 -2.08234313784010734e-03 3.91207360240018829e-04
-8.11502059366584535e-05 -4.95287146918424546e-04 2.10034907504278676e-04
5.97442328098723215e-05 2.92030495563973952e-05 -2.81970187643920461e-05
-1.41852811164324929e-04 5.55674700313281411e-05 5.26777737795089971e-05
2.14249861171056735e-05 3.03039268518965265e-05 4.06475328311539739e-05
-7.77873865986434578e-06 1.48225920463611972e-05 1.67476363795660216e-05
-1.28110288413182325e-05 5.22201920387181098e-05 -2.19626115417513655e-05
3.88334007122200134e-07 -3.22079905667088705e-06 -5.71156707690939668e-06
-1.71148587505024700e-06 5.66442675264586769e-06 -6.58039680837006801e-05
2.37323931630791559e-05 -1.30302717510976523e-04 8.11150065496473653e-05
-3.64260265247811233e-03 3.04912665252883436e-02 1.02515839354533882e-02
7.26624067948901484e-05 -4.33446793417554947e-05 3.21211435743299690e-05
-7.81329889696864073e-05 1.24517260950750362e-06 -2.56746891712119859e-05
8.94926251047737601e-05 -5.49123697542760851e-05 -2.97705434517845312e-05
-1.37165205314322095e-05 -4.53913499389495755e-05 -5.31581383922966272e-06
-2.25097181907053497e-05 2.58491953755272963e-05 2.87110273712145648e-06
2.35631324472363292e-06 1.23565531353319593e-05 3.15422497894116455e-05
-1.61809253210678399e-05 1.58307573866242721e-06 3.61759903540905090e-05
5.22580700939061026e-05 3.73194896158856898e-05 2.12965226127010039e-04
7.96477457180450477e-04 1.46986236028837048e-03 1.64082213904691082e-03
-2.42655843273577396e-03 2.17071876443781614e-04 -2.67755333035620338e-03
4.15747443513482789e-03 -9.10764636844864535e-03 2.50315546670539651e-03
7.37457693225399783e-04 -1.44557208897601406e-03 -8.97012852081001660e-04
2.27055069337644933e-04 -5.88199591695523819e-04 5.92661979024945501e-04
-6.55673105987106416e-05 1.31650198740450015e-04 4.80105761903885833e-05
1.04966716021224636e-04 -1.66161207692100562e-04 -1.00157983867379410e-04
7.84270585276229063e-07 9.97288098385922005e-06 5.78192931014972523e-06
1.29851076923289841e-06 -1.74584689828217966e-06 3.52836985557316457e-05
3.10239295721934918e-04 -1.28797945233728858e-03 -8.16060163194302001e-04
8.29466262275784481e-05 3.40722725584722874e-05 -8.10217948316300471e-05
8.53353334829221261e-05 1.02710247370004808e-04 -1.11482963726817737e-04
3.91829924413923236e-06 7.81427054760533366e-06 -2.60187257057623025e-05
-1.39776287346772554e-06 -1.19045975396748853e-06 -3.43745297374374755e-06
-1.23088733246856988e-05 4.33843916258717769e-05 2.65115141332364227e-05
-1.94397260194859598e-06 4.34332828011004110e-06 7.97136974508102407e-06
-3.09415488147126295e-06 4.71675264605899569e-06 3.54279993408643311e-06
6.20250427592176651e-06 3.11952154990812994e-06 -3.38294322147801650e-06
-7.45331672607017618e-05 -3.28021742251398104e-05 -3.65418978276396147e-05
4.99884260977075698e-06 2.74727360813134254e-05 -1.77630143706112133e-05
-1.73453025837864272e-05 1.51183727445018765e-05 -3.97900364233906947e-05
1.70458013245702671e-03 -7.94650121815482745e-03 -8.86001518412707877e-03
