3.95593793158334820e-04 -3.12165707726347894e-04 4.62913869467264101e-04
2.19217562663049249e-04 2.01267496576559856e-04 7.21876635681161232e-05
4.53530423592674449e-04 2.66003373619127614e-04 -6.88363834801631409e-05
4.00389513014270623e-04 2.48872950730026252e-04 1.12142536293009728e-04
1.55171036971442626e-04 4.20873048508940836e-04 2.76473602378583274e-04
9.88919240871421058e-05 2.79302749656003605e-04 2.60582177271513583e-04
-2.69670622636469711e-05 6.80726115932789072e-04 3.39567443933834825e-04
-1.01793260087209154e-04 3.58590556660480779e-04 1.28756489244100173e-05
-3.64084320202052298e-04 5.13240181098888150e-04 -8.79214783244866007e-05
-3.42794136292528368e-04 3.03113841165273540e-04 3.01709521905154721e-04
-2.46623864979059421e-04 8.72932614701512277e-05 6.92312948673363873e-05
1.69684560699619516e-04 1.58295411906438430e-04 -1.92013472195265574e-04
5.45977206217726279e-04 -1.98592790999069289e-04 -3.13924386409976863e-04
5.49314510052707500e-04 -4.56124593621969111e-05 -2.52710783722241575e-04
1.08938621262884175e-04 -2.11642457263690295e-04 -3.38200409000364007e-05
-3.44361658593142104e-04 8.35852362560661228e-05 -1.50010210235751288e-04
-6.39948860561690368e-04 1.69831631491692130e-05 -2.19343553863971502e-05
-5.45004461984823635e-04 -3.43615040183409100e-05 3.70414183963744785e-06
-1.44386042844856118e-04 -2.03131535815950478e-04 -2.71096936075631743e-04
-1.85099558914654980e-05 2.51362252744376856e-05 -5.69725637474806324e-04
-4.30797490673542584e-05 -1.02199415906460356e-04 -4.12452371119174184e-04
-7.43750278053194672e-06 -3.76947805128714872e-04 -3.65937057958882908e-04
1.29015703038097489e-05 -3.67188040614480917e-04 -1.49758512823260770e-04
-3.46099113805690899e-06 -4.32306371275869347e-04 -1.58647564771655807e-04
1.19414036460968432e-04 -6.26799267054578037e-04 2.52968840843184367e-04
-9.98858660556459395e-04 -2.56449092406217237e-04 1.13578306251269187e-03
1.64875527954006857e-04 -1.92674094688459458e-04 3.04939727896487173e-04
2.34901716570275535e-04 -2.23115974049962535e-04 2.10285377110483191e-04
1.47261300644226459e-04 -2.23553051362638568e-04 3.18417360691709123e-04
2.37338941389136535e-04 1.98389956653952006e-04 -2.10081596293422391e-04
3.24132446202116684e-04 4.70780492842986665e-05 -1.11004224535775182e-04
2.28126953967878641e-04 1.06749093617451726e-04 3.29772558344518860e-06
2.71003792738705592e-04 2.01005603728427877e-05 1.19490519038164224e-04
-7.72719635965554523e-05 2.26347562800117280e-04 1.21978672951311514e-04
-2.08397144096140595e-04 2.65044325078623991e-04 -6.03391326356869924e-05
-1.61424180567860650e-04 2.97908629375175939e-04 -1.54892460196125382e-04
-2.04086632384332207e-04 -5.21568738104875835e-06 1.96460545446257252e-04
-1.03468086631608441e-04 -1.70068490210664784e-04 1.68942409108529981e-04
5.77799834186391148e-05 1.95855289166501224e-04 -2.55474873822713678e-04
2.88257184890809682e-04 -6.77757235974230224e-05 -1.91311962032722174e-04
3.08044316107982611e-04 -2.12341108250137890e-04 -1.40135440328597836e-05
2.55373237187939844e-04 8.99296909101372609e-05 -2.32965469835377868e-04
3.34556970891394096e-04 -7.35679229555437201e-05 -1.12771995827187633e-04
-1.39924943915831549e-04 2.25152216241137032e-04 -1.75974483737103481e-04
-3.23174511236573494e-04 9.43029365612095598e-05 -2.99506506811930620e-05
-3.41682543821345648e-04 -7.83207160335848505e-05 5.65856950292546366e-05
-3.15533508601517892e-04 4.21278654410187404e-05 -5.70992984605476751e-05
-3.19469792732045114e-04 -1.36266419302687582e-04 6.51854652071416689e-05
-4.19351233305799583e-05 1.84507901610282866e-04 -2.99683408077711295e-04
1.32894509306066442e-04 8.21050281294465945e-05 -2.80161774008415700e-04
-2.68130648304075072e-06 -6.63900991230715177e-06 -2.12324287611515640e-04
-1.22574915375445821e-04 -1.19990155639667259e-05 -2.22328980794198126e-04
9.50122919427320650e-05 -3.77653839283056882e-04 1.48437288608236744e-04
-3.88116226395530126e-05 -3.20351273053399359e-04 1.92619996625394672e-04
1.07242558838357996e-04 -3.26495882223815754e-04 1.41643221311750066e-04
-1.88079687879590297e-04 -1.25448061805934755e-04 3.20743525047384546e-04
