6.07486706855731029e-04 -4.95017138167153092e-03 6.16881099391974885e-03
-3.40125696951165679e-03 -3.09910657305323411e-03 2.62080560688282560e-03
5.28433108341452851e-03 1.48211399415609790e-03 -1.16320859904304186e-02
7.10320688648913290e-03 -2.24465771024862093e-03 2.53601643855816405e-03
-9.09346146034906155e-03 -1.62892068354700825e-02 -1.67874323072991771e-02
1.03241841578602944e-02 2.76808061522011428e-02 2.93420136055644321e-02
-4.29971741907708704e-03 -2.87913033146125485e-03 -5.80887859889767100e-03
-2.52620085137262862e-02 2.68238461003651452e-02 4.45851318064818258e-02
5.73385315392318518e-02 -2.47487873386447177e-02 -4.69678059031859441e-02
-4.97312964528315860e-02 4.34886103880023356e-02 -1.13705461714550538e-02
-1.41301345819773161e-02 -1.66464707302671489e-02 4.36972333339724628e-04
-3.17187512562533414e-03 1.25724993968439058e-02 -3.64481187308740573e-03
1.17517348176683356e-02 -4.28288758946893111e-03 7.14208003766536592e-03
3.42908004829745039e-03 -5.39065265670712890e-04 -1.13976502269714786e-02
1.04911745223379427e-03 4.62641479264558342e-04 1.29665236541542939e-03
2.26545587202853227e-03 8.10942110814849570e-03 -6.13971371702604074e-03
-7.53270807825501265e-03 4.30986046145953594e-03 1.05347496532564033e-02
-1.00043777206710871e-02 -5.54896895267242840e-03 -7.09996209135654865e-03
3.77032223033868519e-04 1.16203281949722736e-02 4.21021053981629478e-03
4.80830756121819469e-03 1.28349282578978929e-02 -2.90184929185244300e-03
-8.02754976058928094e-03 2.62441378185829244e-03 -1.16915599711973073e-02
-3.16592177969776678e-03 2.03908193971233942e-02 -1.20262497528615953e-02
-4.73789695614845741e-04 -4.03976424756358199e-02 -1.57636243910275198e-02
9.97115706297790894e-03 -1.92202410330999385e-02 2.83714364339919811e-02
-1.05058266745006179e-03 -6.81121333926526518e-03 4.52364363122370605e-03
1.15914845884859119e-02 -2.40571706094874216e-02 1.82559577363257119e-02
-5.80587624077755216e-04 1.37664855826016841e-04 -4.86725697841006166e-03
-2.74370548725189067e-03 2.46329481490570323e-03 -1.02429111035473586e-03
2.07891680922295263e-03 2.36100571165076545e-03 -2.25816880673401776e-03
-1.35343017117706133e-04 -2.00270721998929702e-03 3.66616036678379942e-03
-3.06314466475399172e-03 1.47624256435618939e-03 2.13980748500519624e-03
-2.87433843970053005e-03 -2.38754575371835642e-03 -7.24124426590866399e-04
-2.18885403930313416e-03 8.59194255445894228e-04 -3.20496170275230696e-03
4.62066910252478813e-03 -5.10911537141600647e-03 -1.53603576749272719e-03
2.34125217518865725e-03 -3.07080363330580752e-03 5.56543184495911225e-04
-1.13612835108634069e-04 -9.63146433404116209e-04 3.48690298736364923e-03
4.96683900088268349e-03 -4.27545110237048664e-03 -2.02920421348218305e-03
1.70613746619863171e-04 2.71639600848905260e-03 -2.12771630540653511e-03
-3.93170127916786516e-04 -9.67168404219176381e-04 2.36524013857053461e-03
-3.60570164344320432e-03 2.75684082308991218e-04 3.00749810665301709e-04
-1.85331619639850231e-03 2.82701812387653462e-03 -2.91650442853863545e-03
-6.70090991483185405e-04 -1.41927618190851312e-03 3.10294762762808318e-03
-2.94044720140718141e-03 2.28810155642489299e-03 1.91639876321714198e-03
-2.58755001525723394e-04 -2.69899077818447353e-03 1.84463792864031362e-03
3.64421578578077998e-03 -1.97404964813197026e-03 -7.27553432060656924e-04
2.09505633746243092e-03 1.67689378373969689e-03 -3.92446986166739009e-03
3.40237407749155452e-03 4.53006309968806420e-04 2.95500610266419272e-03
3.42244767374966230e-03 3.72419973847737396e-03 -4.94085517753761749e-04
6.42556016811846042e-04 -4.36580443746237279e-03 1.19540956940022980e-03
-4.19181795009304636e-03 -1.80421803387531554e-03 1.07011491658903779e-03
-8.34525592590007470e-04 1.19125821524051958e-03 5.04749548519267677e-03
3.35108129089656259e-03 1.76381327153543599e-03 1.75008586787184228e-03
-1.74797361740797186e-03 2.91313915214752583e-04 -3.76854764353673488e-03
2.40523576123341520e-03 2.49143753662606215e-03 -2.86350646269406539e-03
-2.25680405286476926e-03 3.95143827185950869e-03 -1.28399281479335547e-03
1.07090293173772722e-02 -5.12472303115435457e-04 5.56689233602858380e-03
