-1.00308050001406590e-03 5.26233708939787860e-03 -6.63172486338701322e-03
3.18203940684860754e-03 2.89783907647667410e-03 -2.69299327045094189e-03
-5.73786150700720306e-03 -1.74811736777522563e-03 1.17009223739105821e-02
-7.50359639950340385e-03 1.99578475951859473e-03 -2.64815897485117359e-03
8.93829042337761920e-03 1.58683337869611404e-02 1.65109587049205933e-02
-1.04230760819474366e-02 -2.79601089018571454e-02 -2.96025957828359443e-02
4.32668448134073368e-03 2.19840421552846589e-03 5.46931115496383617e-03
2.53638017738134942e-02 -2.71824366570256257e-02 -4.45980074554062356e-02
-5.69744472190297988e-02 2.42355471575458302e-02 4.70557273815104329e-02
5.00740905891241123e-02 -4.37917242291676057e-02 1.10688366495498985e-02
1.43767584469563763e-02 1.65591774687969991e-02 -5.06203628207061015e-04
3.00219056492571478e-03 -1.27307948087503446e-02 3.83682534528267125e-03
-1.22977120238860621e-02 4.48148038046800035e-03 -6.82815565125538884e-03
-3.97839455835015746e-03 5.84677725032909821e-04 1.16503610106937199e-02
-1.15805607349667855e-03 -2.50999022000868047e-04 -1.26283232451539305e-03
-1.92109421343539017e-03 -8.19300634440456137e-03 6.28972392726179219e-03
8.17265693881670356e-03 -4.32684362460870539e-03 -1.05128152978700064e-02
1.05493821826559107e-02 5.58333045669076947e-03 7.09625794951691119e-03
-2.32646180189012401e-04 -1.14171966591563225e-02 -3.93911360374066266e-03
-4.78979760532672900e-03 -1.28600644831723312e-02 3.47157492932724954e-03
8.07062950965663564e-03 -2.52221436595183226e-03 1.21040123423164815e-02
3.17335928247829873e-03 -2.00138715919946780e-02 1.23921868108204779e-02
4.60888125311035971e-04 4.07648305162503014e-02 1.59133829038507792e-02
-9.96769607183985162e-03 1.96525474043758065e-02 -2.82127888692203267e-02
9.31168630989093345e-04 7.43801260631984321e-03 -4.77661247206689031e-03
-1.05926259279294534e-02 2.43136197018936386e-02 -1.93917407988384027e-02
4.15712096123748332e-04 5.50092388624426169e-05 4.56231725051357492e-03
2.50880377068161530e-03 -2.24017884085574073e-03 8.14005733244252665e-04
-2.22617810986717925e-03 -2.13745266028812688e-03 1.93975144604230853e-03
-1.01995924271430403e-04 1.80431726333534501e-03 -3.45607877049037681e-03
2.73901221855187525e-03 -1.52332061364048813e-03 -2.02880326046942124e-03
2.64621148573265146e-03 2.28079666010090479e-03 7.20826701007421205e-04
1.91785024656442862e-03 -8.79294815818736975e-04 3.08547118371414264e-03
-4.54339713892823287e-03 4.88276780861588919e-03 1.41405709454141574e-03
-2.13285503109251649e-03 2.80575930822718348e-03 -4.96204051860224212e-04
2.75037015676494719e-04 6.65237804028940270e-04 -3.33201052716752388e-03
-4.76275236849835106e-03 4.28066678975153568e-03 1.83274366803592580e-03
-6.71456599882547299e-05 -2.54632751827838779e-03 1.95877389629800502e-03
3.35390144498147415e-04 7.71313115052675103e-04 -2.10976526474782088e-03
3.31744445855239453e-03 -2.07908358711568183e-04 -1.09437848632579535e-04
1.54527188029051970e-03 -2.61467701562639659e-03 2.93051797257149523e-03
4.14717754295245561e-04 1.32934649099837577e-03 -2.86998215779270521e-03
2.60589023051578748e-03 -2.21453363346934932e-03 -1.80362676738995433e-03
3.98679945441554942e-04 2.47383856194333639e-03 -1.66866344490321011e-03
-3.32104127454420665e-03 1.87974671157076071e-03 7.57504082741850037e-04
-1.75337379364108527e-03 -1.59857306770611204e-03 3.86788416663813540e-03
-3.08684056889003662e-03 -4.95134175409825167e-04 -2.89790680420364509e-03
-3.10297788101761719e-03 -3.58793331917468643e-03 4.28900052546620067e-04
-6.00620893481266030e-04 4.18129653585209028e-03 -8.95726161322518504e-04
4.05892344078697970e-03 1.72211300574586900e-03 -7.89953142580622145e-04
8.37206899073048168e-04 -1.18461920532821237e-03 -4.83517119758116072e-03
-3.22850637552111672e-03 -1.75181425597146926e-03 -1.52775688707764410e-03
1.65296132546523971e-03 8.63399240683042986e-05 3.62011035492849822e-03
-2.36642413859386230e-03 -2.17108626357266285e-03 2.67088646606867056e-03
2.14956149402641128e-03 -3.62494238963569299e-03 1.14234959348160541e-03
-1.05209496294976813e-02 6.37920364921370185e-04 -5.88763586107596791e-03
