3.21319057083583064e-04 -3.84816161689070996e-04 4.35352957062063405e-04
3.53739851553599494e-04 -2.87957609521499497e-05 1.18401577402352907e-04
4.53126134901089416e-04 1.09098919002772432e-04 -1.84618036473743269e-04
4.52462867409810367e-04 1.84410384232515276e-04 -4.12432997321455548e-05
3.14738936835822088e-04 3.83939392814751617e-04 1.08415852457877411e-04
1.99238115160493601e-04 3.01389678576130396e-04 9.58817070221717376e-05
2.58598602829152285e-04 5.86884503829654077e-04 3.40504459002425360e-04
1.12257629553561740e-04 2.30405203253333259e-04 3.22290501697309489e-04
-1.94607638165848225e-04 2.81669091007456416e-04 4.82815033348849660e-04
-2.76868083880016315e-04 3.64591010303891901e-04 3.17429026589902033e-04
-1.81601631063659077e-04 1.22244790645594030e-04 2.17084327504463528e-04
2.34276988508001560e-04 2.44785387349781558e-05 -1.59230286674806457e-04
3.95271531307058181e-04 -3.19011442812905984e-04 -3.58625312625884384e-04
4.44556747014550075e-04 -2.22071202110734299e-04 -3.80730347253766671e-04
5.34126902808976369e-05 -3.16755960546296744e-04 -4.73986589945880882e-05
-2.71931404268889140e-04 8.62838933261154061e-05 5.81391930170558366e-05
-6.14228029551516699e-04 1.85535058818623710e-05 2.37891284303434557e-04
-5.45600197854039719e-04 -4.68995017750236846e-06 1.45412833511637975e-04
-2.79607631933015974e-04 -1.78806781641123024e-04 -2.74770244392496610e-04
-1.75902003329754926e-04 6.80898192751244177e-05 -5.58998398830051887e-04
-2.00542087123296701e-04 -4.09499517752140319e-05 -4.00641007338025615e-04
-1.64137192784724129e-04 -2.52093412577751152e-04 -3.81113501441485158e-04
-7.37881418335784028e-05 -3.47852481752418505e-04 -2.07785054892787056e-04
-1.48045885737381521e-04 -4.02127365472040713e-04 -2.16341746774609755e-04
2.10846353109882893e-05 -6.69822234892520621e-04 2.45445593118975760e-04
-1.13534360966451487e-03 1.61003265303470374e-03 6.76382650155220788e-05
1.53791770671387159e-04 -2.43006774702755164e-04 2.59347063417875276e-04
1.91576259673041340e-04 -2.72914779150261802e-04 1.71326652544026808e-04
1.26486570954010885e-04 -2.45406266658390669e-04 3.22070163695562081e-04
2.00364570731808488e-04 1.10307826561236569e-04 -2.72816107793196296e-04
2.72077406977101668e-04 -5.51171009691134490e-05 -1.78381427003992574e-04
2.20698454445819700e-04 4.66490108909503053e-05 -7.17583886014781309e-05
2.98358329499166320e-04 -8.34352549926202296e-06 4.49629926015820245e-05
3.94840520074880142e-05 2.12645650628222517e-04 1.36092942759430619e-04
-1.14183669008789869e-04 1.90999972378813582e-05 3.51107278926807078e-04
-7.61858992964545409e-05 1.43677639790020753e-04 2.52709893190959938e-04
-1.90608907531201435e-04 1.16955409453325230e-04 2.11562835072180938e-04
-9.67216896843318730e-05 -1.42161333915286449e-04 2.87097346419981072e-04
8.61468487656226706e-05 1.45910394166437056e-04 -2.58463938046345687e-04
2.09567511875672431e-04 -1.34937378832208183e-04 -2.35851543484055207e-04
2.11493327232396985e-04 -2.77185488406827836e-04 -5.09389792290386345e-05
2.15982086389949996e-04 1.43939448284803930e-05 -3.02626991643881117e-04
2.69303702698096251e-04 -1.57980008562142615e-04 -1.86596297798787610e-04
-9.12838975776911004e-05 2.14986529498071275e-04 -1.20515982153051427e-04
-3.38770984938453724e-04 7.87829345664627843e-05 8.26551791287421134e-05
-3.04072337905823831e-04 -4.34131585043166725e-05 2.16338106087015882e-04
-3.20515955993288821e-04 7.66489354970477355e-05 3.34544962586863544e-05
-3.07772104337258445e-04 -9.93114832141873168e-05 1.49527773543880229e-04
-8.41883086281762798e-05 2.22155403347438487e-04 -2.82477601575272777e-04
6.26133300256613725e-05 9.95500874734541467e-05 -3.06685044345462912e-04
-7.64093579823310544e-05 2.75888859440605257e-05 -1.97173453740402731e-04
-1.84914419375772606e-04 2.78047080741137330e-05 -1.71926388790780501e-04
6.89006025429556657e-06 -3.86890616976562265e-04 1.72059082030986916e-04
-6.13208848089204564e-05 -3.14849723883472445e-04 1.96055607054669275e-04
6.02754146328559847e-05 -3.49189224348132920e-04 9.94770100625873429e-05
2.69958469675748048e-04 -3.07291718534382556e-05 -3.30838994218879824e-04
