-4.86503432952645198e-05 6.70550331433261704e-04 -3.08853794150465433e-04
-4.29184991509679037e-04 2.53087264389550981e-04 2.83952929018616018e-04
-7.25463717921925877e-04 -2.86642006898096824e-05 -1.16818432198684263e-05
-4.89699831835110899e-04 -1.37014112464084459e-04 -3.85196157004497053e-04
-6.68755782396779352e-04 -4.73507558340191537e-04 -5.52838705680791520e-05
5.07055479907592144e-04 -2.83399885628199399e-04 -3.10083648311199056e-04
1.08900528700939248e-04 -1.11901468869923804e-03 -5.44349809974420396e-05
3.97723242621550455e-04 5.88711108331807509e-04 4.35424306035159248e-04
2.71836162338168208e-04 2.44318177136548798e-04 -6.85008133807230024e-04
-8.11383052266023697e-05 6.10237305657790330e-04 -2.15133705676606724e-05
-1.05337703474406297e-03 1.44578282252760815e-03 -5.10389561210189413e-05
-2.47806538026473788e-04 6.15395130772800059e-04 2.14645709549987629e-04
-7.22815466419390873e-04 1.73653282009134102e-04 9.03716889252947908e-04
-3.61233073027378282e-04 3.67761794429988242e-04 5.14631622557715218e-04
6.04553552279174511e-05 2.14255216124392689e-04 -2.10459350329594841e-04
3.07287482951501545e-04 2.72873865196920917e-05 -1.77301990120531938e-04
1.15194359958081805e-03 7.71885143932671269e-04 -9.71851771898180061e-04
1.61778938361756275e-03 8.87214355264065446e-04 -1.68281758175869989e-03
4.64216434434394642e-04 7.24301081579725725e-04 5.89340627609846734e-04
9.08209239443014127e-05 -3.42483225668299696e-03 5.11376466416635367e-03
5.41849031524144209e-03 -3.34610713061822551e-03 6.90288163881191963e-03
2.83661133569523827e-03 4.76521375843130812e-03 4.07477518669718819e-03
1.25282945776028498e-03 -7.16943126412417087e-03 -3.62274425966013780e-03
1.36798969014062521e-03 -6.45422132024009443e-05 1.32251720593301592e-03
-1.77059142169311290e-04 1.93615645142486414e-03 -2.34894242244543250e-03
5.27467667158543208e-02 -3.52838129787400590e-02 -3.93440924452583829e-02
-9.29564443907793247e-06 4.00544030828897668e-04 -1.19675525828366602e-04
-1.15444337663861418e-04 1.64616476021173241e-04 -1.93146743358657558e-04
-3.13574512715075748e-04 1.69171643543686301e-04 -9.71145067443224264e-05
-2.69172092334124535e-04 -6.35787380209862363e-05 3.01800985084366147e-04
-2.69668619645724306e-04 -1.02026808284083614e-05 1.56166241756627855e-04
-1.36544327200116555e-04 2.27990512291498248e-06 -1.07646181432885513e-04
-1.76404185014966686e-04 -8.34448889908134817e-05 1.90825183610243698e-06
-3.47727553086651930e-05 -2.20641658364328919e-04 -2.52547620411158746e-04
1.54292491281182720e-05 -1.59908959706855924e-04 2.27515283825585612e-04
4.75026133328282363e-04 2.16980148065815115e-04 3.38335194580707821e-05
-1.06962451609371456e-03 -3.11068915920947875e-04 7.12082486993281805e-05
1.48899216486364505e-04 5.40013385251114642e-04 -2.42302487936552069e-04
6.05058337938890745e-04 -6.02471324450348789e-04 1.86288503708276210e-04
1.21944896194658980e-04 1.85961644638465984e-04 1.97474987676304892e-04
-2.16637590961576976e-04 4.05775422653853468e-05 3.95646346493916390e-04
-2.79378232921678737e-04 5.82630732295363885e-05 2.34456838332341988e-04
-2.37118922960188883e-04 1.65308165513078364e-04 1.71728446535679424e-04
-3.47887564201232458e-04 -4.89299735750403642e-04 1.04403222271898244e-04
7.17189013446084545e-04 4.41149458033196495e-04 -2.11254871447241754e-04
3.82315754690720766e-04 -2.74157698438415309e-04 1.57125572677330183e-04
-1.16343460689405376e-03 8.87555108463056186e-04 -1.51035080177996939e-03
-5.81880860867300953e-04 -1.43437893699460695e-03 4.91315131885050604e-04
-4.06533768850358967e-04 5.85097438213821874e-03 1.81965900291936045e-03
8.36932533127021649e-03 -1.48086046911877212e-03 -3.99755987194039264e-03
-1.32397880555790159e-03 2.06559574426773418e-03 -1.54769737793087891e-02
-1.61464326150628779e-02 2.62866657272298188e-03 7.08294199112058376e-03
1.80737943399522649e-03 9.21646286815569482e-04 1.98559002314313560e-03
-2.83937890848151575e-03 -1.51473585986661163e-04 8.72509823306444332e-04
5.29709210744688797e-04 -1.08671807650928542e-03 -1.47461987653424442e-03
-5.06206250028320426e-02 2.84868424645310370e-02 3.91780592768642411e-02
