2.72668713788318544e-04 2.85734169744190707e-04 1.26499162911597972e-04
-7.54451399560795424e-05 2.24291503437401031e-04 4.02354506420968911e-04
-2.72337583020836461e-04 8.04347183129627499e-05 -1.96299879693611696e-04
-3.72369644253005326e-05 4.73962717684308168e-05 -4.26439456736642621e-04
-3.54016845560957264e-04 -8.95681655254399194e-05 5.31319818897982586e-05
7.06293595068085717e-04 1.79897929479309968e-05 -2.14201941289027318e-04
3.67499131530091532e-04 -5.32130184869583959e-04 2.86069478004983321e-04
5.09980872175112235e-04 8.19116311585140768e-04 7.57714807732468736e-04
7.72285241723199829e-05 5.25987268144005159e-04 -2.02193100458380364e-04
-3.58006389106618685e-04 9.74828315961682231e-04 2.95915656022241360e-04
-1.23497866580772196e-03 1.56802761317320215e-03 1.66045371383444587e-04
-1.35295495184722286e-05 6.39873669507778214e-04 5.54154228751811717e-05
-3.27543935112332692e-04 -1.45358160803771882e-04 5.45091576627063524e-04
8.33236739871717931e-05 1.45690592319253943e-04 1.33901275303948547e-04
1.13868045508815088e-04 -1.02500744421904055e-04 -2.57858009324182943e-04
3.53560786826124054e-05 1.13571279845807498e-04 -1.19162797103476102e-04
5.37715570029301346e-04 7.90438649814533640e-04 -7.33960487594745477e-04
1.07218918576352292e-03 8.82524405086563125e-04 -1.53740474824706199e-03
1.84608802501378668e-04 5.45494299938602701e-04 3.14570383217350124e-04
-8.50810793854535135e-05 -3.35674243740787274e-03 4.55476626533630156e-03
5.21794822811814506e-03 -3.38705708239343947e-03 6.50224063147389428e-03
2.67247414291051436e-03 4.51312034585355654e-03 3.69366168525570287e-03
1.17904131592670648e-03 -7.51728374587658926e-03 -3.83052931455292499e-03
1.21994380440324369e-03 -4.66669578674441658e-04 1.10617545915840622e-03
-1.55974506858322994e-04 1.26633421653234352e-03 -2.10349682932645674e-03
5.16114231061898035e-02 -3.36737803257053520e-02 -3.92764541802428577e-02
1.44496126232309226e-04 1.57537256126142505e-04 1.39671537589508674e-04
7.61319220091799217e-05 -1.08298303129088561e-04 -2.18200908146307495e-05
-1.87087941761064863e-04 -7.62346231147043680e-05 2.24955656951239655e-04
-6.88075216023160475e-05 4.67290885402503329e-05 2.89848772911698504e-05
2.40878733137736209e-06 -6.53197817975218105e-05 -2.22151852473647196e-05
8.41541272457031449e-05 4.89289160138652878e-05 -1.79404570034363657e-04
1.21954144484199634e-04 -9.17884144900755046e-05 4.68712444376844615e-05
4.71129669882282113e-06 -7.99600773610640203e-06 -1.16454677651728128e-04
-9.87544198806715966e-05 -1.40808962468974553e-04 5.78622562752392636e-04
3.98840234031827795e-04 3.60657787855835868e-04 2.86543412649030720e-04
-1.26023342362491589e-03 -1.94113506467622659e-04 2.82771083771509119e-04
5.21775268020326322e-05 3.97852051335828192e-04 4.47948584834290033e-05
6.91205186704513469e-04 -4.56560930283911705e-04 -7.21754343380694770e-05
3.31512408070331385e-04 5.10242658062578006e-05 -3.83765558077503151e-05
-5.14426372917999118e-06 -2.36607946141442489e-04 3.44707367264877776e-04
-6.33961465317287411e-05 7.26570180580167848e-05 -6.81701533115391294e-05
3.21847797379073682e-05 7.32815695093574980e-06 -1.48678512631081859e-05
-4.39171461778923558e-04 -2.74313206252332366e-04 -1.61127598811531831e-05
3.78418028507630821e-04 5.19932392599659239e-04 -1.28599692318499641e-04
7.82434167848969353e-05 -3.17570856942731982e-04 3.73463678764346038e-04
-1.48395056288734258e-03 9.64204043960103976e-04 -1.47689630552128308e-03
-8.89652965204559398e-04 -1.53369042020879429e-03 6.40842905428930807e-04
-4.90722077478535274e-04 6.07312978548565745e-03 1.53718140134408762e-03
8.43193866129587737e-03 -1.38131038164531796e-03 -4.30424491628585582e-03
-1.40038816354023259e-03 2.09318463021179475e-03 -1.56741472330491904e-02
-1.63313470344386494e-02 2.65647128079709574e-03 6.91101560232980361e-03
1.81426949424952203e-03 5.34755669839007217e-04 2.15764910517412265e-03
-2.90069979329043602e-03 -4.66323309870133608e-04 1.06856543036111355e-03
5.89984625377544774e-04 -1.43590730085741834e-03 -1.37514286647165700e-03
-5.03506665331562922e-02 2.84561132926775991e-02 3.88472202826453603e-02
