2.34699320071000923e-04 3.97103406524964295e-05 6.26519531503517708e-04
2.52622574100887524e-04 2.23379016764377135e-04 2.10547710792979435e-04
3.94496474639903754e-04 3.12707825211518164e-04 -9.99378940401355188e-05
2.75644437362762887e-04 4.11352220573864161e-04 -2.74983977304570861e-05
2.14206235331739849e-05 5.20529615732541820e-04 -2.51527054726507484e-05
-3.56880688501528344e-05 3.74990855856990977e-04 -3.90744385241737936e-05
-2.19399109153526906e-04 7.12693134179105681e-04 7.47398912661013579e-05
-1.59981500014398252e-04 3.11708088874787363e-04 2.01170006424116203e-04
-5.19108243615734252e-04 2.04876060114711326e-04 2.46617753188444855e-04
-5.44090923161895021e-04 1.82851430591726108e-04 3.87593295361698628e-05
-2.95771842633569756e-04 1.39889239943009436e-05 1.09710878575391426e-04
2.63506572535898730e-04 1.01863600616439962e-04 -8.44480869922823168e-05
6.16084400402437584e-04 -8.80177789678401363e-05 -8.45365809656050153e-05
6.09350348312941896e-04 8.85804043302908898e-06 -1.36288328864936402e-04
2.04549417641695203e-04 -2.14439310344625620e-04 1.17549412661953310e-04
-2.79782808038865106e-04 -1.15692710011029845e-04 -4.56839653972374282e-05
-5.84453478031314263e-04 -3.03217769157936175e-04 7.36441751626347376e-05
-4.81759488877500446e-04 -3.08707923630100215e-04 4.75289939227320100e-05
-1.91176159140556073e-05 -3.73197194269975078e-04 -1.88772607701463669e-04
5.87110905745403614e-05 -1.94879164357899404e-04 -5.49474971993842935e-04
7.26863390762274788e-05 -2.53387888233719152e-04 -3.74926911329504517e-04
1.73722547930189490e-04 -4.19545161077124846e-04 -2.38176787153321546e-04
1.85290743590693017e-04 -3.55524758324127633e-04 -2.46471103526865492e-05
1.68077459344060195e-04 -4.53583320296068989e-04 -1.74897427049871054e-05
2.29142810139401604e-04 -4.10726957691318702e-04 5.34386201371023239e-04
-1.11222225417935048e-03 4.78022939988857190e-04 -9.80467363064341452e-04
1.16353902898998069e-04 -9.59183791575418353e-06 3.71952906195646346e-04
2.01046085669406383e-04 -3.11932135487359431e-05 3.16564392763574241e-04
6.84789994910574138e-05 -1.20472186854826338e-05 4.19822930017691202e-04
2.43469749245950882e-04 1.27986076774723722e-04 -2.37341234275757692e-04
3.16142138361612094e-04 8.05793749429287712e-05 -5.96759281549354912e-05
1.78233249681359734e-04 1.53377640987208765e-04 -3.40546530607862920e-05
2.04233835752550859e-04 1.97526174241065186e-04 1.07563542714141869e-04
-1.30795407807300933e-04 2.35731370382396259e-04 3.34827452675918368e-05
-2.48548709646897472e-04 3.39826996082997939e-05 2.78923542263213810e-04
-2.55685311327130107e-04 1.14992445398288563e-04 1.37762355589198454e-04
-3.11660147278131538e-04 2.30922545881710761e-05 8.01504550104486813e-05
-1.36607599531050417e-04 -8.51698033796487056e-05 2.92021055914338645e-04
1.23734177993817810e-04 7.78427255359200439e-05 -2.72183925526335048e-04
3.27191131436724194e-04 -3.03776090756813130e-05 -1.03640640245573765e-04
3.22018177076505944e-04 -8.55330981406336499e-05 1.24352087845188471e-04
2.88450924826004344e-04 6.31935019433992013e-05 -2.24286487549327029e-04
3.64284425522744195e-04 -6.51942508448768318e-07 -3.04917914861376571e-05
-1.19930399089896423e-04 4.59642730869944740e-05 -2.26957234411083008e-04
-3.40660570897028607e-04 -1.19291019733771644e-04 -3.43480007235479954e-05
-3.06564510714855715e-04 -1.57721891580158270e-04 1.45526427838969807e-04
-3.02736549738996956e-04 -1.42544823274905967e-04 -4.91789525751065788e-05
-2.40806659145943459e-04 -2.29863409194255917e-04 1.18241139386809192e-04
-7.23170179457380410e-05 2.40493282317169997e-05 -3.55442187416636548e-04
1.25123164025842701e-04 4.08092877429042328e-05 -3.12402798808837688e-04
4.25880561326620014e-05 -6.93200312314019797e-05 -1.98941339592331447e-04
-5.72669371827515191e-05 -1.32921156455775619e-04 -2.12494307641986188e-04
1.26681249340606798e-04 -2.32473362881277539e-04 3.29113470352484301e-04
1.30459014738098724e-05 -2.14336867267805696e-04 3.12024444434366580e-04
1.69712409478810401e-04 -1.92407788165045235e-04 2.68960681951675522e-04
-2.15837584888193515e-04 1.19705762351786021e-04 -3.49620688194394677e-04
