-2.03340730211110099e-04 -8.34825185302978667e-06 -6.16401653212861333e-04
-3.30425815143975399e-04 -2.75426007290580088e-04 -2.04157670321336582e-04
-3.88581609479743406e-04 -2.95076547488726249e-04 6.55455107185787256e-05
-2.67226920051655270e-04 -4.48828481381724487e-04 4.95767026462701210e-05
-8.25084572664280813e-06 -5.03080913711428934e-04 3.45592134656236283e-05
1.02266088747304806e-06 -3.81312625968632801e-04 4.50000494058855338e-05
1.88151632659838697e-04 -6.77348900868679493e-04 -5.73137917003752051e-05
2.85130835518732084e-04 -3.45993332639515927e-04 -1.81580784125667805e-04
3.93254654422747763e-04 -1.60335229942631941e-04 -3.89514655328326853e-04
6.75324236604879502e-04 -1.70636120734979357e-04 3.93258010964459004e-05
2.52235780367371376e-04 -6.79891944090904587e-05 -6.90530164684233227e-05
-2.48267062000095962e-04 -9.07787784480973414e-05 4.77775268925562102e-05
-6.01276292270469526e-04 8.64436538611235150e-05 9.43825078270066342e-05
-6.18619061045322383e-04 9.87195706336763124e-06 1.53816205652468341e-04
-1.82400611362432130e-04 2.12512060545400061e-04 -1.34193621112776995e-04
2.42776386386367449e-04 7.56135694861548302e-05 6.06357279804292659e-05
5.96597315025704233e-04 2.91448798221960459e-04 -7.59554692919550689e-05
4.91554505247293605e-04 3.18663982305622540e-04 -5.65081869210448673e-05
4.80238828171053456e-05 3.71465464478415441e-04 1.80922482979184451e-04
-5.74467460132399577e-05 2.04486810663428997e-04 5.40902899876627430e-04
-8.82383736269254371e-05 2.84358679679463933e-04 3.96448809986793549e-04
-1.64957345715865955e-04 3.98071559649437745e-04 1.76531405936763974e-04
-1.81349795708385386e-04 3.58592738599838867e-04 7.43993037088941378e-05
-1.68489779190927891e-04 4.26563453128636638e-04 -1.12263989713312640e-05
-2.27152533719188199e-04 4.17663354149055976e-04 -5.35114764028676859e-04
1.15442287009059896e-03 -4.89710476918148174e-04 9.76093849686776593e-04
-1.49911148956571871e-04 3.85504038846740116e-06 -3.74377655572910584e-04
-1.80822029187233113e-04 5.36612797850111178e-05 -3.14725911161994887e-04
-5.19345562378648040e-05 -2.57302170916240414e-05 -4.26259192929379083e-04
-2.30049261316089826e-04 -1.22802865124893579e-04 2.40253339442109137e-04
-3.11816002791509561e-04 -1.10659583409014606e-04 5.71018780702314821e-05
-1.74788141938719832e-04 -1.59852582692687761e-04 2.63006244005659084e-05
-1.82390254221731496e-04 -1.95211879158163626e-04 -1.11199490842928128e-04
1.27319653069335459e-04 -2.27509404731485176e-04 -3.53001731919211359e-05
3.03117792020746180e-04 -6.47376311972702734e-05 -2.68418130017433754e-04
2.74931981386394853e-04 -1.21246013211395720e-04 -1.02265421940694878e-04
2.54567189234222724e-04 1.47900649102306048e-05 -1.08846683519070453e-04
1.31374669447792414e-04 1.14264798268370882e-04 -2.99768758950769154e-04
-1.12130289367295966e-04 -6.14130116980415863e-05 2.92673900345707949e-04
-3.18816505537444783e-04 2.79806332893484111e-05 1.00142998174179709e-04
-3.20990888150518572e-04 9.37093047705950255e-05 -1.16299701279576340e-04
-2.93862316239179577e-04 -5.72483769265552667e-05 2.31368878198079386e-04
-3.63850144337707349e-04 -4.64119384946393154e-06 2.47455605404123258e-05
1.23691716174212374e-04 -4.08519941192952984e-05 2.32716818052924879e-04
3.46934451721736536e-04 1.20933179838030036e-04 2.73950310136772401e-05
3.01972303760056349e-04 1.58602177830369229e-04 -1.50798044409761189e-04
3.01584068838067765e-04 1.30852404999881600e-04 5.02609625896432988e-05
2.49161965332200808e-04 2.39530446148883414e-04 -1.13712719270075979e-04
6.75249392056986864e-05 -2.39058928365176726e-05 3.57735525741365024e-04
-1.34320057244341484e-04 -3.88078224720089793e-05 3.06089568935519196e-04
-3.27143440492783100e-05 7.09142393696682305e-05 2.03849225405949852e-04
5.82359396879006397e-05 1.34280806613151782e-04 2.04040995649190648e-04
-1.01233487838636727e-04 2.31555677971274215e-04 -3.34473635053900153e-04
-1.86299019562241597e-05 2.36256398962852998e-04 -3.04504095417268417e-04
-1.83944542963665469e-04 1.78233746920497538e-04 -2.73060268563218855e-04
1.79927590299611140e-04 -7.79208248982143914e-05 3.40461354704224561e-04
