-3.13585898598908242e-05 -3.13620887994666428e-05 -1.01178782906563743e-05
7.78032410430878744e-05 5.20469905262029530e-05 -6.39004047164285372e-06
-5.91486516016034814e-06 -1.76312777227919152e-05 3.43923833215567932e-05
-8.41751731110761733e-06 3.74762608078603259e-05 -2.20783049158130349e-05
-1.31697778065311767e-05 -1.74487020211128857e-05 -9.40650799297287985e-06
3.46654079626797863e-05 6.32177011164182468e-06 -5.92561088171174023e-06
3.12474764936882096e-05 -3.53442333104261874e-05 -1.74260995657261528e-05
-1.25149335504333832e-04 3.42852437647285643e-05 -1.95892222984483987e-05
1.25853589192986490e-04 -4.45408301720793859e-05 1.42896902139881998e-04
-1.31233313442984481e-04 -1.22153098567467510e-05 -7.80851306326157632e-05
4.35360622661983801e-05 5.40002704147895168e-05 -4.06578621069681031e-05
-1.52395105358027689e-05 -1.10848221683426207e-05 3.66705600997261065e-05
-1.48081081319680584e-05 1.57412510671662133e-06 -9.84592686140161894e-06
9.26871273238048625e-06 -1.87299974963967202e-05 -1.75278767875319385e-05
-2.21488062792630732e-05 1.92724979922555880e-06 1.66442084508236851e-05
3.70064216524976577e-05 4.00791405248750144e-05 -1.49517625831918378e-05
-1.21438369943899704e-05 1.17689709359757163e-05 2.31129412932033133e-06
-9.79501636979315891e-06 -9.95605867552232411e-06 8.97919299831285728e-06
-2.89062669030497382e-05 1.73172979155963641e-06 7.85012472227921776e-06
-1.26434456130040371e-06 -9.60764630552959366e-06 8.57207211721550469e-06
1.55520345506979582e-05 -3.09707914457447802e-05 -2.15218986572890316e-05
-8.76520221432353455e-06 2.14736014276871012e-05 6.16453812165575720e-05
-3.94094788230763102e-06 -3.06798027571123389e-06 -4.97521933562075852e-05
4.12319846867695945e-07 2.70198671674323505e-05 2.87161416763183694e-05
-1.99027642021340555e-06 -6.93639645773727479e-06 7.28562657653620237e-07
-4.22006159112484850e-05 1.16875369292909845e-05 4.37351337756485860e-06
3.35572460575738022e-05 5.73679752728678237e-06 2.42474937726423756e-06
-2.02240564821732694e-05 -2.24680662362751747e-05 -1.83848160157935436e-06
-1.65444432531926098e-05 3.77774357771066752e-05 6.43626291168788089e-06
-1.34204879298610558e-05 -5.18321164983014311e-06 -2.91210516635144576e-06
-4.32613557010253337e-06 3.00802084660858345e-05 2.57405008470400914e-06
-3.44510774263990182e-06 6.47494170547899674e-06 7.75402866022038357e-06
-2.18435815308193630e-05 -2.31429508290155960e-06 3.63594812878625863e-06
3.47575473796547384e-06 -8.22196565091108211e-06 1.81742792432929912e-06
-5.45690823738487077e-05 3.07549315889704794e-05 -1.05054122457800560e-05
-1.92466700592647450e-05 6.25356781310715704e-06 -3.54969336485035753e-05
5.70929580439088146e-05 -3.78823194984016808e-05 2.86962285086217716e-05
5.23293008325800314e-06 -2.90949948887221763e-05 7.74770303643050953e-06
-1.16038886265218443e-05 -1.64297138378784576e-05 -2.04899748193729009e-05
-8.37462589927941104e-06 2.39697578633290187e-06 3.49764207139405584e-06
-1.02728892598737175e-06 -8.17620662996137559e-06 -8.05238656561213170e-06
5.41139141317523381e-06 -5.94512501684393466e-06 -7.08239064875235765e-06
-4.34281185036845992e-07 5.29313635791269986e-06 5.74623094572533131e-06
-3.76131708431595051e-06 -5.11227896769917551e-06 -5.75958364184187043e-06
-6.27388082470792989e-06 -1.64216010425839189e-06 6.95296970987075526e-06
4.59220695479936646e-06 -8.80286250210958379e-07 5.27161657079138228e-06
1.15248090092919106e-06 1.16924182750243670e-05 -1.08201001453671998e-06
-8.35530618625734858e-06 -9.66703695462749635e-06 -4.52842011673321230e-06
4.79207874003935463e-06 -1.43435395199327119e-07 -2.29333832472847568e-06
9.19689321849878356e-06 -2.00146527089525351e-06 6.31322987331849224e-06
-9.87371208338369143e-06 -1.59420813826625083e-06 -4.90788581361840536e-06
-9.69002505149120616e-07 -1.35965015737616332e-06 8.45331199279553960e-06
-2.54477615019700718e-05 9.17684910003323988e-07 5.36016470141585221e-06
5.58400048241428728e-06 -2.19195316950473020e-05 -7.52034901709816355e-06
1.42321334848550683e-05 1.41740412445476977e-05 4.09958661154333302e-06
3.59099945885823753e-05 -4.17849374535716301e-05 9.15933349017011541e-06
