3.98498906952961360e-04 -2.98056449162230894e-04 4.81924496949656396e-04
2.35480418966661510e-04 2.11994512305892631e-04 7.81153716968039578e-05
4.52753342758694494e-04 2.67274397242859012e-04 -7.87942112724594930e-05
4.07340805953727814e-04 2.60773175040117931e-04 1.07776853234830059e-04
1.44831321699517227e-04 4.21896226649111155e-04 2.44190947211391982e-04
1.11548453934634574e-04 2.92315348103665382e-04 2.48496199819091463e-04
-2.69288734872947224e-05 7.10211783968720434e-04 3.22827165250347129e-04
-8.45659378725525837e-05 3.47823667549703591e-04 1.64505618593093020e-05
-3.76568202794666886e-04 5.19551620286996395e-04 -8.00542318189997496e-05
-3.47332509373632684e-04 3.18889405000978327e-04 3.03345186058084416e-04
-2.51198686085916543e-04 7.63534017758761108e-05 8.66038656108934399e-05
1.85883035578408542e-04 1.54299426146616551e-04 -1.92977167321944866e-04
5.58083866470453346e-04 -2.13129337373370043e-04 -2.96416634703913643e-04
5.52541963345979303e-04 -6.30588918093706054e-05 -2.50234602834659365e-04
1.05275108220269400e-04 -2.28091150304935743e-04 -2.96819837738982302e-05
-3.53050093873850794e-04 7.03288126065228778e-05 -1.42708123251181088e-04
-6.57497695821030728e-04 7.43967066592487432e-07 -1.64434601709998346e-05
-5.57751104396970879e-04 -4.69742967827653025e-05 -5.25632302232978703e-06
-1.53883579112322282e-04 -2.11656835106326601e-04 -3.04624541392698063e-04
-1.26961860887045553e-05 1.98899022430989230e-05 -5.73131527798548409e-04
-4.11468471454140550e-05 -9.81387370700894664e-05 -4.28885470264765006e-04
-7.59099536398281492e-06 -3.24928159543623365e-04 -3.72956180020017690e-04
1.63585245435779204e-05 -3.70778456737187072e-04 -1.69592758877641810e-04
-1.07122652859361612e-05 -4.38043872422996035e-04 -1.83703685583974451e-04
1.18394211098926146e-04 -6.40222763120394645e-04 2.61682553257242272e-04
-1.01784299418888370e-03 -2.50879011569161015e-04 1.17388066380253895e-03
1.68553237355823063e-04 -1.83212246742306661e-04 3.13918656693093566e-04
2.37626284781480276e-04 -2.19178008724303880e-04 2.20471278429405803e-04
1.45136461189781786e-04 -2.18859955775534116e-04 3.30541183999335738e-04
2.36830046408280723e-04 1.94280807536044209e-04 -2.17053398875431583e-04
3.24194163080042397e-04 4.23743286483139035e-05 -1.13569537081217604e-04
2.26004682030249470e-04 1.10428729100038950e-04 1.13085935789264599e-06
2.70665660162313932e-04 2.82953381704703109e-05 1.18330919145915101e-04
-7.32888573836829109e-05 2.30339383365553717e-04 1.14606166971966547e-04
-2.10506082533864027e-04 2.67721152011234607e-04 -6.26324344358662071e-05
-1.65990299285358433e-04 3.01528866675762641e-04 -1.56560766642890073e-04
-2.00332708883460266e-04 3.28620428352035220e-06 2.08122197904730564e-04
-1.02447248858845915e-04 -1.76824749676845084e-04 1.78636567017805161e-04
6.56803886326636969e-05 1.91872479560635989e-04 -2.55128009959491213e-04
2.92840062535048423e-04 -7.23576825216624227e-05 -1.86622956864984223e-04
3.07525111139822450e-04 -2.19886120322496543e-04 -9.23030389310282386e-06
2.58346852737868012e-04 8.63255567141540221e-05 -2.32960142858903085e-04
3.38812841827055731e-04 -8.11015486602382357e-05 -1.08235958307210966e-04
-1.43464549326651462e-04 2.20535131140500994e-04 -1.74470174705195326e-04
-3.31556908394495253e-04 8.65460430708552805e-05 -2.96440834248397219e-05
-3.45684092292750447e-04 -8.69994507066448555e-05 5.93013508372169850e-05
-3.19833740616703055e-04 4.05622589385340690e-05 -5.72333327291398190e-05
-3.21980813113166835e-04 -1.41228954844512428e-04 5.63937077140703105e-05
-3.99847029727866729e-05 1.98199428402615226e-04 -2.98565847501962094e-04
1.38327855886479059e-04 8.83184243530635022e-05 -2.77025510927631337e-04
1.30166537202469602e-06 -3.05640243317050425e-06 -2.14355241835040278e-04
-1.17262822386015125e-04 -8.01870471554637547e-06 -2.27362809604876625e-04
9.36334483152935693e-05 -3.82100303008563137e-04 1.48260132321817478e-04
-3.99714747126978220e-05 -3.28690754017692982e-04 1.96178481477678234e-04
1.03926992122095965e-04 -3.34292422202258916e-04 1.42515670941316245e-04
-1.85325441448497757e-04 -1.23194512603821992e-04 3.32410374193382061e-04
