7.17908091226071576e-04 -1.76871341356665823e-03 2.15105105469959312e-03
-3.11805629408468121e-04 -2.96092830266148077e-03 1.62923992602226342e-03
-1.45006599979069506e-04 1.27666382225655184e-03 -4.59054899982191955e-03
3.47726443585472111e-03 2.67716075722868041e-03 5.77165818485303461e-03
-8.77526923392535352e-03 -4.22785955248983214e-03 -3.77666518024044606e-03
5.38380191809118003e-03 -1.63585857267278811e-04 -3.94381710464131174e-04
-7.08581434992527903e-04 -3.65545762049279688e-04 -2.02367991202212494e-03
-2.29961564458229795e-02 1.95617650507555751e-02 3.71087458581911278e-02
5.54050951965061600e-02 -2.84902176377936911e-02 -3.77913982860653697e-02
-5.02385708047494717e-02 3.80893933663219997e-02 -8.73057652329989331e-03
-1.19748138546706961e-02 -8.51326306661559506e-03 -2.00631774571169430e-03
-1.90760419742197485e-04 5.45009709050026103e-03 -4.19065964798637225e-03
3.26307835101502519e-03 -2.04025619477210540e-03 3.60936085569862897e-03
-1.24207492324401869e-03 7.89786877534615073e-04 -3.79882850924584403e-03
9.56255301912456446e-04 2.00233238257574442e-03 -3.99168539491068231e-05
2.16493458145627926e-03 3.29012223227387324e-03 -4.28784823556949135e-03
-1.69383956843205397e-03 7.50564566862621518e-05 4.16474902337871100e-03
-2.54944671390511246e-03 -2.89963441289664559e-03 -3.31158706156120530e-03
-4.60166347973522960e-04 1.07878498956364144e-02 1.48292588988940821e-03
2.79913175026225147e-03 -2.51740837262204309e-04 6.05329818066380199e-04
-2.83524574176530209e-03 -1.94369136282879218e-03 -1.96465531058898080e-03
-1.79928247863903046e-03 2.96400204520175237e-03 -1.05009520459518058e-02
-3.15865564962380940e-04 -1.29189514733951683e-04 7.79710945922218457e-04
3.52904568879486291e-03 -1.19040521941116140e-02 1.15311053909050720e-02
1.17432280592910665e-03 -2.22373731311087397e-03 2.95024792999409868e-03
2.56973477764681490e-02 -1.88222465343317324e-02 1.59472810457472747e-02
-3.26621513949243436e-04 7.47949426514286919e-04 -1.33774729361491040e-03
-4.16077168325035274e-04 8.56623697842673337e-04 -7.06388328418738887e-04
3.15294865956161630e-04 5.48799473460981346e-04 -1.29554668518028215e-03
-7.02539809547708671e-04 -3.15400464701021122e-05 1.49028432576425729e-03
-1.38310645029005030e-04 2.62764871876819406e-04 1.52046284886364624e-03
6.39193992801878608e-05 -9.56951559671681551e-04 -1.20321398075762254e-03
-7.19018225047385329e-04 -5.80751265769618996e-04 -9.15321587508621803e-04
1.28209639863152702e-04 -3.55670207697666996e-04 3.03422546802822879e-04
-6.95961424789892646e-04 -1.31651409116617657e-03 2.53590986973015187e-04
1.12875166760051382e-03 -1.01873642554539678e-03 1.72169891909623729e-03
-2.92613919668638367e-03 -3.92143390307123085e-03 9.07182083813573570e-05
1.38076928687601991e-03 1.56369389158594885e-03 1.52797398566439924e-04
1.74613173249404952e-04 -7.91168283464482869e-04 1.15591352215416165e-03
-1.47967606872212443e-03 6.38563637312572485e-04 -1.23802712357456990e-03
-9.82818333348234319e-04 7.29421119686879393e-04 -3.95498375697744819e-04
-1.10483024181062817e-03 1.83504311436433198e-04 9.34598469997993675e-04
-6.27169053196929838e-04 3.62842996729950684e-04 1.25553224934416008e-03
3.50343735008307178e-04 -7.46010311409417426e-04 9.06109063822935212e-04
1.19482073307652925e-03 -3.67191570741720597e-04 -1.79115759825643206e-03
1.02450065987458316e-03 2.88341364829802771e-04 -5.85024945401801943e-04
1.65663704644769538e-03 1.35569556904091559e-03 8.25756068260075082e-04
1.28458649441798300e-03 5.14948523904212863e-04 3.69297781081356913e-04
-9.16983221464828802e-04 -1.36720984587723748e-03 5.97787926053916507e-04
-2.12695226917691826e-04 -1.28618816600878372e-03 5.98008948748507407e-04
3.70439114407705716e-04 8.86708369733604784e-04 7.99424701496853629e-04
7.23725645338735291e-04 6.12775646169516630e-04 1.42907316986962130e-03
3.17903749274428549e-04 6.02367635399669865e-04 -7.71334026907322112e-04
2.45831913467720042e-04 1.21621253861903256e-03 -1.05469551918146998e-03
-1.27833195972870683e-03 1.29496271473028557e-03 -6.51203774708966621e-04
3.72504520371008674e-03 -1.32035346019687694e-04 -2.76641118975939904e-03
