1.11640699817903283e-03 -2.06676986272888918e-03 2.63297555164924936e-03
-7.63252104418066116e-05 -2.74893379035558811e-03 1.70735529771906731e-03
3.07746742779624988e-04 1.54393821949941074e-03 -4.66934321109437923e-03
3.88460524180844887e-03 2.93793393226879839e-03 5.87943503808786502e-03
-8.63043791222583602e-03 -3.80596332584072104e-03 -3.53247423302905424e-03
5.49535037202581421e-03 1.28729490836386570e-04 -1.45885510645039711e-04
-7.35510308479822615e-04 3.44666021919440746e-04 -1.70085274677177775e-03
-2.30807223836955316e-02 1.99095887183052787e-02 3.71251964200504381e-02
5.50285269937114963e-02 -2.79706660175066957e-02 -3.78714525178843672e-02
-5.05859033141231040e-02 3.84082827713229796e-02 -8.42723133724180944e-03
-1.22260125407566127e-02 -8.43690966483971912e-03 -1.91971388010080081e-03
-4.87738416378894293e-06 5.60439651664687739e-03 -4.38363681530831717e-03
3.82116221748547875e-03 -2.25338553214547536e-03 3.31294422099471554e-03
-6.89532959898039388e-04 7.26727985725244413e-04 -4.04906311208050318e-03
1.06153041013272594e-03 1.77424123227080868e-03 -6.95988377230050533e-05
1.81188448758242858e-03 3.36045104488039625e-03 -4.43055635882067238e-03
-2.35133726425308491e-03 7.58004237528546367e-05 4.14830556320771107e-03
-3.10719781830208312e-03 -2.94660870967941102e-03 -3.31684338458353503e-03
-6.14049927085845242e-04 1.05761930605300872e-02 1.17830134849671009e-03
2.78643556417354672e-03 -2.31850935019105379e-04 3.21982902678317898e-05
-2.87639258891071595e-03 -2.04183009989888182e-03 -2.39354078085374580e-03
-1.80687347400301335e-03 2.63907388565812889e-03 -1.08739082259718227e-02
-2.99507040418803033e-04 -4.99967971471138809e-04 6.10118187044576647e-04
3.51833342350892694e-03 -1.23420960665346097e-02 1.13474017053210984e-02
1.29271701702803271e-03 -2.86396007623126872e-03 3.21193048325134085e-03
2.46795047822792671e-02 -1.90731255459008937e-02 1.71211617095498141e-02
-1.58068276593420373e-04 5.64737179771980231e-04 -1.02382863692181678e-03
-1.78450883543554997e-04 6.37445689118369511e-04 -4.85917049989333084e-04
4.60431327145943443e-04 3.29939517685447258e-04 -9.65005501180946470e-04
-4.65709763139427976e-04 1.62740761065942096e-04 1.27323092688882565e-03
1.85883518051037366e-04 3.05139200525133289e-04 1.40689331178242864e-03
2.89924081310437331e-04 -8.46522830571642656e-04 -1.20208312139972995e-03
-4.48352564885071397e-04 -5.52455927599148733e-04 -7.96990668362706676e-04
5.49207824794697915e-05 -1.25330824332113279e-04 4.18028713774789412e-04
-9.06467507323756674e-04 -1.04879293915494196e-03 1.90958552537148980e-04
9.62761368315155413e-04 -7.17207558869634144e-04 1.56513815245334724e-03
-3.12647190556984396e-03 -3.91814769878771028e-03 2.98840406286087921e-04
1.27832203801717397e-03 1.38686914190910382e-03 3.31433965584245057e-04
2.40293561882068635e-04 -5.99295803903846826e-04 9.00785512194670441e-04
-1.18683600618707595e-03 5.66205954790910035e-04 -1.42465008043955407e-03
-6.75293222208411814e-04 5.09534999364382878e-04 -4.04728679590847659e-04
-8.46483389072760209e-04 2.69829868150587193e-04 7.01638327139090644e-04
-2.88356211369874106e-04 2.81741448069712476e-04 1.14729629103694922e-03
2.06879185681655716e-04 -5.25475180268916405e-04 7.31638889117739886e-04
8.63263824682033998e-04 -2.80645527670865330e-04 -1.82080168168127169e-03
6.78816567581832717e-04 2.01341914123157929e-04 -5.25723594564584925e-04
1.33680330583099238e-03 1.39625782797944968e-03 7.68522735530935311e-04
9.62605681304816224e-04 3.73719569059700408e-04 4.25691488795427217e-04
-9.56967924437615515e-04 -1.16901041747462220e-03 2.99222078551954413e-04
-7.43673710312127672e-05 -1.19786974165572019e-03 3.20983437820876070e-04
3.71740779779730439e-04 8.83651967300434250e-04 5.85069459661813297e-04
6.06462822952720179e-04 6.04756941453970251e-04 1.20171036026474462e-03
4.11537197589722104e-04 2.20267332391106728e-04 -6.23073894585504662e-04
2.05860438755022207e-04 8.87521784601339576e-04 -8.58517037703791742e-04
-1.17440496760661092e-03 9.60670292528026598e-04 -5.08688103767650376e-04
3.53971976226158912e-03 -2.55229858623509686e-04 -2.43400081556601703e-03
