2.30287716140665350e-04 3.93910171782684405e-05 6.24421810928782895e-04
2.52340365475694291e-04 2.19962621072626005e-04 2.07934412361481609e-04
3.91948509067428818e-04 3.11558203041364566e-04 -9.77203966343061887e-05
2.71554466281415303e-04 4.08902627372397247e-04 -2.75017662646707165e-05
1.73115767498732705e-05 5.18836763831910758e-04 -2.84176872716939037e-05
-3.89024007491638014e-05 3.73119653704276355e-04 -3.77919850031545868e-05
-2.21772884224949489e-04 7.10705353900953308e-04 6.33407050936266464e-05
-1.56562823399991808e-04 3.07922566701263089e-04 1.93207998036621536e-04
-5.17816380420314001e-04 2.03926600256303049e-04 2.42246502725491550e-04
-5.40685969335160809e-04 1.81163956548606843e-04 3.52831022022963094e-05
-2.85857138289254543e-04 1.14332061791563696e-05 1.06385656009863434e-04
2.73974062183844841e-04 9.62536417650079453e-05 -8.08369257655385659e-05
6.11520479771534946e-04 -9.60352645235875346e-05 -7.44850289555387614e-05
6.10623498990672591e-04 1.16847933402792298e-05 -1.27745204362653012e-04
2.06240370459483244e-04 -2.07463682105412994e-04 1.18431081693313875e-04
-2.71148031442526507e-04 -1.11575311252496258e-04 -4.43878076249848945e-05
-5.80965301851391665e-04 -2.93595659100156353e-04 8.15578129969263098e-05
-4.79211235836274612e-04 -2.96070684263182631e-04 2.78729772639923626e-05
-1.44413303515441778e-05 -3.72872114182527749e-04 -2.00329271214910216e-04
6.98380127593194573e-05 -2.06137165149559510e-04 -5.44768006717204971e-04
4.88907765307966291e-05 -2.59416705046674849e-04 -3.63690792160353490e-04
1.64710063529142735e-04 -3.96302728556088358e-04 -2.38937766655098068e-04
2.00953919249873133e-04 -3.55100467901962196e-04 -2.65824173545967989e-05
1.69089530903655111e-04 -4.48358005923209615e-04 -2.17608176248675520e-05
2.23982097800873124e-04 -4.10895181306693660e-04 5.32217585620783939e-04
-1.11154959513321949e-03 4.70208133400488635e-04 -9.79149088526482057e-04
1.13359614387388658e-04 -8.21533025433361048e-06 3.71696301621443398e-04
1.97173164535963932e-04 -3.10639051302838786e-05 3.15880187015915657e-04
6.65721554137352518e-05 -1.15857393562451304e-05 4.18236815253909789e-04
2.44887632659431084e-04 1.26356060097426975e-04 -2.34823115666598015e-04
3.16164135794338031e-04 8.21091564391064567e-05 -5.60551039787796180e-05
1.77465892543761443e-04 1.53783225879485012e-04 -3.26772126660777943e-05
2.00603633974060657e-04 1.99285435132821946e-04 1.08595901188632642e-04
-1.31080226201958313e-04 2.36713203850676270e-04 2.91617392358301566e-05
-2.47617493771119855e-04 3.35831049676874895e-05 2.78098500419115603e-04
-2.55519170193435358e-04 1.14179538219688265e-04 1.36346930819878964e-04
-3.10458075394279851e-04 2.18865850405272710e-05 7.79819707884045227e-05
-1.35084699490985394e-04 -8.36268516784559112e-05 2.88744481864704834e-04
1.37789335726315351e-04 7.34681736879650745e-05 -2.70517466466986306e-04
3.28324854393363197e-04 -3.76964713240615933e-05 -9.22964620885783374e-05
3.15041469017393236e-04 -8.75152810107176842e-05 1.31802447819924300e-04
2.90602703319548428e-04 6.27696255012626510e-05 -2.20751720497104403e-04
3.61552041924894448e-04 -1.40168425683502638e-06 -2.86468574719398810e-05
-1.16256535393062125e-04 4.67330709182542145e-05 -2.25963679973845762e-04
-3.37391990971302612e-04 -1.18467142655067815e-04 -2.53907006609321421e-05
-3.00522362422176044e-04 -1.57269193998629418e-04 1.51324450932266370e-04
-2.98083771070478231e-04 -1.30459944201968895e-04 -6.68166905219131328e-05
-2.51188846501886715e-04 -2.22699678734726439e-04 1.15044093140156468e-04
-5.42104475159665492e-05 3.52589350697797173e-05 -3.59638157576958224e-04
1.31922128713717773e-04 3.17450229227760788e-05 -3.01392477793466240e-04
1.94068771308169365e-05 -7.81287816159638681e-05 -1.97219021411203699e-04
-7.59707227280528120e-05 -1.40101770885510163e-04 -1.98963721358057352e-04
1.14404391621228323e-04 -2.32184560157883536e-04 3.34876134717967640e-04
1.58312055435580190e-05 -2.14525463317810980e-04 3.04181899697865193e-04
1.69312743181466503e-04 -1.91889340189101897e-04 2.63495852153986789e-04
-2.11381993086759353e-04 1.17713832058787961e-04 -3.53110001334688557e-04
