-2.53728050947366057e-04 3.27835714632074282e-04 -3.85524649061608216e-04
-8.76097359876482074e-05 -1.83186173996041646e-04 -9.71123039499310892e-05
-1.95205903660067293e-04 -1.54593464163355065e-05 4.02522218744927329e-04
-3.57833705187715623e-04 2.01671558084370872e-05 2.65420608838162764e-04
-1.54916502696167413e-04 -5.77248052795908961e-04 -2.84135964912501926e-05
-4.88899068419867966e-04 4.49986032002414049e-04 3.63028574722701336e-04
-3.49142374789224164e-05 -6.63180117127737390e-04 -6.76969802294147271e-04
3.89986937562536440e-04 -4.93887157770878105e-04 -3.70846650335820982e-04
5.72267146193183862e-04 -1.52651171593021218e-04 -5.45686800396794069e-04
9.66851255181921942e-04 -1.69891936252830611e-04 -7.95326130775819706e-05
4.89780862751310053e-04 1.92067345257118660e-05 -1.01192646363656991e-04
4.83909860635733935e-05 -9.32301859233319874e-05 2.88366664816130935e-04
-7.34924079987209211e-04 -4.06530585777276077e-04 6.18934491911860007e-04
-4.00603108129615748e-04 -1.70349642665712508e-04 3.75098810299512309e-04
1.14841240508312126e-04 -1.01448063094533580e-04 -2.64635877296415245e-04
6.39379593962097204e-04 1.17607929218999097e-04 1.86731165338294147e-04
1.70390147451016105e-03 1.02628760930079110e-03 -7.68377750453019814e-05
1.63583502172492956e-03 1.54028046492626913e-03 -1.12720728359527733e-03
-1.63493259984326400e-04 5.45808813708692497e-04 3.93557326741955649e-04
-5.10907816575256746e-04 -9.00619439846650494e-04 4.47444873972813184e-03
1.70709323290196835e-03 2.25160218880926521e-03 6.82080850180710740e-03
-2.53531564322173608e-03 6.18108326928012985e-03 1.43403808662867505e-03
6.31267539753110896e-03 -6.02326512800388514e-03 -3.46336822341086759e-05
-6.12144692285099268e-04 3.82593341115011754e-04 7.35617532303223243e-04
2.22494509385828820e-04 6.76958286384810037e-04 -3.27222263806170588e-03
-5.64646047077843605e-04 3.80652724103924811e-04 6.91637518553278596e-04
-1.79691611438936860e-04 1.00092173801247242e-04 -3.05500030481464790e-04
-9.74757316565266763e-05 6.56583265367105540e-05 -2.73661282941928263e-04
-6.43727302355179276e-05 -1.13182508740816701e-05 -4.18912647449420916e-04
-2.07156055140433892e-04 -1.27909886793342586e-04 1.75105837823430477e-04
-1.65284910611518399e-04 -1.27284615143219426e-04 1.17502357047383210e-04
-1.44417570938415452e-04 -1.14001231047877738e-04 5.69837096390246600e-05
-1.97564628542368226e-04 -1.26533948214158087e-04 1.06963572981122468e-05
-1.81471772764396633e-05 -1.72453041352937930e-04 -1.13293255937924053e-04
3.28032923237797647e-04 -6.53967743327044104e-05 -2.74176987939078742e-04
2.85031621297893167e-04 -1.15979136855903775e-04 -1.20319143053770894e-04
2.61904695534553866e-04 -1.25601153966314882e-05 -1.24876490944503260e-04
1.38469692103515563e-04 1.13011318594424814e-04 -2.82084555154327177e-04
-8.90241044604334064e-05 2.78821984078803098e-06 1.06207682561976213e-04
3.11230640856141605e-04 3.63767419367388989e-04 4.32512238282001249e-05
-2.41620931926700422e-04 -2.05404963444122401e-04 6.17263200896278619e-04
-3.09721174462040949e-04 -8.21760394679182937e-05 7.44559067893391102e-05
-3.30817595275867404e-04 -1.56799911883442888e-05 7.52102983074542930e-05
1.70773642560573258e-04 -5.67625016573147789e-05 2.21144564236830377e-04
-5.89148176564080472e-04 7.28830997375456285e-04 -3.32331367308147385e-04
2.48874969222434572e-04 5.63572225689146222e-05 1.06176885638342711e-03
-1.00319055143271996e-03 -4.47936904977241923e-04 -2.13333409186056144e-03
5.12422041052396082e-05 -1.64509502470622238e-03 1.18873397814178716e-03
-2.80956679679111865e-03 3.07893251194046869e-03 -8.19758546173776637e-04
6.05808550990527550e-03 2.28511929263885971e-03 -6.21489436937849860e-04
3.83583055779901372e-03 -2.39753986503776773e-03 -1.05869116334038615e-02
-1.23611434988486479e-02 -4.78930355971174393e-03 8.51064069151474811e-04
7.40291597272069168e-05 2.53930685974401021e-03 1.79679368839202880e-03
-2.88433690625122807e-03 -1.98015961459097056e-03 3.88636053060498199e-04
1.82006369568155080e-03 -1.08652859104818589e-03 -7.20683764508844860e-04
5.52096872529550531e-04 2.24918915253002893e-04 3.06438325557989444e-04
