-2.34403348067007073e-05 3.67226731810342696e-04 2.38897161867174680e-04
1.64730629488046084e-04 3.67764470765843596e-05 1.10822108411550520e-04
1.96742605407361525e-04 2.96098856625029059e-04 3.04801822110621168e-04
-8.62792389063003198e-05 4.29069783180834334e-04 2.37918842573492037e-04
-1.37604925946294132e-04 -5.84112889639982038e-05 -5.68312837629440963e-05
-5.27801469169031801e-04 8.23105685706690404e-04 3.25236589719546756e-04
-2.56687121703871933e-04 4.75252367732159186e-05 -6.13629097200520611e-04
2.33424114162544632e-04 -1.85964591069615016e-04 -1.77638652299199446e-04
5.44507657728698609e-05 5.12754286632818314e-05 -3.03440297671302519e-04
4.26165285846761134e-04 1.12720202957762323e-05 -4.42495108752856612e-05
2.03923724462055510e-04 3.06399407048682390e-05 5.19300964620644367e-06
3.22365048247418235e-04 3.02345584167595786e-06 2.07529739050592369e-04
-1.23403600215674265e-04 -5.02565850300863638e-04 5.44449462956321300e-04
2.10020390861056843e-04 -1.58664849325433291e-04 2.47353605936859297e-04
3.21081610967795369e-04 -3.08911745199946602e-04 -1.46204795603101370e-04
3.68231562519570697e-04 6.03261796650283837e-06 1.42343357713309239e-04
1.12293617265876939e-03 7.32691950200634696e-04 4.72003795162432834e-06
1.15662378588865500e-03 1.24420978066308650e-03 -1.09933430633128498e-03
-1.77934590335870581e-04 1.72936699526164749e-04 1.93228055527045432e-04
-4.41069803815937302e-04 -1.10675660499621000e-03 3.92968073301092676e-03
1.75598400943276505e-03 1.99218548376259037e-03 6.45711770964675375e-03
-2.37060557969259343e-03 5.78478054072404171e-03 1.19510031997357687e-03
6.51362931678098247e-03 -6.37836559590584766e-03 -6.12160995887054782e-05
-4.43055161381444157e-04 -6.57646648081978611e-05 7.13856714678355684e-04
4.46476607186701972e-04 2.66063105078116378e-04 -2.74000505244092205e-03
-1.67619564221106309e-03 8.50860857504413446e-04 -2.87511569973203460e-04
-6.63319970515482022e-05 9.18768435469136346e-05 6.61962711399786074e-05
9.96974328794372560e-05 3.45944214064266753e-05 4.22189040739873937e-05
2.19942517821732422e-06 -2.29039902303268005e-05 -6.75832195511127162e-07
3.77315775189971921e-05 -1.55382669591561150e-06 -5.97172778431675382e-05
1.50879225182819633e-04 -4.51754587041129695e-05 6.14472530686035990e-05
3.30483216053459913e-05 3.97819948316072744e-05 2.43064969729468657e-05
3.03900543169243159e-06 7.27514869186638585e-05 1.19292258486744889e-04
-1.49227403478397976e-04 6.42601624977383399e-05 -8.41315167020938967e-05
8.04154294666777915e-05 -3.18136693650169209e-05 3.92151248003686035e-06
2.95124511044578090e-05 -1.79959863621550998e-06 1.60277877661080704e-05
-4.85533798597259842e-05 9.32646964389578274e-06 -4.68945201560987373e-05
3.38499261253016859e-06 2.93844669159689032e-05 6.65992671037765735e-06
4.87652312658819447e-05 7.62563935287531054e-05 -1.64309783905010093e-04
6.39555495249504802e-04 3.26070948043327409e-04 -4.90452382603782125e-05
7.34205370906928145e-05 -2.92920244454840059e-04 7.49065648716202865e-04
-1.91184711424925214e-05 -1.94064139666556428e-05 -1.46295813707765293e-04
3.07344466490270434e-05 -1.70816754451793152e-05 4.65634408355144086e-05
5.45171071675111323e-05 -1.00294307390605644e-05 -4.81911573701538547e-06
-9.26540167535383138e-04 6.10363854720388484e-04 -3.57722067969079517e-04
-5.16473931997414723e-05 -1.00911971429714796e-04 1.21309330731569345e-03
-1.30127432250319824e-03 -5.78396849179210791e-04 -2.20015078238247445e-03
-1.99946642396647107e-04 -1.86779470344094881e-03 1.30377807128194368e-03
-2.86377724430708505e-03 3.11419144701024836e-03 -1.17939670375073486e-03
6.19000763861899360e-03 2.31686431556163593e-03 -9.22881914731316045e-04
3.85523743492983051e-03 -2.47566864665373174e-03 -1.07841306548150644e-02
-1.24371142215767005e-02 -4.92940533059725398e-03 6.52100347793417405e-04
1.88433551348435226e-04 2.30712229958612673e-03 2.13166982310999649e-03
-2.86850570070767020e-03 -2.19468507790878146e-03 6.92817952758363392e-04
1.98937643886301727e-03 -1.27841793123728781e-03 -4.57187912354858070e-04
3.40714879442791151e-04 3.42632747311790841e-04 -4.66716757766991132e-05
