2.13413334374944343e-04 -4.31090585358475417e-04 4.36932742926530093e-04
2.75837158372644882e-04 1.12470983108291659e-05 1.09477965492012398e-04
4.44473597628952753e-04 1.08985182083144136e-04 -1.02381842143040464e-04
4.47400675732507742e-04 1.23928226904700795e-04 5.41959421709919595e-05
3.07154361330336711e-04 3.20826876437126400e-04 2.43540191525110159e-04
2.05010590762144760e-04 2.27472579946973630e-04 2.18754461774347154e-04
1.65327177253579081e-04 5.20316196732999842e-04 3.73055634164999714e-04
9.15719927920587758e-05 3.10749883568292075e-04 2.07670349719545717e-04
-1.97952124659400469e-04 4.61728168700937071e-04 2.44492442137123262e-04
-3.04026286922733340e-04 2.28565063308279915e-04 4.09486920480121083e-04
-1.46029699380327246e-04 2.97197965599826653e-05 2.04707544223357233e-04
2.21662457082815411e-04 1.03624046179488587e-04 -1.32025571132519937e-04
4.13332892377377917e-04 -2.02706037777328880e-04 -3.70430036967067905e-04
4.84441904286533897e-04 -1.00221241012826817e-04 -3.31673687742689289e-04
6.88823060152734466e-05 -2.46032802459866438e-04 -8.54833998736248345e-05
-2.54500178087368805e-04 9.54974644483797501e-05 -3.43450448497707248e-05
-5.86543509891058329e-04 3.17591472394216425e-05 9.34770789709301773e-05
-5.42164054298189461e-04 -5.76921168653216760e-05 7.46057474884147470e-05
-2.18636520709438538e-04 -1.18669332974972056e-04 -2.72686143732080014e-04
-1.16105399657984428e-04 2.13051973961165343e-04 -5.23992386321328585e-04
-1.09944808538165581e-04 3.56957071225892322e-05 -4.31509590704980811e-04
-1.08179408451498138e-04 -2.53408688754461068e-04 -4.77720396421562189e-04
-4.06603821416658186e-05 -2.89753932438551463e-04 -2.52430992725694177e-04
-9.70850294880298121e-05 -3.69184472204496311e-04 -2.77346916385678586e-04
1.96852957643618022e-05 -6.77224333955510197e-04 1.19336143820833088e-04
-9.62985171437031966e-04 5.46879813169202336e-04 6.97571806754472491e-04
7.57214591471240235e-05 -2.62623422352948428e-04 2.54614347173449289e-04
1.42282189843806369e-04 -3.04083789475189943e-04 1.87874822545757564e-04
4.50029156947495592e-05 -2.75408583285780017e-04 3.07231705060220263e-04
2.29383486565124775e-04 1.37407403738868409e-04 -2.22101034766500165e-04
2.89637832022035557e-04 -5.38270032131258762e-05 -1.42627846857314785e-04
2.36567491150579436e-04 3.75730217030880581e-05 -3.57274034263678519e-05
2.80511495501125209e-04 -5.68446737108054998e-05 7.54409878462969461e-05
8.85944925558644484e-06 1.93401363805901420e-04 1.47121726114964247e-04
-8.29752094747410581e-05 2.09458794747300887e-04 1.41898933259212697e-04
-6.11002972539548435e-05 3.34706604155562428e-04 -1.40283562622890061e-05
-1.95191732877369003e-04 -5.13579758940264675e-05 2.80607851670131437e-04
-6.66972542228423372e-05 -2.13250244471564743e-04 2.11744417440080560e-04
8.32450285642374622e-05 2.16004670376844071e-04 -2.10989955264717936e-04
2.30013918530491056e-04 -6.89901876557792910e-05 -2.29866972680228853e-04
2.25200602979706827e-04 -2.54444814513454993e-04 -8.72909872422049100e-05
2.40074280621593812e-04 9.14010700269620813e-05 -2.49239840119293635e-04
2.93986641330332252e-04 -1.15166813559426873e-04 -1.70936143835984794e-04
-6.86667294220579612e-05 2.50806592410392237e-04 -1.44177346965071581e-04
-3.00126606926705351e-04 1.18214792340156001e-04 2.64823670755024320e-05
-3.16770766921839258e-04 -7.90562786931378321e-05 1.24336796755112526e-04
-3.28416425818970573e-04 3.91910206063517466e-05 1.60047601984694759e-05
-3.05306585781738797e-04 -1.49288676431976890e-04 7.78894775637270476e-05
-9.14501432373267985e-05 2.59697516735762554e-04 -2.17476029521437354e-04
8.76177660647026651e-05 1.87909568357966342e-04 -2.67405402915976156e-04
-1.82375054017326732e-05 6.00829540342203019e-05 -2.02406793268787680e-04
-1.38394767057084696e-04 6.30523147392267249e-05 -2.03045670951458704e-04
3.76962890845711408e-05 -3.95852384993353905e-04 7.87924945860959285e-05
-7.72002531520254445e-05 -3.44142080282782131e-04 1.43203561980411592e-04
5.09575350850541463e-05 -3.61664890241269847e-04 5.08641149921886698e-05
-1.79605274003072129e-04 1.63030450124317312e-04 7.79324571672605082e-05
