8.43556834024816737e-04 -6.01272900330407367e-03 6.79218350109422886e-03
-9.93584439092920491e-04 -9.10910834340361575e-04 2.01210146280939028e-03
2.00030144176821523e-03 -5.93651492356683796e-04 -1.14281679439152128e-02
7.14522644340753743e-03 -4.57638092007250918e-03 1.90414746417377767e-03
-1.74582307354533839e-02 -1.12782176956134350e-02 -1.31113304277334919e-02
2.32692928267344001e-02 2.24711973161859646e-02 2.44948695643998349e-02
-5.06975008523313786e-03 -2.43105966599976853e-03 -3.49105856605547160e-03
7.11560367016950135e-03 1.54668055450457587e-03 6.41712342629574550e-03
-3.18361304822190050e-03 1.13271135081216556e-02 -1.17676195507065984e-04
1.41091241141624302e-02 -9.52765743675076937e-03 6.25071921368380856e-03
-3.27597509194221814e-03 -1.01153218347107554e-02 3.55816348087145684e-03
-1.96414197564109827e-04 1.02586193235891798e-02 -3.58058227523150308e-03
1.01168374960884933e-02 -7.36217696083407702e-03 3.47664543064052367e-03
4.59723084095031709e-04 6.98326544852356790e-05 -1.16448875876340452e-02
1.00236843408052501e-03 6.81745195599603448e-04 2.10206388850320280e-03
3.17181039507330453e-03 1.05985723994059811e-02 -3.96880032552338058e-03
-8.39170365737729185e-03 5.41521626225072161e-03 1.22217092474672384e-02
-1.11215761854293049e-02 -4.59297019009330398e-03 -5.68036628230639273e-03
6.63977860627440464e-04 9.42530139305663983e-03 6.98729568040690197e-03
5.00849843285239293e-03 1.28911903533772687e-02 1.07962267538397327e-04
-6.77657652709839908e-03 5.63864384920886863e-03 -9.48260073530171610e-03
-2.06884913404570270e-03 2.39255750989748606e-02 -5.19307364379439917e-03
-5.78480667561676043e-03 -3.10268593701845674e-02 -2.89937231189192346e-02
9.19307273341979370e-03 -2.80963479592237775e-02 2.15513147991912568e-02
-8.71240196947564716e-04 -9.61582162080709679e-03 2.06748080260243938e-03
-1.82998151688984478e-02 -5.87904200354749662e-03 -1.23602091201924225e-03
-1.91788369676504367e-03 9.63265965060688956e-04 -3.78962751836731115e-03
-1.32103685561602013e-03 4.21034990188884350e-03 6.99681268452545524e-04
2.45316659497696321e-03 2.14358739011810684e-03 -2.56168615731189320e-03
-4.21216376338406917e-05 -1.88902337811658327e-03 3.66622383748271830e-03
-2.21809662527938656e-03 2.51145882637326956e-03 3.05156057690902927e-03
-4.40028119888014047e-03 -7.14033935705793432e-04 7.09360195630948098e-05
-2.05967426382613894e-03 2.22489427889072111e-03 -2.78030376282156766e-03
2.56655652535642265e-03 -4.99969132567423813e-03 -3.43206322795697183e-03
1.66695073922129566e-03 -2.82351703985694868e-03 -1.82770313146773944e-03
9.14289211052576878e-04 -3.20931697878323874e-03 2.66912973513799834e-03
8.65716656664738959e-04 3.09314347896938457e-03 -4.01396657846264659e-03
-2.36695067448611240e-04 2.58865529402552141e-03 -2.09843566797474068e-03
1.12558222721326207e-04 -2.69829321693038082e-03 2.05626957447502257e-03
-3.60224476206649769e-03 4.23381077863875521e-04 9.63770078981740497e-04
-1.74614712908671699e-03 3.54447042878058838e-03 -1.61788347136004873e-03
-3.85982637793880201e-04 -2.33283426244845771e-03 3.13184393924492710e-03
-2.54357955101336408e-03 2.13036596320970162e-03 3.04675395876907729e-03
-3.08902344118289207e-04 -2.92569774305251329e-03 1.77828521870981859e-03
2.84638396799907767e-03 -3.19339205701552054e-03 -1.24593685072452859e-03
2.04989284220857826e-03 2.15422986395052973e-03 -3.73811485597386195e-03
3.94553701845801186e-03 -2.89620337418083906e-05 2.46999802509018096e-03
2.95322962326194371e-03 3.87157693825157523e-03 -6.53296122342550412e-04
9.71048801712282028e-05 -5.42274782978013903e-03 -4.82955016886221777e-04
-4.39931719212904859e-03 -1.34047706204287742e-03 1.35175273507504023e-03
-1.80369168301219851e-04 -1.10361667712477463e-03 5.23152624099365582e-03
4.18690589251857759e-03 1.24108699484626328e-03 1.93393956220067054e-03
-2.78543309765155733e-03 1.48896396744602200e-03 -3.43026519126810037e-03
2.43135155153417770e-03 2.62630248699435853e-03 -2.85844188234674057e-03
-1.20670134440653554e-03 4.93301889237329760e-03 -9.57170491791003997e-05
1.77209892673402258e-03 1.04273825469984871e-02 6.81702650654147924e-04
