1.05697016839976111e-03 -6.44381958866254920e-03 7.22911624402075917e-03
-7.17747280720275609e-04 -8.99663736029532443e-04 2.12157942830140276e-03
2.44477503939716798e-03 -4.84666310273539633e-04 -1.15305497860582525e-02
7.59262711914004528e-03 -4.45245269316780871e-03 1.95834340634476944e-03
-1.71510763741230463e-02 -1.09573908191763093e-02 -1.28677902362083815e-02
2.34743034174965462e-02 2.26986698961329399e-02 2.47136240261741809e-02
-4.90442290797955902e-03 -1.91074346926676858e-03 -3.11800293189047183e-03
7.20717566296156034e-03 1.85743043807286789e-03 6.62479377601529144e-03
-3.38156517288130086e-03 1.17888416768225923e-02 1.26816246630057279e-04
1.38050978272396974e-02 -9.29909237344248886e-03 6.66020613416393008e-03
-3.42200479132254544e-03 -1.00856020381507733e-02 3.76287102509481391e-03
2.52482595187055836e-05 1.03622433697686690e-02 -3.71260784636402285e-03
1.05301703884658707e-02 -7.56488299861140558e-03 3.10621539367345566e-03
9.44164988381565552e-04 -3.03885865275911382e-05 -1.19765612753767337e-02
1.07125074009579838e-03 4.35712393139737011e-04 2.01658048862957779e-03
2.91731021698593551e-03 1.06940698638543601e-02 -4.00314537037315104e-03
-8.97824716726835018e-03 5.44697540949014292e-03 1.23151863264381687e-02
-1.16637402397274936e-02 -4.65066230695862590e-03 -5.60576053481797766e-03
4.45341339918001926e-04 9.30663206008166752e-03 6.71460953667482163e-03
4.89239303319440825e-03 1.31042423273384345e-02 -4.16030118782931258e-04
-6.88652133563656503e-03 5.67433955633145793e-03 -9.91411032600669762e-03
-2.17702854249720093e-03 2.36721664102204007e-02 -5.67079404021596147e-03
-5.82546705775842649e-03 -3.13166133026231211e-02 -2.92461541116449293e-02
9.09598770393176340e-03 -2.84655324314282733e-02 2.12739678828055799e-02
-8.51554901183202958e-04 -1.02930459547626064e-02 2.18681694642327250e-03
-1.92628003403354786e-02 -5.33216219037829439e-03 -5.38449105264769755e-04
-1.84216223761791975e-03 7.00642542707740528e-04 -3.53501317119386208e-03
-1.17875466577221379e-03 3.90626611241365329e-03 8.87556090998303142e-04
2.49816951067171299e-03 1.86817880683232693e-03 -2.25445445225167310e-03
1.87261848931284084e-04 -1.75161597437771478e-03 3.44412280271621813e-03
-1.92845879325735095e-03 2.45763182316014383e-03 2.90893273005171432e-03
-4.16371370772956103e-03 -6.76460914002705374e-04 3.52086161367269580e-05
-1.77916276832501379e-03 2.16804960517991575e-03 -2.70486277497527074e-03
2.57541597461200889e-03 -4.80628996186833676e-03 -3.28494150184200761e-03
1.58397552974655462e-03 -2.61405824510964769e-03 -1.68580419820852680e-03
8.53188913798622007e-04 -2.87461037462767620e-03 2.65510137887570944e-03
6.70524923787369984e-04 3.04178550307535826e-03 -3.73335872679251505e-03
-3.03392321671453564e-04 2.37540504955395656e-03 -1.88669125053466009e-03
1.95803251285563682e-04 -2.48228854655353683e-03 1.84527961921030458e-03
-3.37223084353600660e-03 3.54390890208096257e-04 7.33903106301511590e-04
-1.52094652610701019e-03 3.29002561426713349e-03 -1.70517445860225367e-03
-1.45908357172286389e-04 -2.24143319242149554e-03 2.88260409912563347e-03
-2.24959290968303194e-03 2.01519914965027488e-03 2.87581781493309249e-03
-3.77569073540347168e-04 -2.67489115064212116e-03 1.63410787174474701e-03
2.54625736107237221e-03 -3.07517726467536464e-03 -1.21945448364902623e-03
1.73312207528673900e-03 2.07517358525739206e-03 -3.61377805921874948e-03
3.61712059263904128e-03 1.02289868645433560e-05 2.48600278528865026e-03
2.64792303748020508e-03 3.72228826181959837e-03 -5.75406644778823310e-04
5.65473693390140429e-06 -5.16305031304437664e-03 -7.00431046407659131e-04
-4.31169942606434570e-03 -1.15256749368491105e-03 1.08434733215906397e-03
-1.98606673702952517e-04 -1.04353372309055436e-03 5.02911944772486789e-03
4.04851112546149305e-03 1.30413930958549001e-03 1.73089389124921186e-03
-2.74773680856698612e-03 1.09311158245266804e-03 -3.35147269668200449e-03
2.35415129838215239e-03 2.28216040671157640e-03 -2.71523832036632898e-03
-1.15574380932148145e-03 4.57135400213202776e-03 -4.48529341869117299e-05
1.59249365273095040e-03 1.05904129971228049e-02 7.59635107821408418e-04
