3.23150870997776203e-04 -4.06101586853089256e-04 4.33452104757957595e-04
3.57589557909555043e-04 -3.39521487929437282e-05 1.16467466429496245e-04
4.58850611121708048e-04 1.12037767142635100e-04 -1.90027741880786786e-04
4.47977192346942150e-04 1.88260637179116995e-04 -3.82048819088264119e-05
3.32296102447118000e-04 3.94287253201767551e-04 1.07997548639363124e-04
1.93440640441817300e-04 3.00699920584368910e-04 1.00885521229939073e-04
2.77217698102813037e-04 5.82105329792171407e-04 3.48611288432601669e-04
9.59641237482891678e-05 2.25065284277048476e-04 3.02658969678488033e-04
-2.03698909323647942e-04 2.94420213365920896e-04 4.86718259582154353e-04
-2.65604725843982805e-04 3.68460679254468948e-04 3.10326672290032112e-04
-1.82604469378191373e-04 1.26238069283520632e-04 2.20808800743221747e-04
2.30434093613397968e-04 3.31947953592746106e-05 -1.53165682879407075e-04
3.94995462663594863e-04 -3.29642653261830046e-04 -3.51651648444574916e-04
4.52229518416724001e-04 -2.41947553672200677e-04 -3.97512260806944006e-04
4.89840099509893841e-05 -3.11479604880898601e-04 -5.20471467238529820e-05
-2.89483044325818128e-04 9.14436807646615735e-05 6.96151003899501676e-05
-6.22720873879036301e-04 1.55404656837600713e-05 2.60268221882483384e-04
-5.42447738133033366e-04 -1.55680802070338593e-05 1.60972973809201167e-04
-2.82104088631068015e-04 -1.77898260043431514e-04 -2.47476859240488222e-04
-1.78754243396794652e-04 8.06383106030746148e-05 -5.48143257717355662e-04
-1.99982279272813368e-04 -4.07423172547407317e-05 -4.24949243299131316e-04
-1.77269330708788262e-04 -2.83039068090086099e-04 -3.95883068579463971e-04
-8.42151446488939294e-05 -3.36859905830902916e-04 -2.00706259619728479e-04
-1.65584544860465887e-04 -4.01317430640495208e-04 -2.05178864493194918e-04
1.08492094066885131e-05 -6.71653889737510151e-04 2.48229805679585965e-04
-7.12027305069644735e-04 1.36227782734043494e-03 -2.50033133979916662e-04
1.57924339822335081e-04 -2.42021010266772681e-04 2.66473939859485196e-04
1.96814900617273510e-04 -2.73366655611077944e-04 1.69947971801767629e-04
1.30783854771503860e-04 -2.46384039860958275e-04 3.22575572577167883e-04
2.02000008076902893e-04 1.11936826417012711e-04 -2.73833553819888677e-04
2.80062495539957948e-04 -6.09594111199790334e-05 -1.69953674712654566e-04
2.14969173078404332e-04 4.27372512097269375e-05 -6.53873151621705607e-05
2.99832865361534856e-04 -1.10778608486614088e-05 4.73928176452739322e-05
5.43187841546187989e-05 1.98957091252171387e-04 1.32993671447819632e-04
-1.10464000661010897e-04 9.29789391184541002e-06 3.55970136204170442e-04
-8.33262341397959794e-05 1.28681769015490918e-04 2.49160816568689083e-04
-2.04919692110937213e-04 1.10556768490842959e-04 2.17483377305150832e-04
-1.00572344763110488e-04 -1.47627735085241186e-04 2.88466441961321353e-04
8.93305754775818614e-05 1.52615779456962260e-04 -2.60827242498329890e-04
2.17097265014810469e-04 -1.27947741940496535e-04 -2.50987146249853849e-04
2.14286572520805288e-04 -2.63051728504078554e-04 -6.53269576464106345e-05
2.20219801711707180e-04 7.89766710728608792e-06 -2.94912082944491104e-04
2.62983470379208348e-04 -1.37820882459814022e-04 -1.75735122536752796e-04
-1.08924625731532753e-04 2.09705353039904845e-04 -1.11690431255577076e-04
-3.34789052511261502e-04 8.98741473596935940e-05 8.33948183548729837e-05
-2.98521856743837546e-04 -2.96109198296439877e-05 1.99516274040322124e-04
-3.35161106276383308e-04 6.69916390258151425e-05 4.64441290032943660e-05
-3.08057213305235435e-04 -1.08940971128259931e-04 1.41384886916349540e-04
-1.05793577327500634e-04 2.26281285240966369e-04 -2.70296762754319018e-04
5.07532013624700874e-05 1.17920396269800904e-04 -3.11445986477097746e-04
-4.71113810168628799e-05 2.45116622361539043e-05 -2.07811442790511308e-04
-1.48607174542214485e-04 2.75963139897655147e-05 -1.93782355407285561e-04
1.86035690755021599e-05 -3.89239048832114287e-04 1.57324785399243011e-04
-4.11728066132198932e-05 -3.11264675429845849e-04 1.93112820666787460e-04
6.07883683672870060e-05 -3.50750374015555873e-04 1.02591229394188860e-04
-1.60830573284236289e-04 2.50033476341998218e-04 -3.42762988613644164e-05
