3.00156072410100450e-02 -5.17374831940387025e-03 2.78421400339841085e-02
-1.16244490930288435e-02 3.99779771162034336e-03 6.17343268716408211e-03
2.61103441338619291e-02 4.40179230973913871e-03 -2.82008101653632437e-02
-3.52540033212100923e-02 -1.40764952799494053e-02 3.46382836916653836e-02
3.16585121590984286e-02 -1.06059000130822589e-02 -2.22351566417549051e-02
-5.33289911366985336e-03 9.16203374740476306e-03 7.56704538367891644e-03
6.66796656725887615e-03 -2.74794272975320553e-03 3.78733792214536180e-03
-3.51781488809803644e-02 -1.72034682694430785e-02 -1.45179036638261039e-02
4.66053184040284840e-02 -1.15664760265747901e-02 8.48682478905260496e-03
-2.96128759232310301e-02 -1.45801189980763191e-02 -2.17937566283250561e-02
3.14350207803881787e-02 -1.03364933307532603e-02 4.28559796760978884e-02
-4.26025263011799993e-02 1.88134492979004087e-02 8.25047034266557233e-04
3.95241265495673844e-02 3.80225994380900545e-03 -4.52245821723167296e-02
-1.97600618672888473e-02 7.70280004217216430e-03 4.51262763998467875e-02
5.73623318768379242e-03 1.18319460155786871e-02 -2.85032668509670462e-02
-4.16358194121340119e-02 -5.33594339907761395e-03 2.05093170208194842e-02
5.33814062893718244e-02 1.20798162806017295e-02 -2.72139173806982271e-02
-3.82990453907741113e-02 1.41422495177010443e-02 -3.58016949165738119e-02
2.12036205267938094e-02 -1.53114193317634983e-02 2.71772015181772630e-02
-5.10323501991458706e-02 3.33785769015459977e-03 -2.37321851754614954e-02
5.84276304509074862e-02 1.25161533075126563e-02 3.23841172848808867e-02
1.45217020762711257e-03 4.78082511398003618e-03 1.59366516420513804e-02
-5.20626585792971497e-03 -1.91653201746717627e-02 -1.88071464536516686e-02
-6.51756829834271301e-03 2.06291073575144424e-02 -5.89940775643116311e-03
3.12672105334353967e-02 -1.51064324138161510e-03 -1.46498296856822918e-02
2.49384230180460520e-03 -4.29259637300205554e-03 3.80114228621231121e-03
-1.31085673761450749e-02 -1.43360940172837514e-03 -9.15189875158706201e-03
-6.75277984208721982e-03 -1.39658048094837284e-03 -6.21029981933315933e-03
-2.41119612273132944e-03 -6.63725368632350765e-04 -2.27579384205967017e-03
-2.52533738882443348e-03 -3.35843994690110392e-04 4.56069695564442767e-03
-4.07515024664517611e-03 4.36133259000470730e-03 8.33384762978872651e-03
7.73719228562708139e-03 2.85545909437456835e-03 -6.43325825928453554e-03
2.34451440239702436e-04 8.80472744943983088e-03 -1.16074576718825373e-02
-7.14941676037139651e-03 8.10355860758571467e-03 6.87768238946939725e-03
-2.30270571370605470e-03 7.64287961913900915e-03 -8.37037904288795431e-03
-1.16827632808564896e-02 1.42480919544296647e-02 9.93669704559563272e-03
1.70599501501409456e-02 3.10665792487133108e-03 -8.40534889183253142e-03
-2.61222102104646803e-03 1.95641093592913151e-02 -2.48202360625677798e-02
5.32489320362805607e-03 -6.76639056270467165e-03 7.21431677355388601e-03
-2.77247444711341551e-02 -7.80762435645737662e-03 1.50278696679517765e-02
3.30727314728385124e-03 -1.17940211594302902e-02 1.59291953389499863e-02
-2.60378619685330825e-03 7.98323453645433112e-03 -9.67624645957299023e-03
1.02789142467953898e-02 -1.73540502869466984e-02 -1.31535458405902528e-02
-4.05853381013887571e-03 3.10502133302836825e-03 -5.49657849559492817e-03
-3.38620597337557783e-03 7.28839485812815546e-03 -2.81918719835649867e-03
-2.45448399908765325e-03 -1.01755498747256867e-02 2.39484204475037821e-02
2.14823210590071589e-02 -1.71183317376424338e-02 1.90133742774221126e-02
-5.74696616905345792e-04 -1.11647524922187102e-03 -3.46821710768341340e-03
1.17307854777803922e-02 -1.74261904993087136e-02 -1.71086628886985004e-03
7.40913083631045133e-03 1.41767860498975828e-03 -4.08608240860131033e-03
4.04786291745784510e-04 3.08822255958685066e-04 6.92972043650819103e-04
-2.72618324914031263e-02 4.82128002625203944e-03 1.03846666112294983e-03
-2.77704385569665924e-03 1.01696396527417576e-03 -1.85960962247744277e-03
-2.34541000468704297e-02 -8.26593957583998673e-04 1.35247240199185548e-02
-8.07597152270966845e-04 2.88062623109208715e-04 1.11813269013255612e-03
-9.34295088149905695e-04 3.93167325732468598e-03 1.94307534385984582e-03
