3.03387581120078201e-02 -5.57984990625695967e-03 2.82755921387420651e-02
-1.12668595351192880e-02 3.96384556282739983e-03 6.28990015359357814e-03
2.65691947449836381e-02 4.51383007688177344e-03 -2.83908379072440320e-02
-3.48060261288631531e-02 -1.38882346427702877e-02 3.46000788097565598e-02
3.19908082615455447e-02 -1.02116127598804920e-02 -2.21271590931155435e-02
-5.13945847322803614e-03 9.46273366798913197e-03 7.66793090490885520e-03
6.94518426536168930e-03 -2.16583739996103423e-03 4.13594921057796380e-03
-3.50821847572320780e-02 -1.69784029851660287e-02 -1.42152446941476163e-02
4.64016194947048377e-02 -1.12720558132088696e-02 8.97354304863475991e-03
-2.98784806490750114e-02 -1.42116583188218494e-02 -2.14834299560350238e-02
3.12524163110099867e-02 -1.02102552614697396e-02 4.30767884768411130e-02
-4.23720922075666029e-02 1.88466440932596839e-02 6.71881351387150104e-04
3.99191220122309814e-02 3.47261729054717562e-03 -4.55762338207613069e-02
-1.93078323488721226e-02 7.46085248849996403e-03 4.47287641390398463e-02
5.78521719763478142e-03 1.15204664106977883e-02 -2.85553139976908975e-02
-4.19253024564598328e-02 -5.24449971831295221e-03 2.05789321212094360e-02
5.27586854154927856e-02 1.20953567462854898e-02 -2.69536491588157449e-02
-3.88414931289071466e-02 1.41266814374940101e-02 -3.56407219427646096e-02
2.09215164381627398e-02 -1.54893175918069306e-02 2.69297246589367753e-02
-5.12111044425426626e-02 3.41849600075767434e-03 -2.42803284331788508e-02
5.82276481716346717e-02 1.24754109902579149e-02 3.19591680415817550e-02
1.27490087691832423e-03 4.49778604588994997e-03 1.55407685734719157e-02
-5.29048100257860886e-03 -1.95021800805026645e-02 -1.90078527132713955e-02
-6.68315284320317865e-03 2.02277899268739486e-02 -6.10458662092435832e-03
3.12780597428420834e-02 -2.18229713111912525e-03 -1.44015998800027054e-02
1.78181499673496046e-03 -2.93031854566162039e-03 3.55110915223239444e-03
-1.29506430363227395e-02 -1.67563041199514785e-03 -8.88542481172757692e-03
-6.55596494146994634e-03 -1.66994713655945078e-03 -6.04035184753139165e-03
-2.28041226795982566e-03 -9.10109408493309040e-04 -1.95321826948250234e-03
-2.32333738074753070e-03 -2.23907168273097682e-04 4.28686340182453905e-03
-3.79508775110521833e-03 4.30037317888472791e-03 8.16389395507607224e-03
7.95216145870548605e-03 2.89819634558429514e-03 -6.49864557444670629e-03
5.34284305601237346e-04 8.79364958859116946e-03 -1.15600648542372626e-02
-7.09509797621677742e-03 8.30251569883788676e-03 7.01067606091721699e-03
-2.41316971436706567e-03 7.65217751305085486e-03 -8.01440890668378425e-03
-1.17660895149962856e-02 1.43767737234451552e-02 1.01858578621643221e-02
1.68550304580300098e-02 3.21721469336217402e-03 -8.18786551452737980e-03
-2.71279336580957861e-03 1.94164816242060750e-02 -2.45317696206064570e-02
5.41422377910563777e-03 -6.61377478324770909e-03 6.95348953105555650e-03
-2.75076472061193435e-02 -7.93557209839787329e-03 1.47768825217019228e-02
3.52155971980465648e-03 -1.20570728879343687e-02 1.58638683813035752e-02
-2.38356639514160102e-03 7.99113220356161696e-03 -9.97115854251748139e-03
1.05418977171745989e-02 -1.74918711694065122e-02 -1.33292809631270059e-02
-4.16745843587040810e-03 3.31472668606827298e-03 -5.60826892685050565e-03
-3.72099502588683949e-03 7.37826900548784869e-03 -2.73579238000162556e-03
-2.75300585583149095e-03 -1.02051607945553308e-02 2.41479367215441040e-02
2.11471599527307749e-02 -1.70513400986166200e-02 1.90598184064254064e-02
-8.82753830210581281e-04 -1.22541622035013094e-03 -3.32683222076706397e-03
1.16249919004528923e-02 -1.71999092140677455e-02 -1.98116305162416911e-03
7.45988403767292117e-03 1.53559900125955920e-03 -4.39752839507840786e-03
3.57674910728921630e-04 3.33333918194838956e-04 4.85160600860307795e-04
-2.74104396659453423e-02 4.84887634024180458e-03 8.44684305715664215e-04
-2.75844028662115695e-03 6.27724916442061421e-04 -1.70228483707819981e-03
-2.34952728534836494e-02 -1.13785863301384452e-03 1.37178368405853415e-02
-7.46808783903679880e-04 -6.26877509063471575e-05 1.22072391952674506e-03
-1.09512566143414201e-03 4.18170673366668414e-03 1.90879904499848137e-03
