4.24372164302974121e-04 -3.00375106761661004e-04 4.61238666275898214e-04
2.08646242757620152e-04 1.88657180458822100e-04 8.23046169045093862e-05
4.19478045417808658e-04 2.93730084334682217e-04 -1.18985652715817647e-04
3.93520389772089184e-04 2.94669778920468605e-04 5.89589836701925825e-05
1.39631968483380005e-04 4.30717359273610485e-04 2.16511752176688435e-04
1.17848689825742522e-04 3.04154645701323683e-04 2.46449226352804486e-04
-9.02012970998463380e-06 7.30927319270448868e-04 2.93070956448040218e-04
-8.95207156636520617e-05 2.49638592134637544e-04 4.33437340859376143e-05
-3.93661475447512751e-04 4.32459401779882965e-04 -1.95404090649166912e-05
-3.03279339367584105e-04 2.58533234774954278e-04 3.56716653870526169e-04
-2.25786515471011236e-04 -4.71083025372871707e-06 1.05349717914884561e-04
1.58476819289549999e-04 9.88002624046611401e-05 -1.51887028876984291e-04
5.39215159715097057e-04 -2.46546442146729379e-04 -2.58751862323454115e-04
5.45835887041141760e-04 -8.40280859605643663e-05 -2.20482010894300416e-04
8.95819499336493957e-05 -2.30820362581030889e-04 -2.31404202302046757e-06
-3.59351390369561053e-04 6.44950759588611746e-05 -7.52497512474516547e-05
-6.56447852212365020e-04 2.60976366785707258e-05 2.47561218909709611e-05
-5.59948649607598398e-04 8.99012351915659775e-07 -1.27272829059534536e-05
-1.60666390540826874e-04 -1.86083038662060099e-04 -3.10603442582790465e-04
8.13112621406299847e-06 4.24995329743330981e-05 -5.72362993538288187e-04
-2.95383360130899488e-05 -7.92284079730154993e-05 -4.32675738053676375e-04
-1.97825084790187862e-05 -3.11042486575549798e-04 -3.85698316111420046e-04
-7.04073899801873510e-06 -3.65368635904769301e-04 -1.82616347134794164e-04
-3.63627063222767713e-05 -4.25956699131300662e-04 -1.95299238813527508e-04
8.85777645265189181e-05 -6.31715258661905621e-04 2.71380920061320473e-04
-9.48411319186607399e-04 -2.40160769506103319e-04 1.15364960793485271e-03
2.10644790161647008e-04 -1.76149763798206550e-04 2.81770856815764695e-04
2.50573454024793322e-04 -2.14383860738712927e-04 2.07632005083097483e-04
1.57976618289666203e-04 -2.22126644638187673e-04 3.29025178019979009e-04
2.04518767141375322e-04 2.03127047970520428e-04 -2.41353398201096369e-04
3.10832343858147178e-04 6.01077433866346785e-05 -1.42551673041867231e-04
2.13989632317794059e-04 1.33148326976549630e-04 -3.16251176918352369e-05
2.78052771808691434e-04 6.11202384386440436e-05 8.28434410193081965e-05
-6.21615741541188646e-05 2.53310507373206409e-04 1.06572581640385306e-04
-2.29695265364830318e-04 2.52570775862880428e-04 -6.45543609864364273e-05
-1.83474813882316778e-04 2.84339334085184636e-04 -1.47975007202615978e-04
-1.59806580372708789e-04 -4.60693912196045860e-05 2.25195683630208542e-04
-8.07502583628425381e-05 -2.22266777072365970e-04 1.66382655516231892e-04
5.70982951543814055e-05 1.76676123187345240e-04 -2.42928365863705870e-04
2.93446546059889467e-04 -9.28749724780375020e-05 -1.73316564335052964e-04
2.95998461724872211e-04 -2.30110055074250747e-04 6.22057510922273792e-06
2.64739949453271376e-04 7.81631606466240858e-05 -2.24185386396237905e-04
3.35752855429933194e-04 -9.50060909774083780e-05 -1.00325233708755513e-04
-1.38639418997779071e-04 2.22075002938479989e-04 -1.50074884227783400e-04
-3.22230122485173056e-04 8.93781570335466178e-05 -1.10783039738164764e-05
-3.38161613112495849e-04 -6.13970608555575539e-05 9.67375911933392163e-05
-3.11048228168406390e-04 7.48423498730962060e-05 -6.51225812394089161e-05
-3.32439487467623578e-04 -1.13364872543138810e-04 3.86668158358026743e-05
-1.74861017878651933e-05 2.09967065273269676e-04 -2.91897006687748121e-04
1.52795536805504863e-04 8.76110513587938304e-05 -2.67584131807749033e-04
1.15878370071746018e-05 2.78692131941191158e-06 -2.13070287407895488e-04
-1.06186672039893423e-04 9.12101738564993628e-06 -2.33373443452183492e-04
6.88224208475184140e-05 -3.65076897955875386e-04 1.61589973440580897e-04
-5.12053642375323424e-05 -3.20032224569732752e-04 1.97441095002192984e-04
9.11265010282892726e-05 -3.38294797916369693e-04 1.28683767603184426e-04
-1.99169420569890264e-04 -1.14344061711435371e-05 1.97716685014660110e-04
