1.63413341406126733e-03 -2.24339111656046697e-03 2.30482786495933567e-03
-4.23080107864848287e-04 -1.83958935377193100e-03 1.28534806215230279e-03
-7.52636119473848453e-04 8.51936856798296560e-04 -3.82156951953582791e-03
4.85805008543493955e-03 3.31940984567324904e-03 4.76917641590834940e-03
-9.55856816415678878e-03 -5.41076796127359927e-03 -3.24457926647525596e-03
5.31428840019110282e-03 3.11172520786939799e-04 3.03511757392627146e-04
-1.41237248529968440e-03 1.81919961611320957e-03 -1.65426311939675941e-03
-2.16682595692929691e-02 1.79472718070945447e-02 4.01390697990273715e-02
3.83029506232706041e-02 -1.65112593899419124e-02 -4.11733057332299701e-02
-4.36088899602538049e-02 -8.49064930457521516e-03 -5.66385769311006371e-03
-3.25493791700992574e-03 2.18730999252958469e-03 -1.18189123287009146e-02
-9.24826161263325730e-04 4.75152059802752547e-03 -2.75422003862502152e-03
2.78462912782195815e-03 -3.39643872515082990e-03 4.82338223428024904e-03
-9.26125558500245916e-04 7.84663241611749385e-04 -4.40927775466004590e-03
4.33599043339949475e-04 1.46199872705210510e-03 -5.01436218447226523e-04
2.17740804228228058e-03 4.58857868391238100e-03 -3.22352340781084656e-03
-2.28279622348104283e-03 3.11142369552097620e-04 4.22516600084144045e-03
-2.61209578922283470e-03 -1.86120856299565318e-03 -3.67551186374326377e-03
1.48988640112701631e-04 1.07713131844621168e-02 2.07012240175519224e-03
2.45673005719604376e-03 -7.97960660214869222e-07 7.80364038575953600e-04
-3.18095588604849766e-03 -1.23457742024846162e-03 -2.23035625952050509e-03
-1.01600722593508941e-03 3.57444805285300760e-03 -1.04928535065553774e-02
-3.89738553395524434e-04 -5.52560375130184411e-04 3.68477893511354182e-04
1.87725733533583572e-03 -1.28960489196394690e-02 1.20163816126481748e-02
6.24555517544145289e-04 -2.35338344961100177e-03 2.60483863697302809e-03
3.10952579498646742e-02 -2.03049885738959546e-03 1.82614822438260660e-02
-2.75343363500768490e-04 1.08512970196880665e-03 -1.66667467781911327e-03
-8.86930628897886209e-04 5.80896777523598473e-04 -6.46902559173656577e-04
-2.85020153842040214e-04 1.46407545921567461e-03 -7.02343198274668623e-04
-6.97670941682049239e-04 1.57900151779521991e-04 1.86341786457111525e-03
-3.03376824645873455e-04 3.71286953988025914e-04 1.43548367092716234e-03
-5.28841170549743111e-04 -8.06529983936155048e-04 -1.23435984160902290e-03
-6.52058078928430263e-04 -7.12421692036224741e-04 -8.50232558838870389e-04
5.95652155279680073e-05 -3.63608157682548949e-04 4.01524814053200174e-05
-1.01251652639966494e-05 -1.22574640834338666e-03 4.81433850261503427e-04
1.30488060019329222e-03 -5.12811991040251769e-05 1.47324561278594501e-03
-4.01305892125036756e-03 -4.08305822262100548e-03 1.59702529933802850e-06
4.87836245735492890e-04 8.96336967703081910e-04 -1.08885176805251227e-03
4.73848658226694308e-04 -7.02546553354554959e-04 9.10097499485118533e-04
-1.65111292721187297e-03 1.11801481730730567e-03 -7.54731333909575142e-04
-1.04811464766085827e-03 7.47630444307034736e-04 -5.45712213615878738e-04
-8.73401432442966197e-04 1.20032994023411277e-04 9.21691337599117588e-04
-7.89120039970114817e-04 2.07108875678541082e-04 1.52234143642382413e-03
1.20990808881293876e-03 -1.00304220817282186e-03 9.45355709407458278e-04
1.26085251986474134e-03 -3.53994143237112979e-04 -2.27705968618388543e-03
9.45554473433585230e-04 5.06016861117064565e-04 -7.40983581716037065e-04
1.79615211986527967e-03 9.09166283050932833e-04 8.66251204497014982e-04
1.65903582246995640e-03 2.39509245138158633e-04 3.99880644477823566e-04
-9.16521269332504218e-04 -1.42448934325667409e-03 4.08335682512861453e-04
-4.24082648533108397e-04 -1.35340293426289282e-03 4.31484209998389545e-04
7.97232291261384951e-04 5.32157557466633735e-04 1.08805958365199018e-03
8.06414669063393319e-04 3.72958775518239527e-04 1.23493779959704675e-03
4.29656549150170264e-05 5.91932373408710077e-04 -9.29777400348275052e-04
4.05848767305094782e-04 1.25480000818889437e-03 -1.12390999717315587e-03
-9.33727794104832753e-04 1.23885584229732615e-03 -5.70079057514230603e-04
3.30794538438761165e-03 6.08862438190538313e-03 -6.97502148907513941e-05
