-2.05850557836424145e-03 2.54376622332212797e-03 -2.76606653123523394e-03
2.14433865107228135e-04 1.65093217331310901e-03 -1.36765267905681210e-03
3.33158074056039795e-04 -1.14566694113297889e-03 3.94055517225164534e-03
-5.25157047520702878e-03 -3.61407962459371753e-03 -4.82813539957854202e-03
9.41893619567340905e-03 4.98005060199998868e-03 3.02806751429856745e-03
-5.43213709001684562e-03 -6.15327166488263428e-04 -5.49960983745431632e-04
1.42139261500966911e-03 -2.55012693538365833e-03 1.36119216294871919e-03
2.17577802849566217e-02 -1.81969103992291811e-02 -4.01824135331133106e-02
-3.79092891478230928e-02 1.60787999881620292e-02 4.11928461422948894e-02
4.39121692996213911e-02 8.23211606980026045e-03 5.30714103923953743e-03
3.48072443248093706e-03 -2.18259916227585586e-03 1.17135626107860297e-02
7.66349341973775731e-04 -4.85032086043218642e-03 2.90610706750200594e-03
-3.32384428753705521e-03 3.64298516729755911e-03 -4.56463037195679530e-03
3.80289671459104156e-04 -7.00635155651184991e-04 4.62975976555434626e-03
-5.23180993273598830e-04 -1.23117836447107429e-03 5.03750260470247008e-04
-1.81805665191271952e-03 -4.65307375987124208e-03 3.29877315905829829e-03
2.93924407569340785e-03 -3.37240006230668369e-04 -4.24992212273241163e-03
3.17204443883043309e-03 1.86030955064373752e-03 3.68823914664921735e-03
1.16777504281252427e-05 -1.05852301458000571e-02 -1.75951895917240172e-03
-2.46486118341010660e-03 -4.17015723141182288e-05 -2.08001045037665413e-04
3.21049422206158780e-03 1.31380582822147722e-03 2.66303199757418141e-03
1.03578973441410815e-03 -3.26340556627745769e-03 1.08785518226667977e-02
3.96779292393543179e-04 9.17929011034953712e-04 -1.85861546376560018e-04
-1.84089462901355894e-03 1.33220056187707703e-02 -1.18210823738346474e-02
-7.13133282070664261e-04 2.98509870827290760e-03 -2.87621955703434851e-03
-3.01468466306780668e-02 2.27065962689569894e-03 -1.94151318517609174e-02
6.46985733391214823e-05 -9.08979938170600098e-04 1.38490382100334847e-03
6.36357174873092941e-04 -3.66512916784885573e-04 4.39270554090559094e-04
1.27043535552374010e-04 -1.24194881457748694e-03 3.73318020254689614e-04
4.93152174540673971e-04 -3.61027199750042446e-04 -1.62206446637001888e-03
-7.45551921227372277e-06 -4.31394697374660606e-04 -1.29293199788529500e-03
3.14851538231949025e-04 6.73381656959605446e-04 1.26598495930085810e-03
3.74005307119738828e-04 6.51301453597580684e-04 7.67389117819562206e-04
2.59635862615085729e-06 1.10297650309342540e-04 -1.46725063045705323e-04
2.39820430628826968e-04 9.73175632480506288e-04 -4.16879489275067013e-04
-1.12140578631097533e-03 -2.33058134981159459e-04 -1.32527060558332906e-03
4.17286550162307597e-03 4.12912761384061008e-03 -2.26792708929546570e-04
-4.07085987372650339e-04 -6.74070190630715995e-04 9.22469112536280405e-04
-5.30946953381075714e-04 5.25870430167209692e-04 -6.67169133621412663e-04
1.35766638115198345e-03 -1.02513984482926817e-03 9.28047898244628079e-04
7.52116185935986056e-04 -5.17520389232783962e-04 5.39491638506655984e-04
6.08661482989694821e-04 -1.98196154670035363e-04 -6.97505951202879657e-04
4.53367184540181623e-04 -1.12102784701132704e-04 -1.42201620271506859e-03
-1.07126866981515972e-03 7.80967205234341924e-04 -7.95280825179674905e-04
-9.38622397379568338e-04 2.64615986203566348e-04 2.28813799015770191e-03
-6.07392860321089327e-04 -4.44619800261507011e-04 6.44245990522697822e-04
-1.48510389169687323e-03 -9.84008632924029134e-04 -8.01128623257606025e-04
-1.32659633500233293e-03 -1.26144372595019823e-04 -4.38547460313626260e-04
9.34007371120369398e-04 1.21452227798340452e-03 -1.16438675825113332e-04
2.71287111727603562e-04 1.26579188290409906e-03 -1.63900078190640512e-04
-8.08820128268559536e-04 -5.34944478786045620e-04 -8.74989296244094638e-04
-7.00227997023499882e-04 -3.82079792903889477e-04 -1.00156435614486331e-03
-1.11788075762535440e-04 -2.26855475452834691e-04 7.68187426907694128e-04
-3.54643403067562426e-04 -9.34767783619161615e-04 9.26468902170962888e-04
8.42601293076543508e-04 -9.00561044380956402e-04 4.41395289911046150e-04
-3.10877596381772120e-03 -6.07718997573423927e-03 -1.27966470123908716e-04
