2.34980486860382064e-04 3.98498681254482817e-05 6.26489279613516950e-04
2.52888254040489324e-04 2.23271490893229641e-04 2.11004513930441594e-04
3.94897326325511599e-04 3.12987658250132980e-04 -9.97987667285688007e-05
2.75693273493164671e-04 4.11594794141906196e-04 -2.75315005208632858e-05
2.15987523969644024e-05 5.20941812745242118e-04 -2.46986435310942440e-05
-3.57754771943562366e-05 3.75137465986892624e-04 -3.90175336559343732e-05
-2.19591232924184408e-04 7.12825740201425374e-04 7.54131017478429030e-05
-1.60473425557429092e-04 3.10521602412432672e-04 2.00851345419275450e-04
-5.19220919891725976e-04 2.04440805085513434e-04 2.46804366172933328e-04
-5.43777142570739456e-04 1.83143566311392886e-04 3.86397717183988677e-05
-2.96092279896853006e-04 1.37593765537924399e-05 1.09675069502058537e-04
2.63095058130912167e-04 1.01557978797667730e-04 -8.44721329648212555e-05
6.16344044742640589e-04 -8.81594006175997298e-05 -8.46387303833975597e-05
6.09309646806404379e-04 8.88711858528427863e-06 -1.36538866941243335e-04
2.04462342099704991e-04 -2.14396794829347222e-04 1.17450558363889354e-04
-2.80109872183011046e-04 -1.15972700332745619e-04 -4.55813348975073185e-05
-5.84635252328514978e-04 -3.03179354756868134e-04 7.39024231638581462e-05
-4.81752014211840314e-04 -3.08569992276274676e-04 4.78204800330685382e-05
-1.92083201693734045e-05 -3.73125833348408214e-04 -1.88709214949381467e-04
5.84118893927575484e-05 -1.94875456161435943e-04 -5.49461573207673929e-04
7.25634514858987053e-05 -2.53375378654279500e-04 -3.74930409110984879e-04
1.73732612450647336e-04 -4.19506728606834850e-04 -2.38231144031115718e-04
1.85391401169231163e-04 -3.55458288663242680e-04 -2.47127661988205864e-05
1.68197387354489551e-04 -4.53515153544045897e-04 -1.75447505308150279e-05
2.29402215346805028e-04 -4.10619216646985650e-04 5.34269962208375562e-04
-1.11104356447764316e-03 4.78310700496062976e-04 -9.82252162249643056e-04
1.16595182113857825e-04 -9.56386435407860307e-06 3.71920979228046661e-04
2.01254383972618832e-04 -3.11447505968150544e-05 3.16461047027617563e-04
6.86966981655206974e-05 -1.20594471881148676e-05 4.19822710319115084e-04
2.43838137372306475e-04 1.28175008861131974e-04 -2.37410691656561877e-04
3.16173436009278700e-04 8.07091769309891359e-05 -5.98541327407776998e-05
1.78200128649523917e-04 1.53461579395407438e-04 -3.41647669809630954e-05
2.04264530165568464e-04 1.97635832693317389e-04 1.07432074212944218e-04
-1.30893236783749436e-04 2.35965650436918581e-04 3.39575209273800831e-05
-2.48543747723506533e-04 3.36449461715073323e-05 2.79237748941388937e-04
-2.55871000650889136e-04 1.14670748016226987e-04 1.38035918031070869e-04
-3.11854232299965857e-04 2.30818016237984669e-05 7.96309072264663094e-05
-1.36802892650836653e-04 -8.52611266195451938e-05 2.92078866878365347e-04
1.23154617867306438e-04 7.76661253834171885e-05 -2.72235690768091502e-04
3.27244525664461151e-04 -3.03690974177891236e-05 -1.03731926762291001e-04
3.22149906906418109e-04 -8.55078884272270968e-05 1.24241930732008884e-04
2.88366744224610402e-04 6.31707471963239176e-05 -2.24436999946332446e-04
3.64269244169601332e-04 -5.60768103996549309e-07 -3.06731159250674877e-05
-1.20224555364113305e-04 4.58200908692470144e-05 -2.26906523977216405e-04
-3.40828865695776292e-04 -1.19385386615282523e-04 -3.41134870835790201e-05
-3.06528836789836184e-04 -1.57556943048820940e-04 1.45554346815781927e-04
-3.02738825625597390e-04 -1.42551940565245492e-04 -4.89935245394112925e-05
-2.40680357731560472e-04 -2.29878929804904386e-04 1.18383385391941458e-04
-7.25815363064228572e-05 2.40521920818021235e-05 -3.55351942241952166e-04
1.24935024953587518e-04 4.08142730618914025e-05 -3.12467014544332618e-04
4.25047020372705664e-05 -6.93188738840132376e-05 -1.98953143016591575e-04
-5.73362291018834550e-05 -1.32950452381873314e-04 -2.12447465139899898e-04
1.26846411464435452e-04 -2.32437644412864457e-04 3.29071586986277355e-04
1.32069954611972074e-05 -2.14280820138091596e-04 3.12006410741635942e-04
1.69881037173160961e-04 -1.92342575624732337e-04 2.68886481785450050e-04
-2.15986030336919461e-04 1.19826656313060201e-04 -3.49182831894216780e-04
