-2.17401606586342666e-04 -6.70721584739020216e-06 -6.24309051747928834e-04
-3.41812698750665334e-04 -2.75876844943567789e-04 -2.14459378050868565e-04
-3.95021350147573003e-04 -2.97873254626157546e-04 6.12513443511986111e-05
-2.73843462382572511e-04 -4.51780991875594395e-04 4.76835749636528305e-05
-1.37788826928275654e-05 -5.05442882162476792e-04 2.96987891248434721e-05
-4.29178925687168089e-06 -3.83300253066209962e-04 4.67078829071709833e-05
1.80291493185436025e-04 -6.80729716227901349e-04 -7.70400053267117357e-05
2.73044499991659251e-04 -3.47133140357946957e-04 -2.04437594795159328e-04
3.82649590759953639e-04 -1.61292568265025693e-04 -4.04752833953025970e-04
6.46828348017436383e-04 -2.14052945288423224e-04 7.79205358130141690e-05
2.49147186202058890e-04 -7.82119935760494656e-05 -6.26790591775616690e-05
-2.62040163063304021e-04 -8.95754422796102290e-05 3.81549655514845654e-05
-6.11310090889105595e-04 9.16704504732024361e-05 8.32831725994243044e-05
-6.21818626363790372e-04 9.31914247126464090e-06 1.50941469098775372e-04
-1.81205853454713406e-04 2.07897199048900916e-04 -1.33112241568866807e-04
2.43274577435670381e-04 6.66400867548322395e-05 6.59419260462534851e-05
5.97499227351860895e-04 2.83475755619377878e-04 -7.27622762406454626e-05
4.92187178867453667e-04 3.12176212702297562e-04 -5.66479125631014213e-05
4.91047316368842246e-05 3.67644927595556226e-04 1.80603982597560275e-04
-5.81789842983987393e-05 2.01456161782687104e-04 5.41112256906117750e-04
-8.82519441658402570e-05 2.81871530367183709e-04 3.96216447040131925e-04
-1.64110604736089627e-04 3.95825353685985704e-04 1.75287645166832817e-04
-1.80589223267801913e-04 3.56253503905890057e-04 7.12016271715576465e-05
-1.66407393118461755e-04 4.22410581160548304e-04 -1.33935531074769187e-05
-2.21557754638279647e-04 4.12660269698328364e-04 -5.35758963817301037e-04
1.29914636277206341e-03 -3.57787257371455780e-04 1.04691718194871441e-03
-1.51513079515552818e-04 4.22499463637038275e-06 -3.75241201524545431e-04
-1.81951386766243672e-04 5.38671482296360082e-05 -3.14905353969718860e-04
-5.33798909881921801e-05 -2.55665534922844273e-05 -4.26672121525584203e-04
-2.30569465599961276e-04 -1.23096057679683568e-04 2.39642317190646992e-04
-3.12264855947042008e-04 -1.11322436380026368e-04 5.74416308881248172e-05
-1.75089735692690596e-04 -1.60095687179229174e-04 2.64106079844728114e-05
-1.83136705656616883e-04 -1.95755081925819141e-04 -1.11039325250583687e-04
1.26691169048953611e-04 -2.27609669196660036e-04 -3.81920945127234290e-05
3.02600968600685860e-04 -6.20158437922568861e-05 -2.68445828852659218e-04
2.73866135257705423e-04 -1.21025680845932015e-04 -1.04899962798610247e-04
2.53858773577864127e-04 7.73410133281249301e-06 -9.62368566994609154e-05
1.33547085665153276e-04 1.13318437571008346e-04 -2.99235887288862301e-04
-1.13198143008030883e-04 -6.20304844789476562e-05 2.91529620759511943e-04
-3.19804331545103793e-04 2.85715202709146965e-05 9.91041262560221625e-05
-3.21968809749328955e-04 9.45182577927194956e-05 -1.16858255280405388e-04
-2.94181124881331968e-04 -5.77768424099289746e-05 2.30983109729354652e-04
-3.63660833786028093e-04 -4.45209782529154552e-06 2.48976759377184109e-05
1.23571724239823766e-04 -4.12121738949666749e-05 2.33076871983595169e-04
3.47034046294325549e-04 1.21500395516678517e-04 2.71653429971818738e-05
3.01751751973000637e-04 1.57538342154150968e-04 -1.50458241490181166e-04
3.01679143676736317e-04 1.30314794820174384e-04 5.00164077565923293e-05
2.49336994480486851e-04 2.38913616005476115e-04 -1.13789718031442888e-04
6.76310387821565939e-05 -2.41364513126063329e-05 3.57625810623041218e-04
-1.34157246248545192e-04 -3.89789262063011677e-05 3.05939061069793183e-04
-3.26056851587264163e-05 7.08684486776522959e-05 2.03700636445702798e-04
5.82184421915599160e-05 1.34092893860682238e-04 2.03850605366318050e-04
-1.00560616995926111e-04 2.31179512405157994e-04 -3.34583592355386372e-04
-1.86097882657332292e-05 2.35963583564036128e-04 -3.04281381386051208e-04
-1.83765782005185230e-04 1.77496695807022320e-04 -2.73132850544977046e-04
1.67363438767553774e-04 -8.85721176064890869e-05 3.24360629334385919e-04
