1.75788802740393978e-05 3.31426522780580796e-05 2.18022786558811580e-06
-8.89244447101760101e-05 -5.26053540503381486e-05 -3.45486412042697155e-06
-1.24023822061403340e-07 1.51144036239754336e-05 -3.85474223773701896e-05
1.84981111059215938e-06 -4.01861977336881991e-05 2.01520744427895448e-05
7.81986970413683699e-06 1.54989305827653258e-05 5.00014559374922806e-06
-4.00672664512279175e-05 -8.16278707931733776e-06 7.69034925123661010e-06
-3.92997397387483832e-05 3.20960239735240248e-05 -1.62690357886883272e-06
1.12571074434230159e-04 -3.66115379455142845e-05 -3.58624937588387775e-06
-1.36571329131772337e-04 4.31482368204877409e-05 -1.57948467780092642e-04
1.03051205446696927e-04 -3.09093789770303385e-05 1.16560307531413037e-04
-4.69450936947941161e-05 -6.44526170222570308e-05 4.69960103244968679e-05
1.05489506760814578e-06 1.19825365180575014e-05 -4.63171674133366901e-05
5.03395385353499342e-06 3.51104985560270633e-06 -1.35555778397325531e-06
-1.25089795573859932e-05 1.82062610565489178e-05 1.44026021575320367e-05
2.32564886449915850e-05 -6.49959578044630583e-06 -1.56616832049774531e-05
-3.68352947473406657e-05 -4.93326135779133799e-05 2.03605911487461666e-05
1.28639750233459178e-05 -1.97035991374902553e-05 1.14014692321268358e-06
1.04351646556133533e-05 3.60622042602288563e-06 -8.82743253003288311e-06
2.98964114675108201e-05 -5.48090575285198811e-06 -8.10523235182119173e-06
2.32905094358809063e-07 6.58070562125116169e-06 -8.34931630155617919e-06
-1.56884926799415517e-05 2.84961517129042087e-05 2.12860379291470456e-05
9.62200771455770871e-06 -2.36813749208491468e-05 -6.29434988642829012e-05
4.80217790142925061e-06 7.95215242647376742e-07 4.64888609727370601e-05
1.78999423602779588e-06 -3.11045723834975927e-05 -3.09383036382919466e-05
7.84446070852538088e-06 2.04105305134271364e-06 -1.48900160892547536e-06
1.88102798294420255e-04 1.20523443124607196e-04 6.46650196990713588e-05
-3.49178974016949923e-05 -5.33886971770822032e-06 -3.32022229649876982e-06
1.93029972063751593e-05 2.27223976328209539e-05 1.55569305789870355e-06
1.53168071773285172e-05 -3.76260006803992949e-05 -6.84941120646911841e-06
1.32686717723451983e-05 5.07895118144840551e-06 2.23162553408511456e-06
3.90858006223669154e-06 -3.06132594490372324e-05 -2.41250185265288254e-06
3.11039295683332136e-06 -6.63410778382173515e-06 -7.75415899649028399e-06
2.11278245089515813e-05 1.88075076749824816e-06 -3.60725103763946870e-06
-4.20206773479582475e-06 8.35598124025854479e-06 -4.23457358534334594e-06
5.40572208771793270e-05 -2.83708976207495538e-05 1.07919200887297189e-05
1.79951346068162868e-05 -6.35493282970502819e-06 3.31359552324606227e-05
-5.79954587221017293e-05 3.08159029566109599e-05 -1.66059494729946060e-05
-3.25580698568337734e-06 2.80573109514631520e-05 -7.15702041049695462e-06
9.95647485927555575e-06 1.56356409044695324e-05 1.92939299914204410e-05
7.44019411935735800e-06 -1.79757714687442711e-06 -4.62780050626883800e-06
1.81097157089154040e-07 9.01036936549239878e-06 7.38367545160349670e-06
-5.81438065672156609e-06 5.39390478639494302e-06 6.54610978302220614e-06
6.08410383573238910e-07 -5.01286592928809483e-06 -5.77543998734907679e-06
3.34716887571046050e-06 4.60791697428033944e-06 6.17034800637876338e-06
6.20518059854925728e-06 2.11500890139599391e-06 -6.94814408639714628e-06
-4.77708481683554670e-06 -1.86008946699719145e-08 -4.90389467439923937e-06
-1.05968194886107373e-06 -1.22371457450711071e-05 1.02288321718103676e-06
8.65663674892637892e-06 9.03468620057172860e-06 4.59366736049857029e-06
-4.95049752426626332e-06 -8.42592308042093975e-08 2.27386838108905188e-06
-9.22222129495767402e-06 1.83534685559023485e-06 -6.52795347453943506e-06
9.89901687854415009e-06 1.54957479363905829e-06 4.74749342911122353e-06
8.82213089676460991e-07 1.14244147880892427e-06 -8.59685977358184842e-06
2.62857944685093410e-05 -1.25813200770646320e-06 -5.51200536910901760e-06
-5.40279280453602184e-06 2.16827634259445315e-05 7.72502935558473354e-06
-1.38847448320242686e-05 -1.48458798177100173e-05 -4.24636875952699635e-06
-4.86225915693656874e-05 3.12545387065711144e-05 -2.48222025598308612e-05
