2.88745939846684935e-04 -2.17216881059810398e-04 5.61117616147069863e-04
2.41468626014844752e-04 1.54965953278240570e-04 1.40146993504008537e-04
4.12211468778765264e-04 2.35095529966417076e-04 -1.15508063322637504e-04
3.83030401573609351e-04 2.89633729866630590e-04 3.20576720711412670e-05
1.45737918551265707e-04 4.57084121942992938e-04 1.51076577139318312e-04
9.15306960072458960e-05 3.32901978182399694e-04 1.65776571201532491e-04
-5.68990415626903539e-05 6.60855370303048981e-04 2.13009787944935705e-04
-5.94044186436001490e-05 3.60961267880333071e-04 9.44477600962909201e-05
-3.67032446434651879e-04 4.54712668824991503e-04 9.10900821490442236e-05
-3.57240810034724127e-04 2.19089792972467396e-04 3.74047902663091373e-04
-1.44611350329048487e-04 -1.30014612991226642e-05 2.38543306310063004e-04
2.31978897090190389e-04 9.01391669338703986e-05 -8.26026101933339911e-05
5.39797552694516410e-04 -2.30137979044921817e-04 -1.98236212919114405e-04
5.65645270813342383e-04 -9.62902264786812015e-05 -2.09649640893474831e-04
1.37084203532289483e-04 -2.73509761270707293e-04 -2.27677210063746578e-05
-2.52992463384245966e-04 -3.20366830935793170e-05 -7.65632700795886495e-05
-6.06853748946472953e-04 -1.44286224958911939e-04 4.30370322749549049e-07
-5.34472850389063232e-04 -1.79529895052955548e-04 -1.66712612767781299e-05
-1.53613313023803690e-04 -2.07459683522614113e-04 -3.34671642991566981e-04
-6.29591715375781599e-05 1.11873118182363355e-04 -5.74713153884629023e-04
-4.28363396782713380e-05 -3.46316995258178195e-05 -4.56754052859352391e-04
1.36640738489545665e-05 -2.68019169121342510e-04 -4.43640040781371526e-04
6.74936709524441699e-05 -3.24239462428675522e-04 -2.30040494864951575e-04
1.90888846003454390e-05 -4.06455696354863106e-04 -2.64788234872701650e-04
1.43025994539944181e-04 -6.47915535028581436e-04 2.46366347927701602e-04
-1.13725043887576323e-03 1.86796921153506911e-04 7.82850042852574436e-04
1.19748550742786723e-04 -1.42313221378961228e-04 3.35663340886515780e-04
2.04835198579874061e-04 -1.80748091032853318e-04 2.68110703839804100e-04
1.07038688088899878e-04 -1.62873533514992558e-04 3.75069134832812948e-04
2.10276672723431639e-04 1.54755904259435090e-04 -2.42555432248733074e-04
3.11407832282445201e-04 1.65972770958049438e-05 -1.11753585623084977e-04
2.14412792272592210e-04 1.11613487451375817e-04 -3.65922806660278177e-05
2.71650557880280617e-04 6.93765611117569061e-05 9.35633164190096853e-05
-7.22944570016489626e-05 2.21281672163104620e-04 7.94736151428539482e-05
-1.75021364984342069e-04 2.28567017177410233e-04 3.34033540011487192e-05
-1.50752124714501946e-04 3.11482934380903566e-04 -1.22132492710584411e-04
-1.83543315683389383e-04 -5.12441541189184933e-05 2.77891255125812240e-04
-1.94910513366794518e-05 -2.04728063808131842e-04 2.54811352171515335e-04
7.36466098872583914e-05 1.59621115104971461e-04 -2.24426404546246094e-04
2.93732731585280094e-04 -9.23862676768413241e-05 -1.49063283161240988e-04
2.87941230476552936e-04 -2.21790481577299471e-04 3.32351606856770066e-05
2.75509068889853031e-04 7.95954716774530493e-05 -2.23272558141430805e-04
3.39601573091189769e-04 -9.65130017662307730e-05 -9.30617821232041420e-05
-1.10979911840174421e-04 1.82343080076437925e-04 -1.98776686364078836e-04
-3.39190759848205091e-04 2.83528186356582875e-05 -3.70426578117462180e-05
-3.03013000498987171e-04 -1.61211392916002088e-04 9.18418552025859704e-05
-3.32049076344080097e-04 -2.89858196707076316e-05 -4.56849964290336562e-05
-2.85626272117104219e-04 -2.03650885975942638e-04 4.32323491737403930e-05
-9.79097630990919462e-05 2.25750238253991445e-04 -2.66223277809359666e-04
9.55906881451945795e-05 1.66991849759880098e-04 -2.84715389812077312e-04
1.71600847407850915e-06 3.45188716447883133e-05 -2.12712299307517565e-04
-1.12672974175520357e-04 9.61282658779800381e-06 -2.30890626471381559e-04
1.02926410574640729e-04 -3.57124491883065262e-04 1.77897298525689812e-04
-2.78285957127931866e-05 -3.39123397552597544e-04 1.74882339006564015e-04
1.20841053043337901e-04 -3.36233368559421281e-04 1.11436137579960548e-04
-3.24840205385707207e-04 9.90857848045186040e-05 6.40379102484105243e-05
