-3.62679988574754475e-04 1.21220453671355699e-03 -4.63115838442718086e-04
-1.71555423956881725e-03 -6.85913540020788304e-04 3.14988967998086622e-04
1.56207816030828894e-03 3.18266506729614207e-04 -1.29435779304110099e-03
-7.34320805372945529e-04 -2.23954605476883728e-03 -3.56483730144852018e-04
6.27350136083393295e-04 1.73641278160019397e-03 -1.10917521377573713e-03
-1.36948657275492991e-03 1.83302173201838059e-04 1.31662503196672276e-03
1.94572180090757385e-03 -1.14857742089924386e-03 1.88475120169595556e-03
-4.54499507982752959e-03 1.19857346718355018e-03 1.05989361424541073e-03
-7.87155107545878252e-03 3.19645764621512285e-03 1.03859190784612587e-02
7.40107132766310016e-03 -4.30169586729367559e-03 1.41076046805466149e-03
7.30689669303119516e-04 -2.39653300288278359e-03 8.85450651515462539e-04
-1.28110557392968616e-03 -1.00029817492397477e-03 3.34630218717846262e-03
-1.97242508465045319e-03 -1.00934995631574154e-03 -1.14926672165727162e-04
-4.25502824391799095e-04 5.98331661806117410e-04 1.76599496654716859e-04
-8.86839476356815481e-04 -1.13841357340671578e-03 -3.82003917031137341e-04
4.28407691353882569e-04 -3.47788106155100252e-04 -2.48598993242055144e-03
-4.09600966507994713e-04 1.22666099104340454e-03 1.00727648886245191e-03
2.02808049710512250e-04 5.18291651221858274e-04 4.77457817649629135e-04
1.94479237136668814e-05 2.13214791067617426e-04 6.40092614943021943e-04
2.42949397916691900e-04 -1.34580484120405686e-04 5.90070743164972100e-04
1.09016692597663223e-05 5.19297742722635292e-05 3.85338833805093373e-04
3.05433650583664118e-05 2.57657615014839081e-04 4.56566772861322079e-04
-9.73820198302277618e-05 2.99825434591838302e-04 2.11283464603084781e-04
-3.25208336046767243e-04 4.19586717246289709e-04 5.98397805460199050e-04
3.27183168287170645e-05 9.84420857099266300e-04 -3.48208803838900849e-04
5.08944175850700731e-03 3.15568440458058319e-03 -7.22786189492552467e-03
-5.30929471687091592e-04 2.41942564051744746e-04 -5.83260780624428321e-04
-1.01417129313219334e-04 3.48432538101128841e-04 -5.01692636033723716e-04
-1.00525695450598418e-03 -2.01371766483271486e-04 -1.02490273111932595e-03
-1.20370927246815640e-05 1.16262356149476886e-04 3.07128983685789336e-04
-3.03192651420314263e-04 -5.09611355807848554e-04 -4.72313536397206413e-04
-7.80596152438306490e-04 -7.57618398845583130e-05 -2.35096954936730995e-04
-1.94521887819654182e-05 4.58267231004949593e-05 -4.27310800321656359e-04
3.47989239897650293e-04 -5.95795141791644056e-04 -3.06358894733405052e-04
-1.06888661403958807e-03 2.02317041639021866e-03 -5.23236065332643996e-03
2.16160564422684942e-03 -9.93235166584893747e-04 -1.12214826262579948e-03
7.24163934084443017e-03 1.39909967051399242e-03 -1.59223600789060171e-03
-1.79076735911820606e-03 -1.64475032929933818e-03 -1.88948590454041110e-03
-6.77786045038819562e-05 -1.44825108206458886e-03 -6.27810650368765266e-05
-2.81923275575746146e-04 5.99239062009315759e-04 4.79824686762997388e-04
-3.75829956732243176e-04 -1.23036612194482586e-04 -1.81178779518065269e-04
3.99725697863839713e-05 2.88833390071907559e-06 5.23527569873394327e-06
-8.00137187257909943e-05 1.98948194118475641e-04 3.66875324548709969e-04
5.43440185865051717e-05 -4.09378563662521344e-04 5.17005786171864656e-04
1.83901334589453569e-04 5.99166463908673563e-04 6.73844523204791823e-04
8.21605257398161370e-04 -1.90667564262003708e-04 8.12491614343713309e-06
5.73260985191392791e-04 4.37129807117075941e-05 -1.46393576513581536e-04
1.40249501470623983e-04 2.03761571913929629e-04 -5.05265671986165898e-05
1.24489899885782407e-04 -1.99441955704759977e-04 2.74406901359602884e-04
-3.09756161065433133e-05 -1.76096502972900026e-04 2.89075262560833934e-04
-6.92222377085549567e-06 -4.24628197647214378e-05 2.19943292646185284e-04
1.00716909428921753e-04 9.56407502153422406e-06 2.26089308561050473e-04
-3.07254594489325683e-05 4.99503839714643405e-04 -2.62719668893129921e-04
-6.01893046889845351e-05 2.28735407955760195e-04 -2.32072191187482346e-04
-1.07226995054165997e-04 3.37090120921423875e-04 -2.11056404978260392e-04
-1.58371262217027464e-03 -1.41645506464871396e-03 -3.62282845681294319e-04
