-7.39340487280695400e-05 9.94987655653746701e-04 9.80017777043517765e-05
-1.47408561355397258e-03 -5.30947586742547707e-04 4.55135961502095131e-04
1.97428962908705432e-03 5.53362036696031256e-04 -1.40986585636373855e-03
-3.51290403799336178e-04 -1.94991232490220674e-03 -3.24426058073710771e-04
7.73088054634659002e-04 2.19349690354318696e-03 -9.58098636636418822e-04
-1.27795587674768411e-03 5.16204151384237753e-04 1.48240160316825530e-03
1.88882275934488348e-03 -4.87722050596194881e-04 2.09776098964089110e-03
-4.60439949847113016e-03 1.55953473506388325e-03 1.15434137434170165e-03
-8.23858352189343369e-03 3.65117031504011424e-03 1.04770091606103035e-02
7.04383051762837598e-03 -4.08260607432120795e-03 1.78480837071775286e-03
5.86078318974070974e-04 -2.40953446418190609e-03 1.12399395782552549e-03
-1.04912667683949574e-03 -9.10159007990104358e-04 3.26369957698512863e-03
-1.43262753195593688e-03 -1.23948793536066333e-03 -3.13162885084841539e-04
1.40142446421543288e-04 5.02041435327436154e-04 -3.30501442387579720e-05
-7.49755272824525944e-04 -1.41192333467742319e-03 -4.04771638037511989e-04
1.75415227969636604e-04 -3.79824789248679555e-04 -2.56255320250013989e-03
-1.01645471545446777e-03 1.08237476608449260e-03 1.00770685918520142e-03
-3.31664800678550982e-04 3.38761756168902699e-04 4.60786556372851032e-04
-1.34165389310136809e-04 5.75510754500331350e-06 3.05420971951454962e-04
1.79990226379113741e-04 -2.27073659380423308e-05 1.53575892803430774e-05
-3.19346704185050157e-05 1.72980747464457097e-05 -7.14152190542590186e-05
4.42074389073209749e-05 -1.03615541065034292e-05 1.29267320799505525e-05
-2.98883488777835918e-05 -2.44140278368372193e-05 -1.87570302618667939e-05
-3.06119451446421791e-04 1.31310208914266029e-05 3.33609570587497400e-04
1.75744311368661245e-04 3.36505322070684864e-04 -1.01842455911199247e-04
3.95219131963124408e-03 3.34248132573409032e-03 -6.44501185207295001e-03
-4.11180920944304897e-04 9.96293426727835180e-05 -2.47597439737912541e-04
1.03418069266654727e-04 1.67684447068275523e-04 -2.33581932193919616e-04
-8.98218266417084247e-04 -3.64245299998264044e-04 -6.49833596286513056e-04
1.98239579998750075e-04 2.71018260408911976e-04 6.45735514370562619e-05
8.21518086213093770e-06 -4.93014078712043563e-04 -5.84067122020291403e-04
-5.66183360165714252e-04 3.58516475668175036e-05 -2.71689235602758799e-04
2.52198369098315198e-04 1.15203284212251865e-04 -3.33747483902646701e-04
2.75694782896001331e-04 -3.74513469628539437e-04 -2.26885279590551090e-04
-1.24390797902393011e-03 2.25173743356762903e-03 -5.19895729932529083e-03
2.01085351951234758e-03 -6.81752232203990181e-04 -1.24428075533638389e-03
7.05809602516104060e-03 1.34785551639507385e-03 -1.31434475276478958e-03
-1.81025841045488549e-03 -1.84947839310747007e-03 -1.63467455236889587e-03
5.86800538337643512e-06 -1.28862996695961731e-03 -2.87207469583122647e-04
1.18094560095339477e-05 5.06852794332474490e-04 3.30761403601756399e-04
-8.78887262556902397e-05 -3.44827093771782030e-04 -1.47943618832388263e-04
3.15481638676237003e-04 8.24838055781721249e-05 -2.18037282442696862e-04
2.59587854365398774e-04 1.02435192352244868e-04 2.73813542425505800e-04
-5.66358932536692493e-05 -2.27035483586083420e-04 3.18229099807785794e-04
-1.55289425258751522e-04 6.27519282544331891e-04 6.36801865393045625e-04
5.18592256899174254e-04 -3.51878957178005823e-04 9.99667713460231035e-05
2.41211908847312694e-04 1.47271610409999625e-05 -1.92078572942615185e-04
-1.45376770646480236e-04 1.10685937986990503e-07 -7.29421802487619685e-06
2.65801367866904607e-05 2.63082825492314681e-05 8.18362355024321786e-06
6.46150720386512662e-05 -9.10465321301992883e-06 4.35987274875662256e-06
-5.20621529677698652e-06 -7.94394811993312457e-06 7.23099333866771953e-06
-1.19560647465986045e-05 1.91769016093322279e-05 -4.80131791033108660e-06
7.22009511257081611e-05 1.42379347831578143e-04 -8.48223703674401083e-05
-8.80179004017777217e-05 -1.10387989596837349e-04 -5.71898521809183311e-05
1.36140579891719043e-05 8.56752362002593387e-07 -9.96202673982998440e-05
-1.90855282755598185e-03 -1.31736927984419543e-03 -2.98244935432883794e-04
