1.95467775944742681e-04 -2.76334587640197557e-04 5.65376004964052853e-04
2.27608477978738722e-04 1.08512473813857771e-04 1.72977690084313932e-04
4.37828129189638177e-04 2.56580358934732590e-04 -1.19956312841471209e-04
3.98611120046978213e-04 2.15832899360643768e-04 1.97612483047996843e-04
1.74226993981896095e-04 4.37766188117765475e-04 1.79024999294496203e-04
8.80689367385669884e-05 3.17516896293537165e-04 1.59600073804091666e-04
-5.97217697684198972e-05 6.59577108430540321e-04 2.41745837939734496e-04
-6.39145268001600926e-05 3.79240262588318908e-04 1.57905165119659116e-04
-3.46948433512285015e-04 4.40653214591283163e-04 1.07119729291780627e-04
-4.28625239052854087e-04 2.09323479887846693e-04 3.00129869149402784e-04
-1.83981981221016899e-04 -1.00295544798039344e-05 2.22571890025867751e-04
2.16960370956688825e-04 1.40715125443493806e-04 -9.80103982857556590e-05
5.46589202380562064e-04 -1.47748687429190918e-04 -2.29800317034326148e-04
5.66076718693033897e-04 2.15263918453801351e-07 -2.13579653394406949e-04
1.47134675487218370e-04 -2.39694639319453997e-04 -4.41645206863728964e-05
-2.69686764273829112e-04 -4.45104587015130514e-05 -6.83679944520292326e-05
-5.72090835571558267e-04 -2.15476140685807332e-04 7.80422297217639765e-06
-5.18953037693240947e-04 -2.48033015634858630e-04 -2.03446916947065169e-05
-1.11834489429467928e-04 -2.02696558128148663e-04 -3.16606764625433483e-04
-4.95069781843421506e-05 1.12303637594893182e-04 -5.72879342780980563e-04
-1.06685102962404498e-04 -3.65776613853769860e-05 -4.77330175758208049e-04
5.44859448457016011e-05 -2.49797705375842541e-04 -4.52411524050510725e-04
1.10378133576111766e-04 -3.12069953703293798e-04 -2.37493562865446470e-04
6.96241886022426520e-05 -3.91718346158293591e-04 -2.78777039755432850e-04
1.89486615576212557e-04 -6.40227405898401202e-04 2.91472293060523850e-04
-1.22698160186047317e-03 3.06829438118383477e-04 4.99138575632036277e-04
9.06279474740723690e-05 -1.79150331555738313e-04 3.25403916359618653e-04
1.57828920755978726e-04 -2.30973738226036466e-04 2.98018708675265814e-04
3.12585587456351457e-05 -1.97319765607192172e-04 3.65911547644757356e-04
2.62234560699961419e-04 7.90694614076384268e-05 -7.58362510945326143e-05
3.27312202105495222e-04 -1.39302077481878954e-05 -4.76643362886246968e-05
2.22015822597293987e-04 9.03539237221536926e-05 1.16575689184276408e-05
2.22114138382355469e-04 7.44748557322364195e-05 8.66035481695504120e-05
-4.63905171775076420e-05 1.88037157170682992e-04 7.51449384005573712e-05
-1.65204804241774318e-04 2.17999487479362159e-04 7.64086866775859314e-05
-1.45814143761521374e-04 3.06204855185524417e-04 -8.82345450609080251e-05
-2.34443493842008361e-04 -4.54899651511317765e-05 2.47417534133200607e-04
-5.85229550005640346e-05 -1.98815271231332451e-04 2.54039956962490003e-04
8.29187937073211481e-05 1.99774696290072503e-04 -2.28842580341107949e-04
2.91571811425475711e-04 -1.85567118226477477e-05 -1.71955833249813497e-04
3.01292074661289563e-04 -1.86051554424154412e-04 -1.00940086805846547e-05
2.64214703299699323e-04 1.26800847990966799e-04 -2.01354305283952520e-04
3.45108782876162826e-04 -5.57530198810857029e-05 -9.39625880332967849e-05
-1.22885677929676385e-04 1.73199453402824664e-04 -1.92969640338616578e-04
-3.22780853495840297e-04 -5.56254425842959810e-06 -3.70388089145495814e-05
-2.87613621205803362e-04 -1.92344686574341651e-04 7.99056167824970935e-05
-3.08144710245460368e-04 -8.01808966334200394e-05 -2.96437472741404489e-05
-2.59296246394523171e-04 -2.33973837530466181e-04 4.46537627687795021e-05
-1.14849437283404606e-04 2.33110392804832412e-04 -2.62908409287771979e-04
6.10152174592369894e-05 1.82095944274052787e-04 -2.75178902693992201e-04
5.62910257021027151e-06 4.20378344914127091e-05 -2.09617838104445811e-04
-4.55542689135463291e-05 1.76222886329247424e-05 -2.16040030901208701e-04
7.51163982829133810e-05 -3.86269739661424514e-04 7.53350567339999811e-05
4.56722974020758724e-05 -3.14369405681214097e-04 1.42430827850915237e-04
1.49519464593076768e-04 -3.18911678710944932e-04 9.90707985094085229e-05
-3.07566591214904618e-04 1.56720523559495891e-04 -1.34171792005606392e-05
