5.58823386560245439e-02 -2.35287037612561534e-02 3.42416110276211327e-02
-1.50918948795366603e-02 -7.01361794237076452e-03 -2.15338129550746160e-02
4.51720416348386777e-02 -4.95001954188212245e-03 7.53952097607353267e-02
-5.93917414352436168e-02 2.98282042609190334e-02 -4.13799371506851088e-02
4.54754996158812652e-02 -5.55737381623568893e-02 -4.10954274767099115e-02
-2.01500548638211541e-03 3.08406788231287976e-02 2.23895863050689314e-02
1.66896246275034521e-02 -2.25866453863510230e-03 -2.37556121005688681e-03
-5.13466159207291994e-02 -1.01374190650123097e-02 9.48621636356783426e-03
5.08661394322462712e-02 1.97940118614106098e-02 1.38538403410819466e-02
-1.95091707286172422e-02 1.33811428979702107e-03 -1.72311648354277480e-02
3.13019364612836526e-02 3.64270454228021734e-03 2.45756918206252450e-02
-4.76532610762232522e-02 1.09590842008482348e-02 -3.64017620473182646e-02
4.70684555043430208e-02 2.69587938525330806e-02 1.48724161327377091e-02
-1.63095111976652163e-03 -3.48352194603841481e-02 -9.14191845463552255e-03
-9.30717723098162253e-03 -1.37678520253121661e-02 -3.83028483999392488e-02
-4.29853789540777242e-02 2.30615681038668363e-02 8.77443093656427031e-03
5.32170144492152275e-02 -1.38380081463496118e-02 -3.75543974933525426e-02
-8.48362966149629472e-03 8.98818520809108179e-03 5.28954321968591046e-02
3.87982739567656054e-02 1.41456853991379639e-02 2.48006525477295625e-02
-7.53117097588749118e-02 4.16431618359958122e-03 -4.43644679250567719e-02
7.25251323063966780e-02 1.07103098845655609e-02 4.18459936048485304e-02
-5.10789690342938751e-03 5.27305611013373365e-03 -4.19638224067355736e-02
-2.61969609294698813e-03 1.12104305467255472e-02 2.19288507288499801e-02
-5.03778832331924775e-03 -2.02433456596651240e-04 5.51041370131188923e-03
2.62780659249455262e-02 2.02498243139075385e-02 -5.15136662162838377e-02
-6.75950967909955125e-03 -4.03626527350731124e-03 3.23926165897248097e-03
-1.31654069641782279e-02 -2.09983012674931913e-02 -3.12357510837037999e-02
-4.26773499013752833e-02 4.82897997222653252e-02 1.64396540061195751e-02
1.29733620970009511e-02 -2.45290113159324363e-03 -1.03051726460132720e-02
-5.91129834474846128e-03 1.70933740489676023e-02 -4.39366046706770597e-02
-9.30724646748926077e-03 8.61595452343766333e-03 -2.16480146753250668e-03
-1.10824386455790069e-02 -5.58477543623503436e-03 9.13270802919863289e-04
1.74676245236791150e-02 -2.23353117027580428e-02 3.47438864885978305e-02
-1.77731769169586773e-02 1.36721984506347205e-02 5.28293837932269916e-03
1.70705572772309466e-02 -1.48192094710983824e-02 -2.12032553416656722e-02
-1.38073246153456175e-02 -6.68718855577976612e-03 1.65921930723396116e-02
7.56155329644891960e-03 2.48660500224140435e-03 -1.02786082666161960e-02
-2.63159790469148086e-03 -6.62789757272186364e-03 7.08553780147980206e-03
8.23806514704700232e-03 -7.17560704971731411e-03 1.01823255419248859e-02
-2.35673909252636093e-02 -1.52476378339589935e-02 6.91137255037999054e-04
6.29133061040221264e-03 -1.68779738037629912e-02 1.12972390324304062e-02
-9.80777775272922980e-03 1.05385140502376462e-02 -1.16245914617310042e-02
-1.08019780447592417e-02 1.44823518345937874e-02 1.50958305477306709e-02
-4.35456423411062499e-03 -1.38941017362159691e-02 2.54082789458887071e-03
-1.30316599357183094e-03 4.77461509785481741e-03 -8.52445835247672701e-03
-1.99811845281749889e-03 -6.41675094825511216e-03 1.22685925660861450e-02
-1.35320544709420787e-02 1.30444392688738864e-03 -2.52888956056025460e-02
-4.35912901436319444e-03 2.13486946744723127e-03 2.54853751316802546e-03
3.81337588808612349e-02 -2.72108410793521216e-02 -3.09895148121741570e-04
1.07004519377633667e-02 6.73449743495746489e-03 -3.19585883963191542e-03
-7.76503682394347194e-04 -3.18934409474846969e-03 1.24171176634702007e-02
-4.65182892056659192e-02 -1.18612219170202704e-03 -3.62742703282026291e-03
1.85205079642898340e-02 3.58491174455988215e-03 4.57958794604467201e-02
-3.50605487018849082e-02 -1.32940326456014724e-02 1.25914384475529495e-02
-1.48455752794385276e-03 -1.34317863968336226e-03 -5.35762341326279090e-03
1.95339284708828664e-03 7.17434502077285430e-04 -5.54292889491492247e-04
