-5.60778064319692876e-02 2.38050383488963499e-02 -3.48069870325851821e-02
1.48642864015579215e-02 6.90510546855690674e-03 2.13608352649903022e-02
-4.56098697640283171e-02 4.69343918294738965e-03 -7.52752534478938612e-02
5.89931303151966374e-02 -3.00440371602796776e-02 4.11823246676371116e-02
-4.56497266098631616e-02 5.51359719742391258e-02 4.09164024774154172e-02
1.92693654964354831e-03 -3.11581957194223338e-02 -2.25491863788730221e-02
-1.66299028577350308e-02 1.59908743020456198e-03 2.13381537211715247e-03
5.14105304475293567e-02 9.75817880242399113e-03 -9.64412152868749338e-03
-5.05191909987339829e-02 -2.02346650760018912e-02 -1.39609600703737274e-02
1.99377959676700980e-02 -1.54743776968486774e-03 1.69310349662783466e-02
-3.11179544800626352e-02 -3.63267498780041331e-03 -2.47982637106511118e-02
4.74363007052665611e-02 -1.10997993262917285e-02 3.64997724456040187e-02
-4.76150447067235846e-02 -2.68110451651038910e-02 -1.46426158157033828e-02
1.06487440107348773e-03 3.48350041964656937e-02 9.35549810802992904e-03
9.16004255549440413e-03 1.40075466646316198e-02 3.83470129206256241e-02
4.32550657183515541e-02 -2.30170576451653244e-02 -8.70606294211224117e-03
-5.26449236136436668e-02 1.40534842870354195e-02 3.75465932703803670e-02
9.00258269918953642e-03 -8.74015219245622386e-03 -5.28750875051643976e-02
-3.86864394673361381e-02 -1.39429888410098155e-02 -2.44840457831041296e-02
7.53612167370592556e-02 -4.27661982119447413e-03 4.49373472678377545e-02
-7.24184472034342802e-02 -1.06737322231801844e-02 -4.13686634290903257e-02
5.05341095858368589e-03 -5.02325840475789133e-03 4.24162339307860847e-02
2.50931795937087620e-03 -1.08983605930222539e-02 -2.16913571659845331e-02
4.96816413471700552e-03 5.94151802754944777e-04 -5.23163666155645676e-03
-2.64675525405217403e-02 -1.96095969080091366e-02 5.12221939232233164e-02
7.98649128096002442e-03 3.72943583538892787e-03 -3.73840023460451747e-03
1.30747790167041553e-02 2.11774515990489284e-02 3.09103471673441814e-02
4.25195209806193061e-02 -4.80588259840392870e-02 -1.67376727147948400e-02
-1.30046206557465870e-02 2.65022089720043591e-03 9.93926109836851431e-03
5.64906378404849991e-03 -1.71724435103752411e-02 4.40124409217715895e-02
8.97993426538376549e-03 -8.60202431568947608e-03 2.21246580382113145e-03
1.08604228229817121e-02 5.49442151251288043e-03 -9.24928371838290944e-04
-1.76897386620614716e-02 2.22608368470258063e-02 -3.48304900367673795e-02
1.78195674341361833e-02 -1.38602356078054035e-02 -5.35808331772325615e-03
-1.69053524729891706e-02 1.46012099836190200e-02 2.11268466549880858e-02
1.39531387591071386e-02 6.38098370059424214e-03 -1.65039585272787025e-02
-7.32710980260691154e-03 -2.44111503709027247e-03 1.00311907324829950e-02
2.69012085969204482e-03 6.82671284395319593e-03 -7.33957775844229238e-03
-8.32098394075432395e-03 6.97583235342724185e-03 -9.95348296158377749e-03
2.32758191138381330e-02 1.52661945457816407e-02 -5.19181421788185611e-04
-6.59262268506350183e-03 1.70640253581871466e-02 -1.12871450237498217e-02
9.54356304942953135e-03 -1.06653148982286134e-02 1.18259457670149559e-02
1.04568692618830783e-02 -1.44265988147127024e-02 -1.50018679596973740e-02
4.47744991204030145e-03 1.37209022828131445e-02 -2.34785825425025407e-03
1.62594684706767129e-03 -4.76905255359638767e-03 8.56149716139127659e-03
2.28573207402330220e-03 6.60909563482945349e-03 -1.23484981828686415e-02
1.38401991811875399e-02 -1.22426303025396856e-03 2.53185393528766872e-02
4.61842526075771729e-03 -1.90089562991676512e-03 -2.59319127593680499e-03
-3.80189094435778308e-02 2.69777306865472896e-02 5.72803557409513496e-04
-1.07614671552226041e-02 -6.91659337923151811e-03 3.47103774232590751e-03
7.70874579824136897e-04 3.14730626025705711e-03 -1.22074998253657550e-02
4.65638434745794666e-02 1.16849990306910228e-03 3.84346706372147139e-03
-1.85956243625727477e-02 -3.19864200489845775e-03 -4.58712145171807223e-02
3.50148764044828295e-02 1.36084020512826868e-02 -1.27338692754038647e-02
1.33503806335077599e-03 1.66209031839430720e-03 5.25855261475338242e-03
-1.64582625587338192e-03 -8.74155025636781267e-04 5.67710068692052938e-04
