2.19533807551298429e-04 5.93270197341820379e-05 6.33858220569277851e-04
2.40530233103914998e-04 2.19065340246244188e-04 2.23300068075631890e-04
4.03321973293029881e-04 3.02606461404910938e-04 -9.81447714075095668e-05
2.72015259150547176e-04 4.08242903505401313e-04 5.43515333538030666e-06
3.10097300005963020e-05 5.27325131170748346e-04 -2.79297631944044598e-05
-4.41134512059166941e-05 3.66261355291477983e-04 -4.00763353443262421e-05
-2.79576930377398788e-04 7.51223398435576823e-04 6.69507282430588071e-05
-1.78206506068906461e-04 2.91878239894743474e-04 2.09575075467506876e-04
-5.19946939310311144e-04 1.83121071626515439e-04 2.98125948497996070e-04
-5.20293991479004489e-04 1.89465921851730086e-04 4.71489178706529404e-05
-2.80103899409164683e-04 1.62297677191384885e-05 1.18875195504936651e-04
2.49969203492490224e-04 1.42262983127456954e-04 -1.48142732169306011e-04
5.98151455384469716e-04 -9.85498238706443625e-05 -9.22458907238371312e-05
6.47830899718672567e-04 -1.48360084481286356e-05 -1.14884699003495324e-04
2.20837125232117929e-04 -2.07349286495060622e-04 1.26768892812457594e-04
-2.70023694963120837e-04 -1.07696597777389241e-04 -8.51896542355167277e-05
-5.82965067558704358e-04 -3.03982805553286949e-04 7.69711040989080203e-05
-4.74708394463303719e-04 -3.02729722273889469e-04 5.81714865472859362e-05
2.32795368823194299e-05 -4.39840697778461575e-04 -2.40751395964980598e-04
5.64758326377031130e-05 -2.29854393276486313e-04 -5.38134921942174087e-04
7.46343644720554863e-05 -2.54673257598653907e-04 -3.64971288707416222e-04
1.21730050297277751e-04 -3.16667489512657862e-04 -2.33514056638381716e-04
1.83230702220171164e-04 -3.50700815749783871e-04 -1.94941609210947513e-05
1.63341372212585359e-04 -4.50482640452915569e-04 -2.90325634884757650e-05
2.14099148663771382e-04 -4.32836979146529943e-04 5.45432794111825334e-04
-1.10864656950086923e-03 4.89071773400798150e-04 -9.74164774243770570e-04
1.13273839479226487e-04 -3.23831660436178588e-05 3.58571246741164250e-04
2.05021585019729249e-04 -3.67192459081710693e-05 3.19521995401247287e-04
6.57144957212413739e-05 -1.23973503279443189e-05 4.14149943480020342e-04
2.39863794027100517e-04 1.34094168675284617e-04 -2.39772282844839666e-04
3.20618492364549413e-04 8.13255283540365454e-05 -6.48212865363235802e-05
1.86585651742619064e-04 1.57496918434633058e-04 -3.35467849720581527e-05
1.94879916413944366e-04 1.97856145346794141e-04 7.01863130300475161e-05
-5.35357567195258213e-05 1.97056101579339265e-04 3.98578450836743796e-05
-2.44594527490432569e-04 5.48101665228127225e-05 2.17892689045336163e-04
-2.47725546562858683e-04 1.07508580071152192e-04 1.28504216487950466e-04
-3.19987183089860639e-04 1.81703134750583066e-05 9.10955382390824756e-05
-1.53134362875643245e-04 -7.63759764397908527e-05 2.75011010445827444e-04
1.45326311315646260e-04 4.93706554134023260e-05 -1.91687471703428633e-04
3.36770169242666013e-04 -2.28852252321517247e-05 -1.03686389360676767e-04
3.20120622201198893e-04 -8.89995144566405836e-05 1.22955196411313270e-04
2.82645732268974449e-04 6.62387680033331010e-05 -2.30641029922814704e-04
3.09325888412607638e-04 2.82991783111064719e-05 -3.65302430530104480e-05
-1.16456614108641636e-04 3.69579989056319897e-05 -2.13270676148260641e-04
-3.39211819152467010e-04 -1.20799056245841907e-04 -3.28610315321282160e-05
-3.16240910980926349e-04 -1.58193439086924285e-04 1.50409038154397315e-04
-3.07618082745767549e-04 -1.52565337017839268e-04 -5.58504954993421546e-05
-2.44501793172813449e-04 -2.30596906380364737e-04 1.21367813038372079e-04
-6.19064166678082476e-05 2.60742128514281687e-05 -3.56252571619045816e-04
1.28671221827557830e-04 3.65709035606621402e-05 -3.07581008832369428e-04
4.53553844982299692e-05 -6.84153999739791908e-05 -1.96120470466075019e-04
-4.98260364305956350e-05 -1.32261691364603858e-04 -2.04614439378929714e-04
1.29736955907688379e-04 -2.28927881643851890e-04 3.33443956956075795e-04
2.24422976445616461e-05 -2.00614709299055797e-04 3.01864188932702648e-04
1.61324454440328673e-04 -1.83868583446693230e-04 2.72110895174941926e-04
-2.14343012506849700e-04 1.18292993887759716e-04 -3.53642281903079913e-04
