1.17926302166360131e-02 -2.08455152435332858e-02 -3.77784773786640216e-02
-3.68228347293273472e-02 -1.70523992023685622e-02 3.98890840218433240e-02
3.71197888593446379e-02 2.89991113524656896e-03 -1.54490126176138887e-02
-1.03735934504740612e-02 3.49063152870821014e-02 -6.46595884547258581e-02
3.61537510502563109e-02 -4.38248143814208291e-02 1.51061771328283578e-02
-1.51424631434809998e-02 2.60510077963651554e-02 -6.62302500120137694e-03
4.51329646459521783e-02 7.59875375895902039e-03 5.57248034666812941e-03
-1.07057442193285723e-02 -2.81519266741954155e-02 2.04966585915711264e-03
2.17537353853369808e-02 -3.92354377021320033e-03 -4.75302849246848069e-02
-5.44508471042721709e-02 1.73244700494068482e-03 4.12843891724437029e-02
6.32950555948719185e-02 -3.45466498513880005e-03 -2.80991439429731926e-02
-3.68096328511944293e-02 -1.17669519059520056e-02 4.54249801100781170e-02
3.78620551905495262e-02 2.25443472812456025e-02 -1.52942792052956911e-03
-7.83746279547283820e-02 1.11703734246273445e-02 -1.03869040849064120e-01
3.41968511583665702e-02 7.32542308605799164e-03 2.48342577412183907e-02
-8.83147243213411315e-03 1.37840989662390001e-02 9.28030454205241995e-03
-1.09233802605572805e-02 -1.53123402249972784e-02 6.88149355759826165e-02
-6.43871546056491439e-02 -2.59559628350647387e-02 -4.29752365709850093e-02
4.76652661168008862e-02 2.52413266304918338e-03 -6.50004842183453668e-02
1.03748861233504686e-02 -5.85759114078410192e-03 4.20728645679986357e-02
1.72280273838328890e-02 1.08402097508228934e-02 -1.44264548115273783e-02
-7.02277385203935456e-02 9.43655709315951441e-02 6.67566550515275026e-02
4.78336068354412447e-02 -6.69833821285230613e-02 -9.13444186324063878e-03
3.77220328632343893e-03 -2.18148774112734145e-02 -4.50263211452401890e-02
1.61534476541369543e-02 3.92883732071043212e-02 2.83694784626469243e-02
-2.37842183626923998e-03 -4.79589525105339476e-03 -6.21577107235538051e-03
8.86856711146200016e-03 1.75222360286861889e-02 1.90537406386055430e-02
-2.61952920658852229e-02 1.39350251516795476e-02 3.12984662834070448e-03
6.36567460506443084e-03 3.58365086293122026e-03 -1.20801703329114218e-02
-4.35680841065522184e-03 3.72327931939242518e-03 1.39598452439861909e-02
1.52097810850770898e-03 3.18484009145192370e-04 -6.82375107754623622e-05
-3.14148790740333972e-02 -2.77511329652031513e-02 2.39900467673672679e-02
9.40744824961559090e-03 -1.44181919477182063e-04 2.72023281155466812e-02
-3.73798177913688967e-02 1.41792025394140708e-02 -6.18733180025320129e-03
9.11045109737829151e-03 -1.40351209620788453e-02 3.36323648080538717e-02
-1.26985714273057937e-02 7.11891209436976702e-03 -6.28205956719329883e-03
3.15301785856298977e-02 2.12863557846001417e-02 -1.00598626735628471e-02
-1.13999726833373671e-02 -9.66572846390567619e-04 1.09713708110197317e-02
3.46642105471506312e-03 6.91787865882553810e-03 -3.83545079072953321e-02
-1.98346195439644823e-02 -1.12210874141894790e-02 1.16931525127984548e-02
-2.19992729096052386e-03 1.67097529434268033e-03 -4.93526476251471280e-03
7.23507786485777515e-03 -2.45937293429032700e-02 8.29970287515697791e-02
3.45157633061887736e-02 -1.59272721533330053e-02 1.10174534361804910e-02
-1.74646078079521150e-03 7.58063754246351973e-03 -2.51867150419324837e-02
1.06828532801506171e-03 3.07244543629745306e-05 3.60866235764367715e-04
9.78246723779774285e-03 5.95031708800086712e-03 -5.18801822022076919e-02
3.91370197272316034e-02 1.56507512642460878e-02 5.16689639397041045e-02
-1.04507893027605547e-03 8.56079182102975622e-03 -7.20566951438494918e-03
-6.77514309028626194e-03 9.72622253126087521e-03 -1.20589821834662381e-02
-2.61934190080643781e-02 -1.60173531712466399e-02 9.27609454263622624e-03
1.22590966295896830e-02 -5.91358807825459465e-05 -1.06435061318599367e-02
-1.35820599298646094e-02 -3.65201467111875289e-03 1.14796838476618479e-02
-3.65966189278532639e-04 -2.03825623471412809e-02 -2.18817841891238984e-02
-2.84103703782487838e-02 -1.18141279369581298e-02 -2.72042993798127242e-03
1.29497282841870565e-02 -3.05780891521534315e-03 -9.90140281187379401e-04
5.55785889181970028e-03 6.50007759160464715e-03 -1.01737495774023579e-03
