-1.20121640241873107e-02 2.07861882237991048e-02 3.71446191580947424e-02
3.65823044962234334e-02 1.68333338621223169e-02 -4.01123840899189552e-02
-3.75231108326376656e-02 -3.20251759665147974e-03 1.55471573890213974e-02
1.01015781913235143e-02 -3.53145581905875000e-02 6.46541533013904740e-02
-3.61847607802569041e-02 4.32974892502500791e-02 -1.50782473696339531e-02
1.51865765946869163e-02 -2.64172691516566319e-02 6.66310133654570303e-03
-4.48533877155747815e-02 -8.34997715739459710e-03 -5.63943107491118780e-03
1.08839507253974781e-02 2.78600484343006737e-02 -2.25924093462461948e-03
-2.12337884460266704e-02 3.74042269858668478e-03 4.72321589761868083e-02
5.49711410957511720e-02 -1.92191292679241496e-03 -4.13315380903143542e-02
-6.30149516954627564e-02 3.43843521741966137e-03 2.79802687474682565e-02
3.65596636477019399e-02 1.16246889228245488e-02 -4.52768373779088087e-02
-3.84602066459339975e-02 -2.24457974573749573e-02 1.62167381125340616e-03
7.77267970550097054e-02 -1.11555374161792162e-02 1.03983925548067610e-01
-3.44176882835986880e-02 -7.11807379956293142e-03 -2.49610266340308494e-02
9.10149612709723436e-03 -1.36764023684616109e-02 -9.19511488781690409e-03
1.15063453281159852e-02 1.56163230305505652e-02 -6.88919066800815216e-02
6.48618630001124435e-02 2.62586925573386268e-02 4.29170650844377249e-02
-4.76885456536832036e-02 -2.08429196527072170e-03 6.52412356143103472e-02
-1.04313619559881724e-02 6.08744553406058864e-03 -4.15347296460564647e-02
-1.73026617483049462e-02 -1.05855364932242388e-02 1.47914261002347943e-02
7.01060084700962649e-02 -9.40489034420824849e-02 -6.65231409948891239e-02
-4.80168375376614151e-02 6.73340829442728439e-02 9.15393602416173305e-03
-3.93554465853602434e-03 2.22653600517263295e-02 4.50553537087286654e-02
-1.63675468028007254e-02 -3.88555362279577945e-02 -2.89149112567587512e-02
3.48706840577010920e-03 4.30682347765259672e-03 7.18993584659915076e-03
-8.98184095094122642e-03 -1.74898528626425721e-02 -1.94123118853467072e-02
2.59902704808654926e-02 -1.38983059057713760e-02 -3.44936862374195172e-03
-6.43138910078567237e-03 -3.57125351260327573e-03 1.16660203894314012e-02
4.11694461662812095e-03 -3.85737348806770982e-03 -1.37200729611413504e-02
-1.84159660087225845e-03 -3.99809537499228929e-04 1.33058797311785956e-04
3.12282934222907795e-02 2.75936360467685174e-02 -2.39564999823952095e-02
-9.60232816602953586e-03 -5.36742258696120778e-05 -2.72725144285767274e-02
3.74333535480884244e-02 -1.43762586409934105e-02 6.14747395516952733e-03
-8.86585656988785921e-03 1.39803107955560318e-02 -3.38502574970992107e-02
1.29462969738686519e-02 -7.22642067444091880e-03 6.15355535070534823e-03
-3.12101914025400377e-02 -2.13045260980752015e-02 9.96876713532376425e-03
1.15531070462130108e-02 1.04294882283035846e-03 -1.12463818214655585e-02
-3.61174736603070944e-03 -6.96724931423894044e-03 3.85461953789987613e-02
1.94978493747218172e-02 1.12439726394216299e-02 -1.15894661234377788e-02
1.87980666875932497e-03 -1.58197577988603965e-03 4.81230956610339926e-03
-7.51772359712674955e-03 2.45274905748999357e-02 -8.27663877216469612e-02
-3.48250891946013802e-02 1.58989729750218974e-02 -1.09809231931274811e-02
1.86291739490385307e-03 -7.61759554136915134e-03 2.53999857180807441e-02
-7.29073508862594644e-04 9.00746018828673767e-05 -3.28005204232239493e-04
-9.46622632681681613e-03 -5.79212364891394313e-03 5.17297731640532915e-02
-3.88294016444858392e-02 -1.54981859272282484e-02 -5.16131134442047654e-02
1.28958072344886898e-03 -8.33019491464939178e-03 7.08430170134657748e-03
6.83704950695407029e-03 -9.75229674411230360e-03 1.24152347550852832e-02
2.60647477862368214e-02 1.59807822676859765e-02 -8.96851353380385616e-03
-1.23044520140879136e-02 1.27551280756525124e-04 1.08396266023260118e-02
1.36318859662952051e-02 3.78427636248335674e-03 -1.12750694082829183e-02
2.36229233370844260e-04 2.06114902287851329e-02 2.15483402321678223e-02
2.83879280806042210e-02 1.20147426462571850e-02 2.41856574904856982e-03
-1.31110527386273847e-02 3.24167749866203624e-03 7.18029386012437529e-04
-5.34351587931285090e-03 -6.61837058549240645e-03 1.37101723964331559e-03
