3.33403076428213170e-04 -1.79696372778540833e-04 5.72742345694815004e-04
2.66171130681874552e-04 1.85951390828230872e-04 1.20358717767747055e-04
4.49236077771844188e-04 2.24621024657428730e-04 -7.37990403027650749e-05
3.88308203593449685e-04 2.83461580307689748e-04 7.23550384514086637e-05
1.31522964651112806e-04 4.66767857155215063e-04 1.46757077389958528e-04
7.55574954683448953e-05 3.40891024522883411e-04 1.58439895090041331e-04
-8.40666298391540756e-05 7.07682209053961159e-04 1.59642776033793989e-04
-8.64427741106818027e-05 3.69423345162306360e-04 1.66463126019302925e-05
-3.62989536984414051e-04 5.31973656459359132e-04 -6.58669347935448267e-05
-3.87172928515824150e-04 2.72135262643851284e-04 3.21799279584024823e-04
-2.06379071237632842e-04 1.00631131697919706e-04 1.89832322129976984e-04
2.42205156536318226e-04 1.52508192088626185e-04 -1.29642759693421577e-04
5.80037704231191093e-04 -2.74173972397535382e-04 -2.08862449390956827e-04
5.84618009598368181e-04 -1.39105165961962100e-04 -1.99572822751235731e-04
1.24160300911990533e-04 -2.91117073135262845e-04 -5.23743338797406514e-05
-3.12912136793427865e-04 4.12438199405386880e-05 -1.52138126273405942e-04
-6.77150073189182857e-04 -5.13472049407581656e-05 -7.66367076871041924e-05
-5.60654640234575807e-04 -1.06723728152485249e-04 -2.24135599469064559e-05
-1.62276786551158341e-04 -2.05334502027662981e-04 -3.34285438257375081e-04
-3.82510124593299106e-05 8.93968112509240182e-05 -5.79004549515445776e-04
-3.05155174382710415e-05 -5.23204951186692697e-05 -4.53933968482702840e-04
8.03279222472016366e-06 -2.88238735937027749e-04 -4.28182799769087641e-04
4.78970015840784349e-05 -3.38302044225210477e-04 -2.11695278084500738e-04
-3.73134322203953319e-06 -4.18871429330776735e-04 -2.47751584240746812e-04
1.21520444853159682e-04 -6.84044921811335243e-04 2.13791843193048410e-04
-9.26589111359578149e-04 -2.26954181009764844e-04 1.24825293322621857e-03
1.25957791493882696e-04 -1.20113743475535050e-04 3.53363020547787035e-04
2.11236175052410781e-04 -1.76822707239411683e-04 2.84207743251956534e-04
1.06841941751868318e-04 -1.31820550699854880e-04 3.75450784617321898e-04
2.54570153593675346e-04 1.35135784407022693e-04 -2.21532447418495081e-04
3.30968362164974232e-04 3.24553184113583558e-06 -7.32731937479935073e-05
2.20098295036169573e-04 1.06336702893473087e-04 -7.80175582862510762e-06
2.57018092109366221e-04 6.89776001053726351e-05 1.30617085747882861e-04
-8.52870186135175047e-05 2.29706895125637362e-04 5.25787787003416184e-05
-2.06719724622639464e-04 2.48539185322474096e-04 -4.95364856149105897e-05
-1.72040510673392556e-04 2.91314373455012394e-04 -1.61917052304803475e-04
-2.10719158687905210e-04 2.32154153057119503e-05 2.22200956398835894e-04
-7.00663052534948746e-05 -1.55643699692083881e-04 2.43744200368872782e-04
9.43957533732644143e-05 1.57953829307288298e-04 -2.39994109448820605e-04
3.03852375249932544e-04 -1.12321827829609018e-04 -1.40329284136420465e-04
3.01860259300054722e-04 -2.36274969758005555e-04 3.45891693514098388e-05
2.94173475598402787e-04 5.19297214348368074e-05 -2.17826366314143499e-04
3.38782248546140466e-04 -1.19837432784088404e-04 -8.07005879021514502e-05
-1.37060870635802025e-04 2.00578664177054558e-04 -1.80946457326700786e-04
-3.66240315193852779e-04 7.82458396091145948e-05 -5.95664686970027231e-05
-3.53490496806298606e-04 -9.82878554054547512e-05 4.58273633476008135e-05
-3.33622765683050599e-04 4.49946918320318752e-06 -4.88202487945256817e-05
-3.06444382706928386e-04 -1.74458956497739820e-04 3.64456958323545934e-05
-7.51108337462892841e-05 2.19417304913486214e-04 -2.76763482715510270e-04
1.17673894601175118e-04 1.44198189456671682e-04 -2.87919333360518747e-04
1.12061172369541288e-05 2.40789758774992580e-05 -2.13198998728864368e-04
-1.04358553735119450e-04 8.13021546340406137e-06 -2.34328137279104571e-04
1.07266685015522387e-04 -3.89966376812926889e-04 1.57091099336011494e-04
-4.74429869076581053e-05 -3.57229395631854837e-04 1.47026398669079626e-04
9.93641783011081100e-05 -3.41563934270962700e-04 1.22264999771888941e-04
-2.20200671758348233e-04 -9.16197267228134013e-05 3.04588925583224599e-04
