-2.72120767350614301e-04 1.75163557798008185e-04 -3.53507664637930930e-04
-8.00701544810600296e-04 -2.61398953903313469e-04 -5.69175862932258525e-04
-3.57156094263899604e-05 -4.15601573411361613e-04 1.00042365621000329e-04
-8.69132297623309569e-04 -8.37175628102038161e-04 -3.23249695605820619e-04
1.04848734288243151e-03 -1.83257919665891222e-05 9.23834160504455326e-06
-9.17670538853165851e-04 1.14384914304821450e-04 2.13924343670512940e-04
6.75331255256761409e-04 -8.82432503937380375e-04 -9.90528009769953144e-05
-1.02588675372148330e-02 1.07086564877567625e-02 1.54465064194373447e-02
6.20392087542125381e-02 -3.28274539208877059e-02 -1.43479767084033760e-02
-9.35925094923337753e-02 3.66683435997883223e-02 -6.14033338059183365e-03
-8.12576509010565218e-04 -5.54569392757109370e-04 -1.33966672275276366e-03
-3.53681442213371611e-05 1.87355128429267381e-05 3.91099518506354826e-04
-6.64734776588460363e-04 2.41575506438884702e-04 2.68580375478055799e-04
-6.25261475397209665e-04 3.75302565043256209e-05 1.39231264024708423e-04
-5.49864841676850347e-05 3.66038148308156508e-04 1.63656862906425005e-04
1.36120642583392737e-04 1.46348318329714289e-04 4.50383772482076949e-04
6.58999602826781938e-04 -2.32801000810134440e-06 -1.24580372017568664e-04
5.56080077707576947e-04 1.91007098069739811e-04 -9.12680889664230222e-06
8.26339939861142625e-05 2.13548659525164553e-04 3.16916323044758030e-04
6.24494075029680129e-05 -1.00052701906605535e-04 5.94761371399243899e-04
2.99429345451684981e-05 5.69698843264632160e-05 4.31996775143161926e-04
-2.76385088227026898e-06 3.09421795541275912e-04 4.57813965528686140e-04
-4.50842623902492079e-05 3.31301682233942074e-04 1.87546690463946675e-04
3.54536237026081835e-05 3.54093885309936240e-04 2.07189440955879434e-04
-2.51678165053892400e-04 7.22313876138969135e-04 -1.93756852993054451e-04
3.81265783115196655e-02 -1.26975343247552885e-02 2.84526326858269840e-03
-2.44917372676067835e-04 1.22136334684719294e-04 -3.69221391574470204e-04
-2.11434102868501839e-04 2.61153115080459131e-04 -2.66669351500770091e-04
-8.12277294944263595e-05 9.55897990921883434e-05 -5.46185494246120840e-04
-2.09847338304092190e-04 -7.32787302630821813e-05 2.07476224515446006e-04
-4.63117805193036247e-04 -9.36435542733260462e-05 -1.66902637994126302e-05
-4.38321284514486820e-04 5.83349989735637564e-06 -6.35839361236012479e-05
-1.82388155465229573e-04 4.57682277378856917e-05 -1.82903386524824185e-04
2.25462339779491927e-04 -3.50914592270434866e-04 -7.50205000890624696e-05
3.27827982411932339e-04 -1.22347020736324197e-04 -1.54176766446384450e-04
2.27173877095365739e-04 -4.38685152662543487e-04 3.43423446524937503e-06
5.72703604019564327e-04 -6.36581160643467925e-05 1.35723994807834814e-03
3.75187002047083773e-04 3.02718536368651314e-04 -2.92776744221789897e-04
-8.69730036112681404e-05 -1.31333595271732051e-04 7.63090678117528398e-05
-2.93458507162114302e-04 1.78707652421549899e-04 2.45515094926096467e-04
-3.59648908622389740e-04 1.61358550223589248e-04 -1.00135484537355879e-04
-2.46513387552216301e-04 -7.31474302735346527e-05 2.10744806854457067e-04
-3.73245471892325043e-04 1.24887827492869974e-04 6.10356139678636112e-05
1.16859584352257961e-04 -2.37685612429761051e-04 1.58137415500192446e-04
3.13241828923338517e-04 -7.98051163497515148e-05 1.30791319958967200e-04
2.90345839918604298e-04 1.37660649760285025e-04 -1.46298521230825429e-04
3.34755457692903491e-04 -2.76934591645905392e-05 4.64722615962642749e-05
3.13682149906568952e-04 1.57842303690092223e-04 -4.01452548675629295e-05
5.03710212578223349e-05 -2.39118663584836355e-04 2.72915060063327886e-04
-1.45294259658701463e-04 -1.22765069425989637e-04 2.88912106293226500e-04
-1.12173712470964304e-05 -2.64333296773333615e-05 2.02742196834027055e-04
1.04706984967783967e-04 -4.47762095040493691e-08 2.18733097798073928e-04
-1.00879016686761247e-04 3.68615423737894687e-04 -1.69110266885930116e-04
1.07654242066157479e-04 3.81208581921921308e-04 -1.30628633822960083e-04
-1.09456552210618341e-04 3.17834761744961725e-04 -1.47667417260723133e-04
5.89140799714149566e-03 -2.71059666435702340e-03 2.77315381652765147e-04
