-6.12823090775988693e-05 4.53281498053264794e-06 -2.19234681056884075e-04
5.34530414128725744e-04 7.54475630750825975e-05 4.48817145164511497e-04
-4.13520468345454227e-04 1.90980548753932883e-04 -2.62433253182352538e-05
4.80824094029859883e-04 5.53714047794348413e-04 2.50894657154411929e-04
-1.18001030753354420e-03 -4.48442065188625941e-04 -1.55995418995003081e-04
8.42113043384820929e-04 -4.55275938827704861e-04 -3.72364238760554270e-04
-5.91264625417607334e-04 1.74750294883419216e-04 -6.05899750567986744e-05
1.03453103113255156e-02 -1.10780798329190681e-02 -1.54631527320392755e-02
-6.16762192172281218e-02 3.22954802644283487e-02 1.44138436431969202e-02
9.39796824208496001e-02 -3.69404788624321731e-02 5.81853410100780909e-03
1.01895558024819801e-03 4.53938261059189650e-04 1.14983440062278665e-03
-2.06837012314981065e-04 -1.71243704931552923e-04 -2.61456758812933249e-04
8.46970723572692706e-05 3.25984659586506806e-05 -5.97179260870989723e-05
4.06434657988414844e-05 1.01574909457636479e-04 6.03415587265273082e-05
-6.91738167443054983e-05 -7.49210751728936631e-05 -1.11282529026684353e-04
1.76791494210035128e-04 -1.87592138270252983e-04 -2.98245646208671034e-04
1.81504703624009184e-05 5.36752149488595100e-05 2.01217079704672856e-04
4.57456252699885938e-06 -8.42833699172545624e-05 3.15403688435487615e-05
7.96427925650440788e-05 -8.21415749750157177e-06 1.73691152126170508e-05
-2.41983950436381023e-05 1.06558906556815164e-05 -1.57568218837981231e-05
5.72582893102543418e-07 -4.64938920779394625e-06 2.19371933395409138e-05
-5.26894134244989468e-06 -2.11830596042481630e-05 -2.96311657595984992e-05
-2.81273919382922700e-06 7.00036199126840251e-06 2.41485876205540628e-05
-3.17222804805686537e-05 6.47775440208404950e-05 4.05621432848673785e-05
1.30157720200732704e-04 -3.82689543276338922e-05 -2.00349901999939586e-05
-3.71999892001600857e-02 1.29244885057650527e-02 -4.09351620180891697e-03
1.18959581182185139e-04 -2.02259120918424459e-06 1.58583710266831687e-05
1.97927816091058098e-07 -8.43304078410474472e-05 -1.75383917511864429e-05
-2.56142122574419583e-05 3.62307516076665369e-05 1.70734709628798942e-04
-4.47228152895831556e-05 -6.18570541439405119e-05 1.40562229030490753e-05
1.32149443028062015e-04 9.03980224321902174e-05 8.99634575474061375e-05
2.18222989478317246e-04 -1.12170202790829463e-04 7.13856919522263606e-05
-7.46299366441366472e-05 -1.14745827843258327e-04 5.22863007769413244e-05
-1.40175321165974436e-04 1.21207697144797504e-04 2.24417213887208512e-05
-1.21108257789292876e-04 -1.26192164586149899e-04 2.03713252061295047e-04
-5.51333664219731830e-05 1.47370779207531093e-04 1.58482817839554100e-04
-3.61984445331659118e-04 4.04427007586348388e-05 -1.57944090447718400e-03
-3.05120696793588898e-04 -1.47074836676567433e-04 4.90325438529171152e-05
-7.42274976199627388e-06 -2.66202340355562470e-05 1.63685041637067765e-04
-1.03938680878182428e-05 -6.63858245919408805e-05 -1.05185810789676002e-04
5.77886493223350186e-05 7.49164195344163072e-05 6.55463151859460400e-05
-4.76600880461864858e-05 2.12177088386978453e-05 7.08155945968643179e-06
3.44632233461845765e-05 -5.05039470878156983e-06 1.96649739342878390e-05
2.02012862835440632e-05 3.71069482527064929e-05 2.28090418265083396e-05
5.29984862705142621e-05 1.55927674063692002e-06 -7.12248512619644773e-05
6.31446568876943082e-05 -3.93727943548302742e-05 1.00471157883224622e-04
-1.13269200985289219e-06 2.31939899813873534e-05 2.34798719826140681e-06
-7.23776719964056665e-06 1.66166528076475974e-05 3.69955903520833608e-06
2.47398124884669492e-05 1.97013586713501410e-05 3.84842265218238470e-06
2.76203650575263459e-05 -2.14331200306820452e-05 -9.92772932707753318e-07
1.12540101423015741e-08 2.35435379983410349e-06 1.04568018948373123e-05
-3.48431232664517384e-07 -8.08543925390001200e-06 1.55950394810306433e-05
-6.38766832876113972e-06 2.13509530750322020e-05 1.20191675499186224e-05
-6.02112551584993742e-05 -2.39791862900664708e-05 -1.63977648461195431e-05
1.00923739095102309e-05 2.37291725260009752e-05 2.54024174888341919e-05
-5.67120732538314767e-03 2.80221639107983665e-03 -5.81904307235989746e-04
