3.51146617307646395e-04 -3.43167122915368167e-04 4.49942526726500953e-04
3.51035936012025350e-04 1.90669716641335426e-05 1.61592286591069053e-04
4.53436143548553781e-04 2.10124660254919324e-04 -1.10842970333165590e-04
4.10046384900766543e-04 2.76652042036546993e-04 3.45559763077166819e-05
2.30091222472086519e-04 4.27131554904418558e-04 1.81657543745790878e-04
1.20481897643663977e-04 3.29724800309413131e-04 1.40383612837037872e-04
1.37430861393094132e-04 5.92019892247634227e-04 4.36598373322467188e-04
1.49124933800769759e-05 1.85249842252891008e-04 3.06222876446058019e-04
-3.29327981443791715e-04 1.88049459561306654e-04 4.56098904363299034e-04
-3.93622046831909166e-04 2.76249562674891818e-04 3.00669416683570234e-04
-2.34099360503559252e-04 4.79188029665844427e-05 1.97001814167595030e-04
2.30721629794282727e-04 8.30750086185747666e-05 -1.30396933531942520e-04
4.94307698407843422e-04 -1.99562156989136369e-04 -3.36345770589137089e-04
5.15111623752401789e-04 -8.99860555022759950e-05 -3.39337050604033815e-04
1.11263077334054655e-04 -2.85570902721891018e-04 -5.80894359578812579e-05
-3.13312280587920843e-04 8.14089497987768024e-06 1.90082205116583055e-05
-6.33471568072574692e-04 -1.11850467322097030e-04 1.62002335278247208e-04
-5.45132059317544404e-04 -1.36306838642170675e-04 1.03679616551023257e-04
-2.10912179884896234e-04 -2.03348052979412150e-04 -2.93754236924851123e-04
-1.39697924707931525e-04 9.95399939215178397e-05 -5.57279274165401253e-04
-1.15565459156628431e-04 -4.18050178670299215e-05 -4.40585870829702413e-04
-6.73562671372700109e-05 -2.73996205292467037e-04 -4.27141440352293768e-04
1.20686473318909023e-05 -3.31264192874308435e-04 -2.26839245405869428e-04
-4.21819159614104399e-05 -4.10272019723685784e-04 -2.51968868855904470e-04
1.39712926624295530e-04 -6.64345095542112087e-04 2.06630932027175834e-04
-9.19228799194775261e-04 1.20852829843223525e-03 -2.74250012373350471e-04
1.75713686002566740e-04 -2.29284381182712275e-04 2.63923028964350829e-04
2.30491271159157613e-04 -2.40523739336446639e-04 1.76145241149748717e-04
1.42413623324807060e-04 -2.42704503793070899e-04 3.21558705988592944e-04
2.19375577962877162e-04 1.68183489715202525e-04 -2.41297237572840704e-04
3.00038747802132042e-04 1.72065425388100416e-05 -1.43715724406605762e-04
2.14525114121970388e-04 9.70265535034567209e-05 -3.72608688076213514e-05
2.86794747074909252e-04 4.99876233723063306e-05 8.64933342717854226e-05
2.15386666731512435e-06 2.08625030590212400e-04 1.78615627515439103e-04
-1.53101937686090094e-04 -5.61683528618891169e-05 3.41458396941881758e-04
-1.53174816127782333e-04 9.05829363667926641e-05 2.42129987417529278e-04
-2.52479097242575056e-04 6.08924089018626996e-05 1.87398115987441572e-04
-9.96596965200056961e-05 -1.82324908496482645e-04 2.61191388338257683e-04
6.84017614325021985e-05 1.79828051328204613e-04 -2.42348987692575193e-04
2.58181435906168000e-04 -6.27348736312967261e-05 -2.22341580534173120e-04
2.75764572156234728e-04 -2.19220467211698642e-04 -4.79981514928300843e-05
2.36064479289360392e-04 8.51969561054804613e-05 -2.72552366742470772e-04
3.16936508934829260e-04 -8.36447189131658695e-05 -1.61637381639496600e-04
-1.35636430713834431e-04 1.86639533269194861e-04 -1.28059624003708028e-04
-3.59987654437595296e-04 1.84209417384829076e-05 5.13453983700837575e-05
-3.08081251277876795e-04 -1.10038610688514303e-04 1.73519063778199292e-04
-3.36738772123413926e-04 -7.23060161152533225e-06 1.71406669909836119e-05
-2.85616828583784251e-04 -1.81042889346302242e-04 1.00630001929223170e-04
-1.25861967020948458e-04 2.19454717116262155e-04 -2.59125443162783241e-04
6.50193688228967794e-05 1.55198170680283601e-04 -2.93342994993671803e-04
-3.08153703115852788e-05 3.00862789474741176e-05 -2.10400883291746648e-04
-1.48511913215513018e-04 1.18610928545314356e-05 -2.09237026228768048e-04
8.14457579731672673e-05 -3.89105982858322177e-04 1.40298357846853973e-04
-1.44638177433831875e-05 -3.34516861048688872e-04 1.75182376419367292e-04
1.25266780076216231e-04 -3.38255995575000240e-04 8.88746019776349657e-05
-2.22317062805193181e-04 2.37608903073568500e-04 -4.57993489537581076e-05
