-3.04812781835472890e-04 3.82985344360875501e-04 -4.12860956034322157e-04
-9.95984032154950683e-05 -2.49419747941903580e-04 6.26711344624553135e-05
-3.76587029450092814e-04 -3.07928653509481620e-04 2.33974972197792397e-04
-4.34749553694047108e-04 -1.90190207942197986e-04 -6.59469819022096004e-05
6.64199925237696220e-04 -1.18840937476605291e-04 -2.80449257446413469e-04
-3.83178261799344000e-04 -7.01603931926086943e-04 -1.87160391514673563e-04
-1.37615227575871302e-03 -4.01037103582524423e-04 -1.51912988628843948e-03
3.45115495625769597e-07 5.09122070578182928e-04 -1.39360783285802370e-04
-2.66053203418525896e-03 1.34091778390534877e-02 -8.42511363959452808e-03
-1.07455250644896694e-02 -2.74291764732977894e-02 3.27927249500703510e-04
6.00287599799376181e-03 -5.15570659477937454e-04 -1.37312749142548540e-03
-1.09367755406353240e-03 -4.12240356146842402e-05 2.17877423214218879e-04
-1.80626779123116421e-04 8.54425394542168704e-04 -2.73067047613206881e-04
-6.15999586724313986e-04 8.41983139099333755e-05 4.06832967907888587e-04
-1.00845678479455358e-04 2.08124504815110356e-04 2.32262269176164438e-04
5.28479368882450729e-04 -1.14019996766856480e-03 2.12687796998400902e-04
5.38659041893652102e-04 -1.64441650221114344e-05 -2.66900145166282243e-04
6.68613374021020945e-04 6.77952660650404937e-05 7.67588711468591978e-06
1.80254002315027861e-04 2.66506350471207298e-04 3.71195582261396595e-04
1.37297606049191501e-04 -7.89436714843105847e-05 5.60706070817929003e-04
1.31944309647913371e-04 3.20552040999899646e-05 4.20816270464641207e-04
1.13544166299828220e-04 3.06147435719328342e-04 6.53347606471399445e-04
3.18567233441591213e-05 2.36449833479923655e-04 1.22686858894383022e-04
1.14187349073091582e-04 3.53561465601615055e-04 1.52607370033835954e-04
-5.96088858841881120e-05 5.96332745775640660e-04 -3.19272347114818444e-04
8.16243009784400897e-03 1.66461955825916164e-02 2.08074047173205656e-02
-1.45717636115483273e-04 2.34592951659950977e-04 -2.45792490017215925e-04
-2.07009851868722450e-04 2.25285234049632521e-04 -1.28056585184499472e-04
-1.79902097800055394e-04 2.24383575387676615e-04 -3.76115978216517988e-04
-7.96464571348742822e-05 -1.77103879226203631e-04 1.59690530769918126e-04
-3.11243699256280593e-04 -7.79014417295886830e-06 1.25038606065608349e-04
-2.07279711617047724e-04 -9.71819734190138007e-05 5.91887064275153918e-05
-2.93846564917821240e-04 -5.83769606821160636e-05 -8.19250384178626945e-05
-2.61429011629843444e-05 -2.83749709446112774e-04 -3.19743343249356826e-04
-1.76738679456622805e-03 -9.64869505544641015e-04 -4.08928117167839389e-03
1.60041632825369540e-03 5.16723044382549901e-04 1.02767612669030228e-03
-1.28150208360056084e-03 5.08594580197341273e-03 4.43260237048082040e-03
5.47430863687914382e-04 5.21086369903223101e-04 -4.98351601756930052e-04
-3.54534119114624513e-04 7.22190830060753797e-04 -3.32056916807932367e-04
-1.19330020351693378e-04 -6.85690959627283103e-05 1.22015647370909974e-04
-4.30669896256397067e-04 3.75278984610982747e-04 1.88519721417756969e-04
-2.27922898615284808e-04 -9.51538521656303260e-05 2.73304327732759589e-04
-2.95581162627733818e-04 8.38518945862620768e-05 1.33790611293926887e-04
4.25744979037911975e-06 -6.78133054683005554e-04 4.38469709489464066e-05
7.54713236436277413e-04 3.46659059850873419e-04 -6.38856532156895085e-05
3.61359160447660699e-04 -7.76307214185312233e-05 -1.78374013132032161e-04
3.38876813846145097e-04 4.33487016843758788e-05 -1.54044874705050461e-05
3.04871901625425323e-04 1.35888543136175599e-04 -1.50684526955546794e-04
1.34636307925539711e-04 -2.25859969063435528e-04 3.01313074614117937e-04
-5.70238034141024031e-05 -1.54441561414753181e-04 2.83406302789668274e-04
3.80894705586248827e-05 -4.13172099005265636e-05 1.98999305660141346e-04
1.46153480491850729e-04 -1.70378633922996237e-05 2.25849504830177850e-04
-9.21142169603150762e-05 4.35448812711625166e-04 -1.37171205467634394e-04
1.69191761765219439e-05 3.68044268459488677e-04 -1.71120933194268687e-04
-1.11160070797255983e-04 2.84628147109611263e-04 -8.71119188569635661e-05
3.21683553284279888e-03 -9.51738374545252341e-03 -1.20293691888040399e-02
