-4.63338354721735046e-05 -3.98182214455073346e-05 -3.70815706921787959e-05
-2.51437532796530282e-04 2.30352776277770031e-04 -2.24263421053524367e-04
-7.68491140984609673e-05 9.78039932545622962e-05 -1.23132001864626806e-04
2.47031687932805651e-05 -8.64618340943490069e-05 3.13910055944929185e-05
-8.94291147709782739e-04 -3.08290617427813267e-04 9.87917137006225912e-05
2.62696364155680037e-04 3.71879131616673813e-04 4.67767786776356910e-05
1.23872141436561899e-03 -1.90982788665109804e-04 1.08253151296597229e-03
-1.52576088757027455e-05 -6.94371912831073909e-04 -1.66862093160255649e-04
2.98986001562905057e-03 -1.35972272986147943e-02 7.96901473523122829e-03
1.11391471113215790e-02 2.71529269106228974e-02 -6.28596666184273690e-04
-5.76877663749020275e-03 4.67651856511353025e-04 1.17612567725789048e-03
8.62955924269249671e-04 -4.18509730038905264e-05 -8.74804896822763589e-05
-3.13680919284727001e-04 -6.54863237553032361e-04 6.09412818202343916e-04
1.00887962971912197e-04 5.78774159234261951e-06 -6.74959173038547724e-05
-1.04173988545992968e-05 7.74463979067806620e-05 -1.74172833218283186e-04
-2.15167088294529886e-04 1.13205907268868703e-03 -2.31696017510059197e-04
9.48125261789225897e-05 1.28294632344208451e-04 1.04897809888035036e-04
-1.23481314703476541e-04 6.85115725771301811e-05 -1.11355503665709176e-04
3.06581775698683723e-05 -6.31582974917951488e-05 -7.74413453365454716e-05
2.40031865874002414e-06 -2.05963224372072550e-05 -3.42679665252774990e-06
-1.63788504912849403e-05 9.74981376703995696e-06 1.97696003650612065e-05
-4.61878991625582088e-05 -3.21512304268613052e-05 -2.26206166119105676e-04
-4.39253706760500253e-05 9.48143593943847804e-05 1.04152386511486406e-04
-7.20054331116811352e-05 5.67105541220707288e-05 9.93614988220685165e-05
-8.01040407401074181e-05 6.80123497664714268e-05 1.12641415087642611e-04
-7.24320129864923327e-03 -1.78547238810238505e-02 -2.05331547049472166e-02
-2.99960498870834665e-05 -5.30857047723870133e-06 -1.81305389471349038e-05
-2.34814192904351637e-05 1.52385052868141179e-05 -4.80886559652492457e-05
3.74884744752483341e-05 1.83209284053942843e-05 5.45572722279250434e-05
-1.39729120828002880e-04 8.92038951100110615e-06 8.16067068029225772e-05
1.12049514541485507e-05 -9.41639836585117331e-06 1.86771183409974130e-05
-7.24540250492266441e-06 1.55419915557079760e-07 -2.19278376198940404e-05
7.05181784291198863e-06 8.38933730980973301e-06 -4.56829585392272810e-06
2.39890344956692201e-05 7.51246788559003750e-05 1.41127715733917723e-04
1.92048873225231817e-03 1.02103785840653013e-03 3.74782277473651197e-03
-1.44724151212591301e-03 -6.07305980749342565e-04 -1.26980611410783153e-03
1.53398118084313584e-03 -5.14683821087527551e-03 -4.62000048646826235e-03
-4.47771167167908659e-04 -3.38761461406740429e-04 2.37160213418672369e-04
2.86132357682122342e-04 -9.02018881388958436e-04 5.74405904500507533e-04
-1.38851415554474623e-04 1.31303969594025036e-04 1.00325933163263146e-04
1.54905324100162339e-04 -1.56058517399284104e-04 -1.40521569924926892e-04
-8.14158067407558424e-06 9.95689606014986471e-06 -7.51960990288816963e-07
-2.13553463070954418e-05 -2.07175673096207332e-07 2.78467703455697138e-05
1.31378980923455311e-04 4.91493521413810747e-04 8.42126530547616210e-05
-3.94725581998682116e-04 -3.65080001589356299e-04 1.25402548456057510e-05
-5.32779091697839035e-05 1.87669332107045540e-04 4.85494935383286937e-06
-2.13804172273117160e-06 -3.61181000728505482e-05 -1.73617952047856581e-06
-1.92550730416410723e-05 4.51543462101266428e-05 5.00545250263236240e-05
-8.77434090459125286e-06 6.40525194717337385e-06 -4.21876314513346964e-05
-7.99556540879437633e-06 -7.56609265530419368e-07 9.93669220400352892e-06
-7.27410024703960397e-06 1.12309309530524460e-05 1.14015776316053025e-05
2.35843272366228866e-06 5.17677053776818804e-06 -1.66124786014098017e-05
1.06684589871478089e-05 -4.63428298533029889e-05 -3.12715237921957936e-06
-2.45535843313875640e-06 -3.35274074107998047e-05 -4.06144322509860499e-06
-1.41067092789602482e-05 5.36278484653889779e-05 -1.76268312067139965e-06
-2.99451847003760589e-03 9.27977484237895410e-03 1.20751685377577973e-02
