3.56269875884876333e-04 -3.68085829221658227e-04 4.12856962407995277e-04
3.70134999688945384e-04 -3.72426472309818834e-05 1.23958016026854914e-04
4.78497801329012568e-04 1.24469803371334941e-04 -1.85501575037431488e-04
4.55318286687139977e-04 2.07566552502386708e-04 -4.86778998780685470e-05
3.11448056696571785e-04 3.84275107645015354e-04 1.32677093488908852e-04
1.94578659211824389e-04 3.12136784822791792e-04 1.04015187587094593e-04
2.79451436402771997e-04 5.83937792532297035e-04 4.11612586812405039e-04
6.52479395339778734e-05 1.76866564296848449e-04 2.58393026900014975e-04
-2.12743427486775029e-04 2.16479354167104903e-04 5.25996844337397996e-04
-2.49254592615139004e-04 3.69994775829033729e-04 3.33471108575819565e-04
-1.99910370245285414e-04 1.23157156511968086e-04 2.37050732001838527e-04
2.12226092217446553e-04 3.07440571791859626e-05 -1.36918000832325100e-04
4.07347039655971122e-04 -3.76095044972159470e-04 -3.53717380843258163e-04
4.44799255965947285e-04 -2.60646221560413040e-04 -3.73656224587982423e-04
3.10931253176033762e-05 -3.31427273126461033e-04 -4.14993697954547865e-05
-3.00183140094498267e-04 9.59686317514536812e-05 5.76235744159205910e-05
-6.35222365417768484e-04 5.42116229806776444e-05 2.30639376443262208e-04
-5.54002999873772590e-04 3.74309437941245744e-06 1.60516299770395470e-04
-2.87414203907844599e-04 -1.71932671485548500e-04 -2.58804126847459088e-04
-1.73889050175386647e-04 8.98134643582330336e-05 -5.55544205471902885e-04
-1.68616017908848490e-04 -3.99819490424298097e-05 -4.24991828241140003e-04
-1.75721493563251677e-04 -2.75406364509621989e-04 -3.95202596537214416e-04
-9.14713825306288149e-05 -3.37255651979551899e-04 -1.98261167312128973e-04
-1.65867473204355924e-04 -4.03175750893775410e-04 -2.11717516262613001e-04
3.17800468830422540e-06 -6.68065449091314180e-04 2.58147203052729057e-04
-6.36722758347891583e-04 1.35943566150189014e-03 -3.47118095154737598e-04
1.80342047167638395e-04 -2.43076730842095963e-04 2.48041619848481359e-04
2.09280515684679260e-04 -2.69911842004660234e-04 1.48965337156355549e-04
1.52779748752007955e-04 -2.51520143027743326e-04 3.10383423860603801e-04
2.26304345522359727e-04 1.17074928558857881e-04 -2.88034367933525011e-04
2.76699903370948618e-04 -3.55644114097425097e-05 -1.95255265161609385e-04
2.18641133716453081e-04 6.23511058505975198e-05 -7.84425235544691931e-05
3.02362218008525650e-04 7.69423214627228413e-06 3.36600671098312009e-05
5.06437713510637268e-05 2.10766175005247227e-04 1.74816532448434546e-04
-1.13353137894043349e-04 -2.59513365762991082e-05 3.65283299892000765e-04
-9.59123555760761778e-05 1.14516814682649466e-04 2.88909749325489578e-04
-2.14253863636636323e-04 1.30341452803327918e-04 2.10180306604904684e-04
-1.12797007531513822e-04 -1.44727872364315292e-04 3.00270129529382605e-04
5.91012669848412129e-05 1.56805936615765564e-04 -2.50594981305950215e-04
2.13302206778878645e-04 -1.55252381888269390e-04 -2.35094855231589983e-04
2.17288590726347040e-04 -2.87136439050184077e-04 -4.51238114128115763e-05
2.20569750453450083e-04 -7.34265975764341008e-06 -3.04811878703140733e-04
2.69540365508375761e-04 -1.73740010825159589e-04 -1.79006589445676405e-04
-1.00165655367770917e-04 2.17597392792028569e-04 -1.22559904042031126e-04
-3.44551412537604570e-04 1.12714074838337437e-04 8.44448510975122162e-05
-3.09415725869866605e-04 -2.04658925578582722e-05 2.10362001371446782e-04
-3.26447536168583761e-04 7.58837022196614662e-05 4.62601080687105907e-05
-3.09238914110950328e-04 -9.90603714688490655e-05 1.39967844644918796e-04
-1.00896665441970736e-04 2.23656875353810759e-04 -2.70174884098656892e-04
6.76719847518074516e-05 1.12738905745320302e-04 -3.13774373863636509e-04
-4.46132126608124907e-05 2.36903674474953554e-05 -2.09143630081012416e-04
-1.62506990534413802e-04 3.51104053048733298e-05 -1.96156436342663075e-04
9.32656012979555652e-06 -3.85048911939990187e-04 1.73571606607788085e-04
-7.38290843684629816e-05 -3.09760820735934417e-04 2.05333549871644617e-04
5.02646561138609128e-05 -3.52142707677284344e-04 1.08243672131912532e-04
-1.74708801231273448e-04 2.96274592046066540e-04 -7.58686234115655471e-05
