-4.44004906444916969e-04 5.08772325362727429e-04 -4.08261193046044468e-04
-2.58120208452261579e-03 -1.04940777979267708e-03 1.15361204844499632e-03
-1.81977906899888353e-04 3.59088448749600442e-04 1.03690880619478065e-03
5.25539739214764268e-04 2.54288706817096255e-04 -1.81222763568023026e-04
5.77248130610996668e-05 -1.65471019895813143e-03 1.34842695372450194e-04
-4.92636816199265581e-04 -9.08734344008621520e-04 -4.62608253501528566e-04
-3.57343800398313149e-03 2.17610080742325351e-03 1.81004615233604227e-03
-2.21500701131072120e-03 1.54814118974382353e-02 -3.39278884562776994e-03
9.25356484644757060e-03 -2.88867311841300989e-02 -7.81621187257997008e-03
-1.32653794989554541e-02 1.41041667421735184e-02 1.01818117090175519e-02
1.81806210636592525e-03 5.18272248985063300e-03 1.05451524226385374e-03
-2.37049785716880734e-03 4.07126967280113661e-03 1.51209215599390490e-03
-3.39207463211366189e-04 7.88974417591070676e-04 -1.27586880446717288e-03
-2.93121397309192844e-04 -8.93441703890829331e-05 3.21532884422381926e-04
-1.29307752182450386e-04 4.13187709006557213e-04 2.34063004352247361e-04
1.47440834642686980e-04 9.51894782112105986e-04 4.77862910883170011e-04
2.67949509607845471e-04 9.26076378608975403e-05 -2.33211024441182246e-04
6.11104305155762972e-04 -3.68645928248145793e-05 -1.15681129886580081e-04
1.33275541006838694e-04 1.14176030424961716e-04 3.10000869777837806e-04
1.93758935026266954e-04 -4.57476095379050207e-05 6.32770715595754041e-04
1.88224175097673196e-04 -6.87263104781621337e-06 4.00912386426810485e-04
2.02325034287298422e-04 2.75511231012881552e-04 4.31090804358547075e-04
7.33908456052034808e-05 3.68431108071831659e-04 1.67179979076337304e-04
2.99983147370452841e-04 4.09328884376947144e-04 2.49497186510350133e-04
-2.40291509335906900e-04 5.94830476940089170e-04 -8.84269758145705964e-05
1.38106434292897262e-02 -1.50298437980929123e-02 -9.85746193860137510e-03
-2.54256226662086249e-04 2.82448096946830152e-04 -2.74200054661388748e-04
-9.27644869901378399e-05 2.33345751614599806e-04 9.49165352423855802e-05
-3.02266545712193135e-04 3.43642268694210884e-04 -8.95586080900123704e-05
-6.44062354298036155e-05 -1.68030895494775123e-04 2.72378881951862439e-04
-5.78526528975942256e-04 7.25265275371977935e-05 4.36318000635704806e-04
-8.18427374742469738e-05 -2.81102746625516708e-04 -6.65589599533333853e-05
-3.45896179327898068e-04 -2.41008598531600171e-05 -2.96488199236222272e-05
-1.22752047094554229e-04 3.20074868502828735e-04 -4.23429843557698860e-04
-1.33937189317129279e-03 -5.63968336865894315e-04 3.09219235575897144e-03
2.08424435754195336e-03 8.94458208272386202e-04 -4.27762873382864228e-03
5.93015927799811493e-04 -3.15379123399706085e-03 2.37717728172093246e-03
-1.28557311174426481e-03 5.11542025413369572e-04 6.07348650908168253e-04
-1.57539813870799517e-03 3.45381810829148428e-03 5.62947761341803243e-04
-5.02176745032389960e-04 -5.90896554244491057e-05 6.85049954112226800e-05
-1.87377837479907328e-04 8.79814375031706675e-04 8.27776716907369092e-05
-3.70891938183515180e-04 7.35325649259266356e-05 3.76098110612677061e-04
-1.70650054276189067e-04 2.59481334741629155e-04 5.24510997963467673e-05
4.14128367016819432e-04 1.62603488382817574e-04 1.11502051694856164e-04
6.83630035896776178e-04 -2.45284068789430876e-06 -2.95006212250870092e-05
3.13018294636036032e-04 -1.20575247367860072e-04 -2.98143186125088278e-04
3.52184354996065707e-04 -4.47338720951373503e-05 -3.50597264613394799e-05
3.04932592263273960e-04 7.30337382783829980e-05 -1.83141786224139125e-04
9.54057147948272899e-05 -2.42064589869972480e-04 2.75143246531550645e-04
1.65506658678093999e-05 -1.17235769870438489e-04 3.38819047478899904e-04
3.59177277787781080e-05 -1.33019332494432874e-05 2.08147415282855519e-04
1.64737851944707359e-04 -3.36514977752333522e-05 2.05804057364256110e-04
-1.64588846112367904e-04 3.19812336327052193e-04 -1.08575938303268060e-04
1.49448080186243004e-04 2.89214404820770099e-04 -2.28643412344631258e-04
-2.77651620868013538e-05 3.49509632737277087e-04 -1.05999345891560903e-04
9.49071692781577880e-04 -2.13328519289524010e-03 8.95289725677539394e-04
