8.77350305600406357e-05 -1.40686496141069202e-04 -4.59576936195080828e-06
2.21106708483367019e-03 1.08665042702365904e-03 -1.27757006447185126e-03
-2.96519894429124215e-04 -4.83558252120935383e-04 -8.51407231157349110e-04
-9.80858025901904136e-04 -4.61855259319482936e-04 2.29900663446091580e-04
-3.69172869757671451e-04 1.27043509131311602e-03 -2.67519788861359073e-04
2.98058156987441192e-04 5.96597559185829728e-04 3.58593065914434000e-04
3.29398656758035950e-03 -2.76003859995555077e-03 -2.22165873914844736e-03
2.14975907177674319e-03 -1.56582784617350854e-02 3.13439581872775475e-03
-9.04082141896079584e-03 2.86702518299629949e-02 7.29021502824257241e-03
1.35146340915705925e-02 -1.44741615180025516e-02 -1.05152828175933723e-02
-1.61815173612063989e-03 -5.30587964636260092e-03 -1.29156597426569215e-03
2.15827176495136074e-03 -4.10201372998032256e-03 -1.37517415516157982e-03
-6.81395764446049326e-05 -4.12879372618911206e-04 1.62958618531043099e-03
-1.51677858656754441e-04 3.49990391949495973e-04 5.21233401656004966e-05
9.82146268648470099e-05 -8.17604358800961802e-05 -1.92563634556792561e-04
1.52742305451811287e-04 -1.04786341386355975e-03 -5.35486485299090575e-04
3.67272855809923013e-04 -1.46819260841575192e-04 2.57164799792003831e-06
-5.71013052819903822e-05 3.31214984454021236e-05 -4.48351698838153894e-05
1.54138662901005905e-04 5.77566410605867835e-05 -5.11967429303787180e-05
-1.98698848508803070e-05 -4.40658548203280129e-05 -7.72265101238511558e-05
-1.96081571888247067e-05 4.68545800902460231e-05 2.40794418143295175e-05
-2.66035407240467446e-05 -1.04866503259563697e-07 -3.58882078213326587e-05
1.80805369254253342e-05 -3.11754560922797600e-05 3.10811882357916688e-05
-1.34115674166096916e-04 -6.15313348317173426e-06 -3.77796702477371316e-05
2.37113504647602682e-04 7.32349721512250097e-05 -1.69720227238158460e-04
-1.31739206709418355e-02 1.36704081365910217e-02 1.02045800337561120e-02
7.39141794944478533e-05 -3.93713661047341882e-05 2.61584348129073889e-05
-1.16516028694541420e-04 3.65660903900604287e-05 -2.43881872398741130e-04
1.49486796960185181e-04 -9.21221256664675578e-05 -2.20824815770591430e-04
-1.61898110092556112e-04 5.09559669359172424e-05 1.56554859816625713e-05
3.01826625604993638e-04 -3.69621161274552839e-05 -2.41062735474095421e-04
-1.36798396242206107e-04 2.18751640774919175e-04 1.45001483507802578e-04
4.35339613193724178e-05 1.64066277068877347e-05 -4.01124718620897371e-06
7.21082757434904950e-05 -5.30841043508075935e-04 2.48613311109264286e-04
1.45272503106533605e-03 5.89919673442193451e-04 -3.45747565565097210e-03
-1.98833200196587732e-03 -1.00897502295503572e-03 3.98871898450315308e-03
-3.78762064163175143e-04 3.02344978119373307e-03 -2.58735758832583703e-03
1.39837011927577862e-03 -3.66814153049054253e-04 -9.07618780437550858e-04
1.51629687172315404e-03 -3.61062404490725001e-03 -3.12352780035853028e-04
2.88874538253511314e-04 2.14342037312718496e-04 1.66589859820367303e-04
-2.99107532464397126e-05 -5.92677935981522543e-04 -3.76538602779253329e-05
1.50322187730065097e-04 -6.61899051682832222e-05 -7.12862319095363284e-05
-9.88903112321866938e-05 -8.57413239164695655e-05 1.26555489649329638e-04
-3.13962711649048488e-04 -3.80200881174846115e-04 1.10578523471749628e-05
-3.39078623359171608e-04 -1.10261234150443128e-04 -5.49442298724252070e-05
-3.60256876616942652e-06 1.41041139925718344e-04 8.77811847536414953e-05
-2.57368188274819461e-05 -3.11498301245241159e-05 -1.12003816073711108e-05
4.30632184767636757e-06 2.60266331904660675e-05 4.31739415792203288e-05
5.49095064714344655e-06 1.84077145161617203e-05 -4.96836243289375257e-06
-8.42226506196168515e-05 4.49686412511818680e-06 -2.50446736152633949e-05
8.69548488203438278e-06 -1.03884341980520681e-05 9.96214798156897169e-07
-2.23086141029355672e-06 -1.45890752963997766e-06 -9.64762102159303454e-06
1.55262285982572345e-04 6.52365756129379940e-05 -6.49956683045200244e-05
-7.56189958177800226e-05 2.05464159151643182e-05 2.33098624729866414e-05
-2.24994940270595591e-05 2.63307494000725693e-06 -2.24432624035162895e-06
-7.74362891550304405e-04 1.83701060084917362e-03 -8.19421102265973874e-04
