2.17516653453418528e-04 -4.80812627858492577e-04 3.96660741465138813e-04
3.30595823685331898e-04 -1.45289457422044521e-04 6.33340938100213427e-05
4.31377248844073806e-04 -3.88662888895710348e-05 -2.31652616200443695e-04
4.77166637439774960e-04 2.30545150740741649e-05 -8.85166492686332055e-05
4.31290560539390863e-04 2.51495601276345787e-04 6.66189450426586086e-05
2.96387130370520050e-04 2.15690134061109209e-04 6.89183503968029423e-05
4.85362478429923261e-04 4.45838119301888243e-04 2.90558950924974999e-04
2.36189487582076451e-04 1.51012625915007118e-04 2.87790549999812574e-04
-3.69184221113436759e-05 3.19631677596349327e-04 4.86745633601103674e-04
-1.04074209679168715e-04 4.36749861059487440e-04 3.37633350929001351e-04
-1.04490039906922409e-04 1.50872118470138134e-04 2.25010005201557273e-04
2.21113002420838183e-04 -6.10289843947118418e-05 -1.99936119812327978e-04
2.23977179889067876e-04 -4.04438986987196907e-04 -4.01443013956668800e-04
3.00342770220388654e-04 -3.35503836033335351e-04 -4.23340524571111127e-04
-6.24865955969782828e-05 -3.00451293014545868e-04 -5.08170874614575962e-05
-2.25235023937602722e-04 1.67615868287094622e-04 7.56492545903889930e-05
-5.38799599218225348e-04 2.19077397702296717e-04 2.94357910092174664e-04
-4.99431807888388725e-04 1.64839596630034831e-04 2.24915860628417447e-04
-3.48255576923618855e-04 -5.97890690481501656e-05 -2.19386603224570355e-04
-1.95646100094223928e-04 1.63400644795372817e-04 -5.24572471047139721e-04
-2.22962363085710095e-04 2.99722061519813875e-05 -3.98494253974016781e-04
-3.00347539839621047e-04 -1.92404257639239854e-04 -3.67394217808883830e-04
-2.16366232641214813e-04 -2.84923711302406321e-04 -1.82669728608163409e-04
-3.07739604515624586e-04 -3.23068684344360074e-04 -1.86440467580844957e-04
-1.77408211956906880e-04 -6.42237942383186390e-04 2.48809909727820699e-04
-2.60670508903291587e-04 1.51988477916976971e-03 -5.77767300222877211e-05
8.70649931304999893e-05 -2.87679615962733450e-04 2.44821147869544943e-04
1.05992060223945864e-04 -3.24538437045301074e-04 1.51580082547959850e-04
7.22082830305414378e-05 -2.85174630392929227e-04 3.07793941966746682e-04
1.86674615315739938e-04 4.71210227699294474e-05 -2.92123805065649326e-04
2.16977512678180379e-04 -1.38922173166408170e-04 -2.03697151670813819e-04
2.15174849509056738e-04 -3.02266767167890252e-05 -9.29163893115243864e-05
2.80504093009217295e-04 -1.09566636119171567e-04 1.71318350595644749e-05
1.34341796981999418e-04 1.79954832772095442e-04 1.26529203654358332e-04
-5.02209491268785284e-05 4.60903493419975168e-05 3.66794163147481946e-04
-1.55794631270981045e-05 1.69735792796348115e-04 2.19013185919234027e-04
-1.25297845108381187e-04 1.47556024846103495e-04 2.36132205206790940e-04
-1.06175792600783338e-04 -1.02158263001895537e-04 2.88314237429199963e-04
1.10540418441477806e-04 1.03786414697506246e-04 -2.81988597571763554e-04
1.24565146412741967e-04 -1.81802119535790722e-04 -2.60185862421547279e-04
1.02113197632535083e-04 -3.27873783729650090e-04 -7.75991783859078521e-05
1.75326977944090029e-04 -4.33478395995817774e-05 -3.19596568108034148e-04
1.78286427788320521e-04 -2.36558898523598618e-04 -2.12992566288527609e-04
-3.34443915055003419e-05 2.26029154746169208e-04 -1.28291701419315312e-04
-2.78871230647462535e-04 1.91767655693987030e-04 1.12733515423672689e-04
-2.71753945900670845e-04 5.87986417363965414e-05 2.47772026436438107e-04
-2.78509509507150256e-04 1.70493915344018866e-04 8.63088148575909904e-05
-3.05078650102482178e-04 -4.11061518811918740e-06 1.78622967353963831e-04
-5.07776190827823444e-05 2.53962002294728635e-04 -2.53705755607835047e-04
6.40026209661811188e-05 1.00489868057758940e-04 -3.16343425305558421e-04
-6.06093121046665352e-05 4.38686283542592909e-05 -2.01314864813416372e-04
-1.66492755060863000e-04 9.08019095092475514e-05 -1.73429602118459051e-04
-9.89725610103202715e-05 -3.75217299029965241e-04 1.65340082029998909e-04
-1.43063335164152260e-04 -2.80030688943341951e-04 2.12361622895687987e-04
-5.04193644488688155e-05 -3.54161138401787941e-04 1.00511840102706395e-04
-6.89934051424296094e-05 2.60592596222808241e-04 1.78615233140884003e-05
