1.16176672515067025e-04 5.09314067457466990e-04 -3.87014241391980818e-04
-7.12118099573721963e-04 4.32706150851558391e-04 -4.01451671984798253e-04
-4.36313193210580152e-04 1.42013217649061829e-04 3.31423441348732695e-05
-5.64019848377839139e-04 -9.80710584546073960e-05 1.96686533486811754e-04
-4.57715440365547011e-04 -9.99401212102846159e-05 -2.92131773966808339e-04
-4.47341981665516641e-04 -2.69690187725046826e-04 8.68560956712727261e-06
-6.10241181761672635e-04 -5.98272329169091677e-04 5.40671341049403509e-05
-7.90863804997155029e-04 -4.59437609999557850e-04 1.96585136343685463e-04
-3.11150674518267945e-03 -1.57802678721994383e-02 -1.31274498250988358e-03
1.15956136339736560e-02 2.29480511160762291e-02 -2.10279544512541605e-02
-6.27700282124221687e-03 -5.06297931358168363e-03 1.39849806259757514e-02
6.54413116095486913e-04 8.45238143637350170e-04 3.11091225243309566e-04
-8.76794883488685173e-04 1.75720057541184360e-04 1.18160553373947153e-03
-3.37200759854994203e-04 4.52709945864882002e-04 3.43231406096933256e-04
3.18278004696748162e-04 1.88145496754721364e-04 -5.10802183928404929e-06
-3.27106751655037442e-04 -4.07604062740318795e-04 6.90655148308905176e-04
6.56968878852026705e-04 -3.00784302686984972e-04 -1.31089811015172586e-04
4.97950753869602636e-04 -9.14839741676942708e-05 -3.09697840827460880e-04
2.69600848289641704e-04 1.14516213855608839e-04 1.66180229801859980e-04
2.11526138373774319e-04 -1.73701582247609565e-04 4.90244090947555833e-04
2.07851615877885365e-04 -6.26599141950734406e-05 3.94702088552634223e-04
3.21641674550399159e-04 1.83116679226325019e-04 4.07665505670173900e-04
1.69423020180303752e-04 3.03049220885753812e-04 1.81045235029486662e-04
4.34527723804478683e-04 3.73452728887002650e-04 2.58410032714539994e-04
2.20127033403461070e-04 6.87859678654589857e-04 -2.42870379324244823e-04
-2.81797560266028313e-04 1.23867976387685985e-02 2.87762959661783668e-02
-9.75691703355430207e-05 2.73597437774553143e-04 -1.96442098526983244e-04
-1.02875150671088988e-04 4.09270401347416879e-04 -1.42221444646708009e-04
-3.28916912674115380e-05 1.18762543741324222e-04 -4.10303823293212133e-04
-2.30184488892892780e-04 -5.55775875887842830e-05 3.65617930205175412e-04
-2.11111157195409405e-04 1.40249972567563219e-04 2.53006436356395525e-04
-2.44613483966205081e-04 5.73980551432651254e-05 1.07317448113875002e-04
-2.37467454119233423e-04 1.10288989870976906e-04 -3.96158845701322093e-05
3.55806116341117473e-05 -1.90595699260942553e-04 1.35313678195414511e-04
7.05859760511051704e-03 3.14699960208419949e-03 4.14917424081240327e-03
-9.40563640627151143e-03 2.52706744372810377e-03 -7.55985186558305600e-03
-4.26584688054010286e-04 -1.13919732925654715e-02 -4.76242342364940896e-03
-5.22877472943217292e-04 -1.57887599560524450e-03 -9.34782714456794395e-04
4.75415180536398196e-05 -8.06295315753269293e-04 9.32867937303960559e-04
-1.15261033727609430e-04 4.65308549802756488e-04 3.64599783036823055e-04
-1.60372960958610200e-04 1.37006913815795883e-04 -3.74298196110789405e-05
-1.56228128537883038e-04 4.52022675283547670e-05 3.44121660664775675e-04
-2.13584221443019473e-04 2.39231673729189964e-04 2.13367901467531595e-04
-2.34986845782866882e-04 -6.73826356269113802e-04 -3.75346094962925036e-04
2.16896837725188973e-04 -1.79249686497851002e-04 -2.03012681660785788e-04
4.26744278197555005e-04 9.44992478966177885e-05 -3.67888957265360972e-04
2.79961309276988146e-04 -1.95484765606046551e-04 -1.13603836597642172e-04
3.46123065988912515e-04 1.01559792664573934e-05 -1.54842718651959643e-04
7.39266510521585651e-05 -2.47149999520690500e-04 2.60834387304953452e-04
-8.37949603751386718e-05 -6.92572742003738639e-05 3.11461361851783636e-04
6.50383877938698340e-05 -4.56080597823760314e-05 2.00262038350995653e-04
1.61443541208061703e-04 -8.99682740054252861e-05 1.72909980082236459e-04
1.20727641643836314e-04 4.43449031806153471e-04 -2.13310950937684041e-04
1.43226805785268141e-04 3.09145641926633630e-04 -2.25752109452415084e-04
4.68802783475386065e-05 3.81249482519052663e-04 -1.32226882410102498e-04
3.00272923552180604e-03 -9.64044202220737390e-03 -1.55847653546579146e-02
