3.33693325968485526e-04 2.85014395989744134e-05 9.64650007315799498e-06
-3.81522275888390066e-04 2.87416693429513870e-04 -3.38117578174776910e-04
-4.93594436650634681e-06 1.03146928759490788e-04 -1.98510272065570426e-04
-8.68532109380641790e-05 -7.50165433805332379e-05 1.08169884218178549e-04
-2.64248798261561475e-05 1.51555480066061172e-04 -2.25512828924149731e-04
-1.50954851294996591e-04 -5.40000536639376172e-05 7.76039599639302149e-05
-1.24878703331749374e-04 -1.52434209867203434e-04 3.44626085029915350e-04
-5.54674317415078605e-04 -3.08424984084550732e-04 4.84375686343498037e-04
-3.14842516729402309e-03 -1.54606361946030887e-02 -8.25999348908779910e-04
1.14915394242944870e-02 2.33848009771357168e-02 -2.06903211003251590e-02
-6.38149286114913887e-03 -4.91210719511154560e-03 1.42099906311773088e-02
8.75526118516325069e-04 7.84209159242638294e-04 1.11155105430981588e-04
-6.52817703599617351e-04 -2.28718929446012546e-04 7.80162519782802780e-04
-3.68579896346055494e-05 1.17206109831546651e-04 -8.01091184741778710e-05
2.55791409099769907e-04 -1.12305796259824504e-04 -5.59251093007416455e-05
-5.52341775592640164e-04 -2.39988194453224173e-04 7.66304402899294209e-04
1.18169279633801357e-04 -8.17069049846882555e-05 1.63268099077002078e-04
-1.48105401878608888e-06 7.33556224623405605e-05 -8.47819801990434331e-05
-7.86547286339771517e-05 5.47271448074586737e-05 -5.32063734227103749e-05
1.58800382795503910e-05 -1.03009374522367481e-05 -3.43283800995838884e-05
-1.51107472078247304e-05 -3.26877080430920531e-05 -3.79216542138255874e-06
2.12941347107781123e-05 -9.28757841291483525e-06 4.02712878612900699e-05
-4.69432124609110615e-05 1.81255095833474903e-05 -1.62449357867674679e-06
1.26788119288854097e-04 5.03840445426425752e-05 7.19695651336950371e-05
4.27188214465541900e-05 4.56217362714034669e-05 5.93953040357587643e-06
-5.42468069169319955e-04 1.39066824179383680e-02 2.87185192361560787e-02
-1.05041772050430313e-05 -1.40821781881803076e-05 4.83790493425616990e-05
3.11690955285687514e-06 8.47319643021158045e-05 9.35863790125184133e-06
3.93165917631298998e-05 -1.66412086651605005e-04 -1.02509881326465452e-04
-4.35098735771528421e-05 -8.45656481885483552e-06 7.34941251395260860e-05
5.86635548277097399e-06 1.32779940115504945e-06 4.93092846855817067e-05
-2.94386344571483430e-05 2.71713784264761002e-05 1.44010588023506161e-05
4.30366388899838716e-05 7.22353751805339134e-07 -2.24840495105677345e-05
1.69922408616111166e-04 -1.06408664888471105e-05 2.61842881849772870e-04
7.00837665598363826e-03 3.19308995142619702e-03 4.51596840395988505e-03
-9.42121586939860881e-03 2.69680323652445172e-03 -7.34083867966382232e-03
-5.51882533162391473e-04 -1.12444172677193688e-02 -4.52629121844261816e-03
-6.29053265544000603e-04 -1.68103425860714013e-03 -6.46468477027594378e-04
1.58081936495117639e-04 -7.02508901055763006e-04 6.50879339732197059e-04
9.30411268513253753e-06 2.83506430266965766e-04 1.04413920615275776e-04
-5.82597633260751175e-05 -1.90866869913854206e-04 -1.15028997996986793e-04
1.90988494062069910e-05 1.85442792877298963e-06 2.45250925567415271e-05
-3.52977936546989516e-05 2.67277520559134653e-06 3.75335179003986408e-07
-2.68431237288367197e-04 -4.47797201522944594e-04 -5.03637796382240348e-04
-6.19743929222735614e-05 1.25179691961360283e-05 -9.02791662371130990e-05
1.54990332296884160e-04 1.53297889633014330e-04 -1.20116930828922865e-04
1.45179976983789063e-06 -2.49908502620276854e-05 -2.72950217400511812e-05
4.10444158864303374e-05 6.04536407833820596e-06 2.37802487020041873e-05
2.31490319693762207e-05 6.81200277403813540e-06 7.12863169711840496e-06
-1.97923394089575530e-05 3.12325938573850762e-05 -4.88206345377478496e-06
4.42907568920329880e-06 -1.73943142811674051e-06 -1.05282646242071953e-06
-5.04921385280129712e-06 8.33635503822265371e-07 -5.19622036222592600e-07
2.17550806335160428e-05 6.82317327761882298e-05 -4.79708689076851320e-05
1.63470621115881145e-07 2.91149529832916785e-05 -1.33904865567270972e-05
-3.53908610133020902e-06 2.70883441172647217e-05 -3.17150423073961021e-05
2.93373583037937662e-03 -9.37984942598456620e-03 -1.55669038313438254e-02
