4.05754883166676867e-04 -3.52065706936033785e-04 3.45301855628794114e-04
3.55698697028743530e-04 -1.89977247939953237e-05 1.25207399091857281e-04
4.83317898673849022e-04 1.65911567945068285e-04 -2.36306095554940463e-04
4.54132566922414607e-04 2.47989393367354044e-04 -7.83598468184279202e-05
3.18010407497058638e-04 3.90210729030933108e-04 1.81169734574732733e-04
1.88467959846754023e-04 3.20358381646851679e-04 1.28366276649672257e-04
2.68477933708988691e-04 5.44240779313399491e-04 5.01822744608041208e-04
5.17227668959976036e-06 1.58141472441487288e-04 2.22347595353877380e-04
-2.20558325666156190e-04 1.09748987340870026e-04 5.78066300794754140e-04
-2.01095416121152467e-04 3.60012255306291240e-04 3.68280902487019271e-04
-2.14525948796147331e-04 1.43312912233371781e-04 2.49854838398814332e-04
1.97475618763897639e-04 -1.38657536883968189e-05 -1.19775953826405606e-04
3.98153359413478520e-04 -4.57855075949806191e-04 -2.93011289231443351e-04
4.43877577538042474e-04 -3.16111885656020306e-04 -3.16532470443594031e-04
5.90188655859377172e-06 -3.21891758618402999e-04 -1.55170221574799260e-05
-3.09649678973665380e-04 1.25513524701540818e-04 2.05529250251407538e-05
-6.45132948897475435e-04 1.18567808463100941e-04 1.74792756260955582e-04
-5.56192575352563718e-04 5.86779022193598847e-05 1.26773127213951315e-04
-2.83332223413430189e-04 -1.59952579593513120e-04 -2.67374368682158985e-04
-1.32450806424078225e-04 7.57011410020648679e-05 -5.68131437930860018e-04
-1.42554859101794889e-04 -5.09709659355999468e-05 -4.32326846068373477e-04
-1.69123830831455934e-04 -2.84136859500807486e-04 -3.92670287325797289e-04
-1.01691593960869542e-04 -3.41092988903484741e-04 -1.86781791568685395e-04
-1.79837678099773211e-04 -4.01276719518927347e-04 -2.02188176136209008e-04
-5.88112058916819417e-05 -6.41708068169644032e-04 2.97386100337314427e-04
-6.02162748961931806e-04 1.34889408155007030e-03 -3.24004190879680412e-04
2.27525803021037104e-04 -2.34395624373394439e-04 2.08639389751487072e-04
2.39420658628612893e-04 -2.55002466715746720e-04 9.52007042573021573e-05
1.98185786546389815e-04 -2.57479216130031589e-04 2.69681227272755271e-04
1.93092337722607733e-04 1.46437227885139654e-04 -3.11000889141303143e-04
2.63594909877833095e-04 1.09110688640205932e-05 -2.36102865234205840e-04
2.06335686412874330e-04 9.63726029619756960e-05 -1.01426984533581723e-04
3.02475561220686264e-04 3.65020284856307757e-05 -8.45545297176934939e-06
4.67694824657419986e-05 1.85199015652236113e-04 2.15913054903791099e-04
-8.84010069558393159e-05 -7.58965047690852198e-05 3.71969129138719184e-04
-1.07831692617712496e-04 4.26067645241375248e-05 3.32008233304145002e-04
-2.18072910602794186e-04 1.65530946285663837e-04 2.02716680281093639e-04
-1.27312860695343911e-04 -1.33888679290029204e-04 2.99408471725434732e-04
8.01590847024837450e-05 1.23402746875638425e-04 -2.60367804952361828e-04
2.12141165312711952e-04 -2.02728904236060297e-04 -1.98534830264863121e-04
2.05304502013437125e-04 -3.09185249756024363e-04 -8.85015223332324411e-06
2.35359073050670636e-04 -4.33618445756322636e-05 -2.85698987906260623e-04
2.64561747237259228e-04 -2.07995393116690449e-04 -1.47519852481467614e-04
-9.16773698919516459e-05 2.19902552054851820e-04 -1.43330535251529837e-04
-3.35893831428463110e-04 1.47140735613797609e-04 5.16487138020723855e-05
-3.23751797272354470e-04 1.48434390096150378e-05 1.85501824950292456e-04
-3.21611051976327777e-04 1.01289866588688462e-04 2.19584724068835959e-05
-3.22734015749430816e-04 -7.00046823291916993e-05 1.23512213926331584e-04
-6.54607309606691903e-05 2.19143786436260825e-04 -2.82339360963152050e-04
9.31874142740761718e-05 9.16980989918056536e-05 -3.14471966188746229e-04
-2.91549825731452591e-05 1.51223960074863094e-05 -2.12335461683985603e-04
-1.46341287739267905e-04 3.51128949824473023e-05 -2.08219150665901542e-04
-1.82704987137846275e-05 -3.69429702671570618e-04 1.99977854644663904e-04
-1.10453875878160278e-04 -2.88491796588988009e-04 2.16444871905508530e-04
1.78730383023832410e-05 -3.48925885420193528e-04 1.29780983270671448e-04
-1.86339563049480784e-04 3.38214929456111453e-04 -9.26503108695702141e-05
