-1.03781593918483850e-03 3.04703252389515455e-05 5.58962290321041166e-04
-5.22031598380046091e-04 -7.37014372115041283e-04 -4.50824268620753088e-04
-5.77727656303039794e-04 -2.28676334720945285e-03 1.64133885803607882e-04
-2.71587288913011093e-03 -2.09056227233217484e-03 -3.83962813057969754e-04
3.24148361705667298e-03 -2.44720180973878598e-04 -1.41025821913198790e-03
-2.77971168229385057e-03 1.44938449027876004e-03 2.33315139713408115e-03
1.57204504750185770e-03 -9.72146878629231992e-04 -3.17967615082181965e-05
-7.98795424027254342e-03 3.74159479996891697e-02 9.78914917592810241e-03
1.58954733025020722e-02 -5.66978924697422726e-02 -2.50262243920733596e-02
-2.12072402423668649e-02 4.58464980897019814e-02 2.62986048877920098e-02
2.20075656144658183e-03 -3.28771775495928509e-03 -2.00178188690980363e-03
-7.19486394484825098e-04 -2.19254255321477132e-03 -7.28802109080550764e-04
-1.09720491597364855e-03 9.92070483793128233e-04 -3.60569602004812140e-04
-9.08812856339480390e-05 3.29111694306938318e-04 5.06642765074616364e-06
-7.94568314031351974e-04 6.25852272293947465e-04 1.81026421359864464e-04
5.53723381169213269e-04 -2.07394484534795254e-03 4.56584728103615056e-04
9.70904916597348233e-04 -1.59294889663819106e-04 9.62812173108673619e-05
3.99688201454750924e-04 4.04923172439008994e-05 -2.94301078834324770e-04
4.54207898183955905e-04 2.79776028178746472e-04 2.49612539330978933e-04
1.65607026858305417e-04 -1.97126554615678629e-04 5.93560307361684636e-04
1.00704727164391272e-04 6.72060371806892931e-05 4.38502157008358040e-04
1.45549666397570832e-04 2.28626206501658658e-04 3.88344835005938194e-04
1.21153415855168589e-04 3.79311040298091484e-04 2.08145984158747410e-04
1.85343023524353612e-04 3.47957650316033096e-04 2.53521374146359335e-04
3.01159178332399691e-04 7.48172221328502474e-04 -1.90693015092335827e-04
1.05305552263068591e-02 -2.24217193906497414e-02 -1.40144305757416987e-02
-7.03407885507267849e-05 1.77396466417734100e-04 -6.76490811759578037e-05
-1.61113289707248697e-04 6.46784241944420302e-04 -9.49593236578838429e-05
-9.76162013984621657e-05 8.60993898230688615e-05 -5.13110190631493879e-04
-3.25842938351250666e-04 -1.39657282310468034e-04 -1.02655767240111828e-04
-3.95728915254522917e-04 7.58483208760374339e-05 5.48046828141579567e-05
-4.53095214201226781e-04 -1.36227115760556572e-04 4.25238739130584520e-04
-6.04511360609016890e-04 -1.31430586460035137e-04 2.46314067238961876e-04
-5.33006622072118574e-06 -4.66550590145775601e-04 1.52315119680945799e-04
-8.85941671922546581e-04 1.36807862384280554e-03 4.68410196980961757e-04
2.54871075494600419e-04 5.44840020454850915e-04 8.86500772171672224e-04
4.10213316883289991e-04 2.06792711998082801e-04 -1.45285041303777618e-03
1.97855240450350855e-03 1.14613072897329360e-03 5.80261271128534872e-04
3.21891819248909528e-04 -9.57279913271769090e-06 1.19513421344041859e-03
-2.08976810625038922e-04 6.47236848323240466e-04 1.58165623887596141e-04
1.34618459182167527e-05 1.92879847959126494e-04 -4.35801170212801736e-04
-3.02337237405581050e-04 7.91539384994432993e-05 2.20270597805605206e-04
-3.00291294804022613e-04 2.16479330134689008e-04 3.72692837873334071e-05
5.01263768173942914e-05 5.47874834537775968e-04 3.04328890678995378e-04
8.44271663149598339e-05 -2.36060849531760653e-04 -1.31750997017565652e-04
2.35971983990168610e-04 8.13248086843909590e-05 -9.99740076994548588e-05
2.04656792586632719e-04 -1.80914987566449526e-04 4.86138248052547794e-05
4.18718691914232721e-04 2.61796951430692815e-05 -1.01659929570452334e-04
8.70313311592818550e-05 -2.02661886520516532e-04 3.20507970833272537e-04
-3.00053836874702995e-05 -1.26942550882414018e-04 3.11135589196709361e-04
3.32917875752042347e-05 -1.76303098322339036e-05 2.12488850323211409e-04
1.46260530368813590e-04 -3.36375395205701366e-05 1.96772993616978198e-04
-1.55354707187749241e-04 4.94489563034994362e-04 -1.89613802425547817e-04
3.92380648213119798e-05 2.55398811406681858e-04 -2.53572036103211218e-04
2.49640717049914862e-05 3.32533904069620689e-04 -5.99803896537409731e-05
2.29295857217415300e-03 -8.40956514875479400e-04 4.02617147997830216e-04
