6.32061056018161632e-04 3.21595381697082239e-04 -9.04264145949835226e-04
1.66332901351302562e-04 7.56012096909036593e-04 3.25616869528895807e-04
9.44097576291907719e-05 2.12085177926438478e-03 7.21722097513325810e-05
2.26174032220769622e-03 1.84257287896482085e-03 4.62322659876397701e-04
-3.55949402455373173e-03 -1.45490548057054510e-04 1.22908848455725514e-03
2.59124372244709652e-03 -1.76974287192561172e-03 -2.46151767378375349e-03
-1.84052298121084633e-03 4.27906099315832501e-04 -4.70025983099823011e-04
7.98278196358294390e-03 -3.75740894721306590e-02 -1.00114967712819792e-02
-1.56749149768359158e-02 5.65881434824014040e-02 2.44481580912786038e-02
2.14083356584880181e-02 -4.62065103450082712e-02 -2.66668857902790275e-02
-1.98623061265043458e-03 3.14440484272591331e-03 1.75192704851098941e-03
5.22010775720927432e-04 2.20640830690316822e-03 8.48578062906956343e-04
6.99051556560170034e-04 -5.34215407843322042e-04 6.53580891236255545e-04
-3.52996291904094435e-04 -1.29998086509180120e-05 3.11466042792847867e-04
7.88666427472758187e-04 -3.03960513675544466e-04 -1.65509399202384545e-04
-2.44073702195547889e-04 1.94843132064641180e-03 -4.77137653128755813e-04
-3.25771967699872798e-04 4.07270812007181650e-05 -2.71073973571822916e-04
1.56504373897812794e-04 -9.91702194632607841e-05 1.67527951620373455e-04
-1.70875674770525716e-04 -1.19823448585233352e-04 1.77618293511800523e-05
-3.31562204342271925e-05 1.21425413613613761e-04 -2.54288694308246179e-05
4.18501319374036166e-05 -1.62350712450893463e-05 -6.17531093998456310e-06
2.35741644338851024e-05 5.55106529991488285e-05 4.32545231985909540e-06
-1.94618218942990473e-05 -3.82180513946067430e-05 -2.13641925900620155e-05
-5.50534542458040060e-06 5.33190692028942515e-05 -5.13331980101503274e-05
-2.42347972440717756e-04 -1.06464153158858442e-04 -1.06693085244978600e-04
-9.92839247734492690e-03 2.10728253090996728e-02 1.43384347666213798e-02
-1.57185014470310319e-04 5.69991579556603390e-05 -1.40990308575529268e-04
-7.83073689213641957e-05 -3.91781775228673581e-04 -2.41380599418314378e-07
-1.00569585147927649e-04 1.71379826306962727e-04 2.43428963358738608e-04
1.32750600628642933e-04 -6.77994557467161965e-06 4.13656656381414971e-04
1.32134005376689822e-04 -8.67593897400580305e-05 1.81298182420047883e-04
2.46759527788352451e-04 3.98545127985808759e-05 -3.23811754597002797e-04
3.02035799388330627e-04 9.49285579744043613e-05 -2.37858614267192530e-04
-4.14394162450208129e-05 2.81351574493539488e-04 -3.68228174584736925e-04
9.74342678878385910e-04 -1.29218211907372029e-03 -8.40379326119680995e-04
-1.47039382876887922e-04 -5.87446784978988426e-04 -1.21850900547581728e-03
-1.92140406280495805e-04 -3.72323658283746665e-04 1.25013373275668265e-03
-1.85123954380816470e-03 -1.01224204968326445e-03 -8.79669742853969551e-04
-4.02050903951393273e-04 -1.13829947742920734e-04 -9.34766408488056817e-04
-3.16435468767302971e-06 -4.44507944087180196e-04 4.03692063772669800e-05
-2.18766347931653878e-04 1.16305401796897869e-04 4.44651322446124985e-04
6.69781643549104133e-05 -3.57920939238110357e-05 6.54283901006554166e-05
3.57295475667633849e-05 -8.48393701799855880e-06 1.10250568694134207e-04
4.15509930745573545e-05 -7.67777386592627788e-04 -1.60998355427465541e-04
2.51466665113503276e-04 8.89201139179630440e-05 8.01022832154932665e-05
8.77798132821858601e-05 -9.61682476940060036e-05 -8.55278172508375971e-05
1.16954259389695058e-04 7.96251209777610637e-05 -7.05722972121383788e-05
-9.59846761648019053e-05 4.38249871861224179e-05 -2.18522843558792499e-05
-2.15706001986126647e-05 -1.64818999157442933e-05 -3.81686098701204874e-05
-6.31820305866058723e-05 3.52444518906083645e-05 3.33637699203686829e-06
-4.13680500205897559e-06 2.50791382474759415e-06 -1.53388639225805496e-07
8.07573704543148880e-08 -1.47535546187716572e-06 1.14461570489233437e-05
1.73625205901533865e-04 -1.25059860363423744e-04 -1.03640522191160867e-05
7.12158110568482979e-05 3.30929851823061512e-05 3.71271641977026880e-05
-4.28371100073747272e-05 1.63919813505728385e-05 -6.98005936169304752e-05
-2.10661900912467205e-03 5.02741585419367947e-04 -3.09966837128260002e-04
