1.45437603185072253e-04 7.92775709889836135e-05 6.18397214944966687e-04
1.69000227632064661e-04 2.38019911722530303e-04 8.07717826136632362e-05
3.73533835901760627e-04 2.85138855615518262e-04 -1.09056233624150767e-04
3.06730203685272329e-04 3.49707686474702106e-04 3.46479368547334077e-05
2.77973077991877472e-05 4.96072070614472674e-04 7.13983965626844338e-05
-3.77039541331007814e-06 3.78430996191800838e-04 9.55735512683537479e-05
-2.13777079466383381e-04 6.32718178608686105e-04 4.00380766451840673e-05
-1.08575069445935408e-04 3.74899866944661394e-04 -2.99929745162699707e-05
-4.33110791716622009e-04 3.03616195303274355e-04 -2.09508742464358671e-04
-5.23158068174286767e-04 2.35410255974992150e-04 -3.20063821124641794e-05
-2.54149871263698295e-04 7.62270664171955692e-05 5.60191194083447776e-05
1.89055835850054953e-04 1.42258152218297109e-04 -2.22954112601516199e-04
5.70603519398320508e-04 -8.21995150724710334e-05 -2.59126030339472293e-04
5.37636995730469405e-04 1.95452647858167536e-05 -2.90800855607553470e-04
1.89033967141183590e-04 -1.33679082857733009e-04 7.37997085810986926e-05
-2.44458270053222700e-04 -1.41119272879744044e-04 -7.04844511680501290e-05
-5.01457948373486696e-04 -2.93547175006727548e-04 1.68184410798454567e-04
-4.57613774557052880e-04 -2.75335762133415926e-04 1.20053204194665338e-04
-1.26352728017580647e-05 -3.67519199614612182e-04 -6.17011210371005465e-05
5.84586540794193718e-05 -3.43055671085098829e-04 -4.56705336553929486e-04
6.46377755388676206e-05 -3.48960607392685620e-04 -2.52763317022388463e-04
1.93298933780552398e-04 -4.97789727035353254e-04 -4.95053105907666824e-05
1.80009271291082227e-04 -3.35551976650634944e-04 1.08288416931798728e-04
1.73866160747052285e-04 -4.00573955196287398e-04 1.51683774848455260e-04
2.88326957703892363e-04 -2.64838003314399795e-04 5.58990732084065664e-04
-1.22450820923146160e-03 2.79344324464161973e-04 -4.56255670788705589e-04
5.04726524011232781e-05 -1.26811151562629020e-05 3.54296622789377507e-04
1.63827560956179906e-04 -1.44320462983011254e-05 3.51137471969596661e-04
-8.56909750076726158e-07 1.45617162473515051e-05 4.26431539880912718e-04
2.36878395145907251e-04 1.29624253440433385e-04 -2.40441346577432020e-04
3.22680902831592900e-04 5.88137959112493633e-05 -7.00453030240870894e-05
2.03040671808549282e-04 1.44040150518130982e-04 -2.07733045087901408e-05
2.26383850521290445e-04 1.35336050765623889e-04 1.29078096469770811e-04
-1.33032827414338538e-04 2.11886360835497465e-04 1.26774697082423319e-05
-2.04252600850709636e-04 1.63168779459535023e-04 -6.81207016734496545e-05
-1.50364199648105176e-04 1.52605567999005462e-04 -2.53246730569907570e-04
-3.07370323609668095e-04 6.18958274772859270e-05 1.61540336558660825e-04
-1.14940241543737737e-04 -1.27793016390588107e-05 2.87903853383953399e-04
8.22271948331533651e-05 7.94831358033062067e-05 -3.12053700037935079e-04
2.85183374886687228e-04 -2.88577441216964086e-05 -1.82875799329313148e-04
3.46711018580511893e-04 -6.32651369236989939e-05 3.63323063782380369e-05
2.17253707280733264e-04 2.77526025420912349e-05 -2.87164951371310904e-04
3.39796357864044182e-04 1.10706387920499000e-05 -1.11185915361464605e-04
-1.17429013388493971e-04 -2.01793440608467155e-05 -2.63106569929550857e-04
-2.98657779301647651e-04 -1.29000371801835242e-04 1.65405110343410014e-05
-2.47723150010444753e-04 -1.41200867882390049e-04 2.30856054096758526e-04
-2.91014199315237792e-04 -1.45911349879223283e-04 -3.00880602592398458e-05
-2.44633959315257671e-04 -1.80964586504464282e-04 1.78532552783458701e-04
-6.52200132949181066e-05 -8.21136114134701642e-05 -3.41313512990906037e-04
1.29520699380951122e-04 -5.81778109257244066e-05 -2.87512342025641717e-04
3.30946791480560290e-05 -1.36957844711063924e-04 -1.59185674826066095e-04
-6.76786301242127076e-05 -1.95970327552580175e-04 -1.47520899220996489e-04
1.74510139610058277e-04 -1.61851076900360313e-04 3.39929340590062708e-04
5.02854346285107299e-05 -1.17012474206913344e-04 3.52587734927025341e-04
2.06127469907410062e-04 -1.04854327881576351e-04 2.90919886862347067e-04
-3.15032761184945507e-04 9.47400998197625708e-06 -7.11147530363970162e-05
