-8.91831355520622537e-05 -1.61080856484441259e-03 9.04795352700027422e-03
-8.86285521673357835e-04 8.13538379520029054e-04 1.11733038528782913e-03
6.91001488007891851e-03 -5.37612345880544851e-03 -8.98373963126264385e-03
6.95231681445562799e-03 1.91186309658331055e-03 3.93493161295443983e-03
-5.08703128281728922e-03 -2.42504087470853946e-02 -8.04328806033338672e-03
8.68843506259153742e-04 3.90636109757984684e-02 1.31384806708023660e-02
-2.47807991002524375e-03 -4.85473788726409339e-03 -2.92657548603547646e-03
-7.12243871753059921e-04 8.52713054621645483e-03 8.37247907204612812e-03
2.20295192386821270e-03 3.17717382108284596e-03 -1.42210659777814996e-02
6.46365449898667066e-03 1.00696901103392022e-03 1.63012182281159212e-02
1.60461044959570032e-03 -8.04439758367400670e-04 1.05471736395306159e-02
-4.42719134625146893e-03 5.45738306298471088e-03 -7.74682552130911972e-03
9.43791282546335708e-03 2.17361642116897791e-03 5.73623880696683131e-03
2.77181775343215975e-03 -4.45194644912483284e-03 -9.67648763452899630e-03
1.64340521084938018e-04 1.60594968380278758e-03 -8.43394880281511661e-04
-6.36528998075647223e-04 1.92606738063461069e-03 -1.29173291637281196e-02
-9.92339696825261797e-03 4.87046717563766052e-03 8.47092345034639038e-03
-5.71760433142820546e-03 -1.27178698063659112e-02 -8.15418714315896409e-04
-3.28060767322624347e-03 1.19264306660173958e-02 -3.88776475790031384e-03
-1.17841400767726423e-03 8.47152183846766604e-03 -1.16017554576739457e-02
-3.78214166932022700e-03 -7.59532327578149591e-03 -9.75098967169785169e-03
-8.58216001466138856e-03 6.43716919054959646e-03 -2.30999295322833476e-02
1.85822328958469285e-02 -3.70640305999820896e-02 1.23126659602430522e-02
6.77976381366551806e-03 5.58734376993896831e-03 3.41713031956931701e-02
1.97161734544692990e-03 -2.94296170136609803e-03 8.46325872804420953e-03
-1.39525183672688513e-02 9.87908083406718873e-03 -1.20473852137550352e-02
-7.29777417084631619e-04 -1.81208405760124869e-03 -3.53189794565134108e-03
-2.83525771915149605e-03 2.60895786883985625e-03 -2.29159375408949373e-03
2.44228314697347848e-03 1.56982277944273108e-03 -2.81359979248119174e-03
-1.33244094647921862e-03 -2.63642295927901671e-04 3.93886331563297887e-03
-3.54369657906916657e-03 2.23825144670769527e-03 3.36559685015766497e-04
-2.63686715162547713e-03 -3.17324821910647259e-03 8.05495902529207441e-04
-2.12186692151661305e-03 -1.37536965227907926e-03 -3.35096344766006027e-03
5.09794102894067791e-03 -4.20735911459857448e-03 1.39186768047785958e-03
2.78891179396945077e-03 -3.00268636862366378e-03 5.57089926134735069e-04
-2.67300830490840857e-04 -1.22930571075641204e-03 2.90387874487185726e-03
3.53453276006598927e-03 9.95254576039217298e-04 -3.16970772410662960e-03
-1.01540624156626347e-04 -2.94827609303549565e-04 -3.40784896926038527e-03
-3.83683054432454318e-04 -9.31996064476248165e-04 2.14237216147239451e-03
-3.52880051765325220e-03 -1.26669179493588135e-03 3.12622646239102409e-04
-2.51360201831651864e-03 -2.97904969416812326e-04 -3.83010147025419911e-03
-7.62104211549097244e-06 6.30271853898189960e-04 3.33544009967789989e-03
-3.94798237770865867e-03 2.09378240219759704e-03 1.15731591059820005e-03
6.36565060197269439e-04 6.84745888561918981e-05 3.61274763631902474e-03
3.85479884237538428e-03 -1.50211576548753278e-03 3.77358086123713576e-04
1.69335226551159401e-03 -3.90095939665990876e-04 -4.04582748993087549e-03
3.06075536792382863e-03 2.78244850386055731e-03 1.72327847435482795e-03
1.99938909271302201e-03 3.59273750077138132e-03 -3.34177358157949911e-03
2.45220407757651415e-03 -2.50579449850527047e-03 3.63329082861918451e-03
-3.13050521276991844e-03 -1.75131234471827268e-03 2.52777290747641104e-03
-2.38822973534746907e-03 3.20782643299799552e-03 3.67760935887373464e-03
1.97786331699800755e-03 4.13889845306592008e-03 4.12954263531273291e-04
-7.47118911508026784e-04 -3.27593130759762374e-03 -3.17820878731200906e-03
1.61403353564915086e-03 1.17592294645185724e-03 -3.94636989955277073e-03
-3.70195953636676123e-03 9.60950077400157809e-04 -2.65604994996126997e-03
-1.24485924760486810e-03 -9.76003539934211517e-03 1.65718446468249292e-03
