-5.62544676330099997e-05 1.53153099385542908e-03 -9.66635074194524026e-03
7.17285294041293173e-04 -1.05155829124255933e-03 -1.19810216790149234e-03
-7.28354871598067919e-03 5.09098460318993008e-03 9.09279586488679487e-03
-7.25904701814090048e-03 -2.26157078305801260e-03 -3.96957954980917301e-03
5.05923397501810163e-03 2.37543366764709218e-02 7.97188966377070270e-03
-8.65073110845843629e-04 -3.94420419719902701e-02 -1.32340542220707198e-02
2.69185698949162694e-03 4.22201970865540739e-03 2.88653740939029228e-03
8.20818941198995329e-04 -8.90203041316111644e-03 -8.34248609752985884e-03
-1.76984113215159075e-03 -3.48079001638612042e-03 1.44305747202458576e-02
-5.94049643081238400e-03 -1.24237926700891243e-03 -1.62692118460034570e-02
-1.35046057833200202e-03 7.28212691950205142e-04 -1.06031927589389612e-02
4.23813551040141435e-03 -5.59964121520300801e-03 7.96977963391063554e-03
-1.00085163448616777e-02 -2.09141690609650687e-03 -5.47711277662735890e-03
-3.30945474916262937e-03 4.43240118433901615e-03 9.96728849013655063e-03
-3.53374488226121581e-04 -1.47227060094505448e-03 7.69595171700412982e-04
8.80987268128869978e-04 -1.78494810775486662e-03 1.29878136148961695e-02
1.04248549166261039e-02 -4.57692000063093275e-03 -8.63910786114484470e-03
6.17521810598525844e-03 1.29932055684993265e-02 6.95365510121231044e-04
3.29324294602800164e-03 -1.15589114664027843e-02 3.94946587893741426e-03
1.11995535359784475e-03 -8.12846616738256700e-03 1.20584607942278745e-02
3.71750389378135929e-03 7.94428388317418126e-03 1.00037529887202405e-02
8.38886108088083594e-03 -5.93937946351424332e-03 2.31494348428741142e-02
-1.87622421671380102e-02 3.73995825766327214e-02 -1.24209543771748501e-02
-6.95362997441256996e-03 -5.18676981474268124e-03 -3.43229869705416260e-02
-2.25994430315082243e-03 3.20779970468049788e-03 -9.02224946012827531e-03
1.51770265765003125e-02 -1.01584251585313499e-02 1.25036408845437402e-02
6.79304764683508287e-04 1.82476517275751153e-03 3.17760132286196368e-03
2.67143015819531603e-03 -2.59452582254155514e-03 1.94045628211989701e-03
-2.44142623722340196e-03 -1.58438449569008261e-03 2.38716825260027908e-03
1.09556255133331148e-03 1.34018042487468286e-04 -3.69842196905554666e-03
3.22101567623757357e-03 -2.29706524261894451e-03 -2.66514381991679421e-04
2.43382647981692799e-03 3.02920806858834142e-03 -7.84722598020417324e-04
1.89548307099532258e-03 1.24003360151345534e-03 3.22188535119028938e-03
-4.96490820152633953e-03 3.99547275376307704e-03 -1.40454515018610194e-03
-2.58465919311874105e-03 2.83951758916412868e-03 -4.88969224461285401e-04
4.17665030138946033e-04 1.07670014275740647e-03 -2.65063201430194980e-03
-3.22716243645632117e-03 -1.05715040351650317e-03 3.00816738754796894e-03
2.16480865700364084e-04 3.07606910942608382e-04 3.11994511587643198e-03
3.01455859599300980e-04 8.52512928672941972e-04 -1.83031846143445948e-03
3.24361714276656492e-03 1.29554953905757766e-03 -1.29746846909789261e-04
2.16689099973600696e-03 3.61170106340511334e-04 3.79376916387596120e-03
-2.09632665165242291e-04 -6.58024456440281188e-04 -3.04827514830658883e-03
3.60818601984461444e-03 -2.10485304098964685e-03 -1.04612999523673550e-03
-5.19136046808775509e-04 -4.82952447953451791e-05 -3.34964106638947377e-03
-3.55614106307373685e-03 1.63111613728936797e-03 -3.93898597158054561e-04
-1.44562911550114937e-03 5.31296807548380925e-04 3.81497143583411696e-03
-2.76974116860859067e-03 -2.63653715398133419e-03 -1.69319041409558813e-03
-1.75475513339776439e-03 -3.41177291426691693e-03 3.16324102879604043e-03
-2.38698406428159609e-03 2.58790810991874065e-03 -3.29197731562827847e-03
3.00098451338896713e-03 1.80949015564399701e-03 -2.24026056545076954e-03
2.35513505619941313e-03 -3.07086858828693179e-03 -3.51842368404766846e-03
-1.91018468687379492e-03 -3.94292812551334023e-03 -2.65433364310276802e-04
5.72608771897968561e-04 3.43778238449798414e-03 2.83827944672194630e-03
-1.66431897027766152e-03 -1.05891047224494382e-03 3.59378216462574555e-03
3.49583206645935098e-03 -8.56095749518581499e-04 2.36513006309892280e-03
1.55989200878981372e-03 9.75056138936013922e-03 -1.58606971164609585e-03
