3.22646264787855054e-04 -3.89269101907507853e-04 4.26048257125585090e-04
3.68771420942332257e-04 -5.11875321813066281e-06 1.10629730199280843e-04
4.56649183040922966e-04 1.03908097132272679e-04 -1.59315528214364652e-04
4.46901219462622645e-04 1.92792973944306938e-04 -3.34250278052967742e-05
2.94789459757761321e-04 3.71242693699187971e-04 1.22727704007086696e-04
2.03328115797323243e-04 3.01919333201629151e-04 9.99515062497001526e-05
2.92116333282695963e-04 5.78615249079802454e-04 3.35741723015715247e-04
1.38327095692344719e-04 2.02666930359576462e-04 3.07501431335315781e-04
-2.10074197888430883e-04 2.62412994709423236e-04 5.01484074083857062e-04
-2.99790294317925094e-04 3.73373613806033810e-04 3.46015669815906543e-04
-1.82724518508075608e-04 1.14779387862072165e-04 2.27365673499158369e-04
2.44581118223795616e-04 9.87428004014853492e-06 -1.83988398646603223e-04
4.02245138465683061e-04 -3.07871727269738878e-04 -3.75803692112208819e-04
4.40335095316618616e-04 -2.02414767029647524e-04 -3.98152059896140055e-04
3.21321918095196800e-05 -3.24063676624082586e-04 -3.85602797554760650e-05
-2.89245730914983960e-04 8.96284682191104048e-05 3.92556376976425106e-05
-6.23085522838854461e-04 1.44983484714182377e-05 2.55205211229045696e-04
-5.87378089864207492e-04 -9.66528674567564865e-06 1.41704029587380652e-04
-2.92314982525431356e-04 -1.72740864098388873e-04 -2.60846000098655638e-04
-1.73086427635128293e-04 1.00421741348896300e-04 -5.53548442683834529e-04
-1.65323765264810033e-04 -4.24637213606764770e-05 -4.12403488286585144e-04
-1.71404837714184534e-04 -2.77122364906517472e-04 -3.92530265308719476e-04
-8.46080672188000523e-05 -3.34933207741282279e-04 -1.97041239362407647e-04
-1.57181117055172465e-04 -4.06938452490730404e-04 -2.23537492745413616e-04
1.71144652669744286e-05 -6.68329043900113746e-04 2.46724544445653198e-04
-7.17092951687822743e-04 1.36628887581005860e-03 -2.52269080211287868e-04
1.64703806688014793e-04 -2.44246922120947842e-04 2.62177798558289096e-04
1.92559976870782966e-04 -2.68456196980828654e-04 1.73247025830735191e-04
1.27830438654841076e-04 -2.47379089801197122e-04 3.25598570873277926e-04
2.06366458215814178e-04 1.12331674699907576e-04 -2.68618394178413958e-04
2.74259838186672309e-04 -5.42703298190198944e-05 -1.74336057447190592e-04
2.16416332190342870e-04 4.29398334199750445e-05 -7.10979096125905857e-05
2.94767774374351242e-04 -8.76465128459125951e-06 4.95406681700498913e-05
5.48891839356400844e-05 2.16269564847565963e-04 1.40150222316753160e-04
-1.18289024107109516e-04 2.16408230426349502e-05 3.44218754910107763e-04
-8.73366366906018032e-05 1.36574108530589745e-04 2.55997715497802494e-04
-1.73152946130759498e-04 1.18400625253678413e-04 1.99545180652185405e-04
-8.87138085896874916e-05 -1.30068828904845833e-04 2.81626044628683172e-04
8.25080475982610973e-05 1.49514923302029754e-04 -2.69093736908920149e-04
2.00082228290073070e-04 -1.29054529359140508e-04 -2.33709310193531202e-04
2.13600314728043311e-04 -2.80056483782563208e-04 -5.89787626591504631e-05
2.18108740733983922e-04 1.23616756594437577e-05 -3.04989653387419937e-04
2.74546026627425549e-04 -1.65595231843631332e-04 -1.92374774711202780e-04
-9.68249966886601863e-05 2.09032004193126017e-04 -1.25140201618869696e-04
-3.43988367477617604e-04 8.24997154620781025e-05 9.34002397038396565e-05
-3.02053807128300654e-04 -2.81260210828727164e-05 1.88026921854945642e-04
-2.78976263222403733e-04 4.22863277806706899e-05 7.91008027105093479e-05
-2.96045036491426785e-04 -1.04399678029500032e-04 1.42397698092512290e-04
-1.11541055745567648e-04 2.20306890994265701e-04 -2.61155916246029517e-04
5.09080684363578798e-05 1.21488955176283296e-04 -3.03425396611316559e-04
-5.50853925038938264e-05 1.90121625404706258e-05 -2.05027044355443540e-04
-1.73271650257966493e-04 3.22515192398077055e-05 -1.92146350665373962e-04
1.69550034474578846e-05 -3.89092554856532689e-04 1.69806058930448107e-04
-7.03231439560623729e-05 -3.21288643506135942e-04 2.05498146244987152e-04
6.04272155228573218e-05 -3.56305344278372315e-04 1.06920195987732607e-04
-1.59953923923484843e-04 2.48701681116208508e-04 -3.60927335317407123e-05
