-2.47252334482528369e-03 9.70190960274486258e-03 2.27341860619763025e-02
6.41876548726054708e-02 1.65705436399359307e-02 -4.41796932032680889e-02
-5.90525194619679894e-02 -3.23397865771268833e-03 1.03151173411246688e-02
1.31172280514153528e-02 -2.97037009082962156e-03 -1.75113991140509739e-02
-7.96000395733642563e-02 1.28274445388272262e-02 4.74239261468816231e-02
2.66594732619278574e-02 6.54040488433338396e-03 -9.30885166695460953e-03
1.62880046444031645e-02 -3.07076721560974875e-02 -3.51857673267375048e-02
1.41434385350693859e-02 3.65458325190517463e-02 2.87795794041310060e-02
-5.92374902278614002e-02 -6.01485804004031621e-03 -6.37187389277560357e-02
7.88943315770538334e-02 1.34688317509374933e-02 4.98617350893617584e-02
-3.16585996153100346e-02 9.62834287547087442e-03 -1.23197166305173411e-02
2.55866541753633214e-02 -2.02625999009049540e-02 -3.52239470839776914e-02
-4.42522095307840146e-02 -4.43698642764811524e-03 3.54758531979388891e-02
3.60431285789699629e-02 7.92497565734784359e-03 -1.44276953325981339e-02
-8.72691659016622268e-03 -1.09753584084906208e-02 4.82627742255632430e-02
1.91869608334060970e-02 -1.97518056589425228e-02 -2.02124297833706362e-03
-2.88546318521962775e-02 -2.23797453667762269e-03 -5.70004398571155591e-02
7.94254009796020455e-02 3.12620397868013100e-03 3.63584704207084997e-02
-3.48102058362220745e-02 1.71369063375210740e-02 -3.46893977781452811e-02
5.79177425715249328e-03 1.26064700862027479e-03 4.65358512954825443e-02
-8.14982909499120112e-02 -1.99929769785445188e-03 1.21373285669914566e-02
1.41769912092502004e-02 -3.81245147821118735e-02 -3.49891598365683620e-02
9.22870793181651550e-03 5.35823449611605440e-02 3.94278771458402844e-02
-8.05840741007723960e-03 -2.15042446773097140e-02 -1.24440201167768105e-02
-6.78178565424518709e-02 -9.99394357254601573e-03 4.42572544600290385e-02
1.17631701616538464e-03 -7.42327678388221557e-03 -1.04781706082945902e-02
-9.07518267379492372e-03 -7.67985125199166507e-03 -2.05226647586487232e-02
1.03253288100291218e-02 -3.14728565139077432e-03 -1.50419622465358671e-03
-7.71440507526133246e-03 -2.19093589256091903e-03 2.75231789621743772e-03
1.17846621505832694e-02 -1.64238635744551331e-02 2.45086286982281187e-02
-9.80384919469390326e-04 2.77661473389256841e-03 2.04002918687784529e-03
1.23641883982257283e-02 5.82394475245773258e-03 -1.42485677957784329e-02
-5.92489730638012801e-03 -6.87120151250075750e-03 8.75921995894346495e-03
1.11308029673521380e-02 -5.56775770834860850e-03 -3.41018923133606933e-03
-8.06049221662941129e-04 -1.02744328781366745e-02 1.66701311119368256e-02
6.02659746259415208e-03 -3.05486459908310692e-03 2.29940191551625261e-03
-2.71837745700538314e-02 -5.92087756856485292e-03 2.11911583497181866e-03
5.83196958701098778e-03 -6.59410705572316402e-03 1.29569063722461131e-02
-9.32009128541078091e-04 -5.66062574272274688e-03 8.95466833159463960e-03
9.02469007436002002e-03 5.70051353029177310e-03 -2.39348649601289765e-03
-1.28782553565542912e-03 1.77477389882172432e-02 -1.71276323950247944e-02
3.20594013768249475e-03 5.30588813282273364e-04 -6.95391058795324923e-03
-8.33792444976366731e-03 9.01208696394784070e-03 3.72767568216358924e-03
-1.05359256577219895e-03 9.82126386610460145e-03 -6.27824349220862388e-03
-2.91917772850380786e-03 1.33928028504115559e-03 9.78166632461185959e-03
2.71875231311846655e-03 -7.73948723120343463e-03 2.39823556388163439e-02
-2.65539617767953651e-02 1.94416477270505927e-02 -2.25951719222237113e-02
-6.35229335148412844e-03 -1.04077643136029074e-02 7.79533147311917141e-03
-4.73055261472432598e-03 1.15885037505991662e-03 -6.79632727670687053e-03
2.53236381795294285e-02 2.71691812568064517e-03 -5.90476046360599582e-03
-1.52270825453618142e-03 -3.90230939598268378e-03 -5.92200571763923378e-03
4.98150653112663377e-02 -8.68062551429593654e-03 -1.11322365403152546e-02
-1.03454477916529175e-02 -2.68292639323375326e-04 -1.10497523835024758e-02
7.35476046817102880e-02 1.00607491104236502e-02 -4.06072163260087216e-02
-1.49479155237142169e-03 3.46814450461208068e-03 4.71226641934571755e-03
-1.65410818428846085e-03 5.91187685703431498e-03 7.48736939749639063e-03
