-2.14987708003742863e-03 9.31264050083735473e-03 2.31602343191018890e-02
6.45564262935477973e-02 1.65654248867177986e-02 -4.40690634730688049e-02
-5.85958702789270633e-02 -3.13007056058041584e-03 1.01558018129103041e-02
1.35641292708779757e-02 -2.77757711688531462e-03 -1.75448241418562703e-02
-7.93052501136064930e-02 1.31986872325264137e-02 4.75466538508887079e-02
2.68628013777251796e-02 6.84232421753501290e-03 -9.20890016070491021e-03
1.65801209776858596e-02 -3.01290569070176845e-02 -3.48500256037217876e-02
1.42817656307617311e-02 3.67484994494113246e-02 2.90870808354663224e-02
-5.94475644257498326e-02 -5.75244504533089281e-03 -6.32172548536721751e-02
7.85945412827359080e-02 1.38422053647435268e-02 5.02077507591776676e-02
-3.18413241338181136e-02 9.74312226333294736e-03 -1.20923509570181834e-02
2.58312352935871174e-02 -2.02527256208648067e-02 -3.54079354826242962e-02
-4.38499643923183288e-02 -4.74485815491785395e-03 3.51000495058266804e-02
3.64834636742865787e-02 7.72256089031819574e-03 -1.48258473924942746e-02
-8.69478439835670233e-03 -1.12994220851147034e-02 4.82242139458077673e-02
1.88977151024911118e-02 -1.96621771907234122e-02 -1.98198734063942091e-03
-2.94777173750351319e-02 -2.22347618820620437e-03 -5.67452346458865164e-02
7.88380228897378327e-02 3.11653869193445534e-03 3.65001744502958803e-02
-3.51025208187475055e-02 1.69641654734226863e-02 -3.49502437782439335e-02
5.61868782951736520e-03 1.36106874996917118e-03 4.59823028527987093e-02
-8.16636147151768160e-02 -2.04176141921512833e-03 1.17249250787048714e-02
1.40055863715360159e-02 -3.84016371470183929e-02 -3.53816901018770835e-02
9.14409986459771562e-03 5.32474117534192590e-02 3.92308359064778775e-02
-8.21558852713241174e-03 -2.19111831298004454e-02 -1.26675576095222238e-02
-6.78007420771848945e-02 -1.06622726164461289e-02 4.45039790044746905e-02
4.59224064477561900e-04 -6.05698790807215719e-03 -1.07304396885058786e-02
-8.91047886710690830e-03 -7.92409817411261243e-03 -2.02604869600904354e-02
1.05178887868999042e-02 -3.41574184837160292e-03 -1.33094919882285152e-03
-7.58657463660649106e-03 -2.43831498236211615e-03 3.07791646709071548e-03
1.19910286087990831e-02 -1.63115318997552258e-02 2.42400103040497049e-02
-7.06125081282718016e-04 2.72234440407354873e-03 1.86569312943065464e-03
1.25806047304160718e-02 5.86688458587770762e-03 -1.43196657053910239e-02
-5.63012953200577645e-03 -6.87996616378534851e-03 8.80876062711351444e-03
1.11856921512877780e-02 -5.35148814350104238e-03 -3.27003900901931630e-03
-9.24338245770050604e-04 -1.02527920550940389e-02 1.70143498668469326e-02
5.93926082590355044e-03 -2.91829049055251704e-03 2.55539963101405511e-03
-2.73569275161845912e-02 -5.80247694331117482e-03 2.31866101562400390e-03
5.74325577842130057e-03 -6.72417588462800950e-03 1.32385324168747959e-02
-8.49501080942817021e-04 -5.51111081942071753e-03 8.68557459468571880e-03
9.22477230265009336e-03 5.57145900093263240e-03 -2.62719580620642901e-03
-1.07422522092738581e-03 1.74676825044346798e-02 -1.71866111576839432e-02
3.42404887841647873e-03 5.42950488941717135e-04 -7.25890024134066923e-03
-8.06337842313624258e-03 8.84649173210420858e-03 3.53530090745238657e-03
-1.15041756246085907e-03 1.00302958702977278e-02 -6.40338369382749319e-03
-3.26316609598142557e-03 1.42178000050323361e-03 9.87506656431569839e-03
2.41669850599016568e-03 -7.76761325228630777e-03 2.41703825606712878e-02
-2.68329380400177675e-02 1.94839340548312624e-02 -2.25160711195132035e-02
-6.64833838797555549e-03 -1.05121639916324078e-02 7.93772917121168299e-03
-4.84209367046989358e-03 1.37915726605418237e-03 -7.05748319295290000e-03
2.53745462479657881e-02 2.83840708085692861e-03 -6.20818586021731206e-03
-1.57779364704007524e-03 -3.88329723344221301e-03 -6.12703276199467756e-03
4.96417936610083696e-02 -8.64837399505612864e-03 -1.13243828909806287e-02
-1.03284927882054591e-02 -6.57385194179907961e-04 -1.08799463245720270e-02
7.34772815377542216e-02 9.73946046691751346e-03 -4.04017181797637348e-02
-1.43436433684856427e-03 3.11183916033370847e-03 4.81918661533345047e-03
-1.81406210821194566e-03 6.16057853815052316e-03 7.45127666396465035e-03
