3.89361632851004363e-04 8.49856800980766376e-05 4.98190962807132766e-04
2.33507039015321422e-04 2.47552840614736081e-04 1.98360574975731514e-04
3.91183012656408228e-04 3.91381788957004327e-04 -2.30872219181154964e-04
2.32541331958917286e-04 4.69083337086639819e-04 -1.14739257569073858e-04
-7.26112968437562541e-05 5.39167186976664630e-04 5.45374065666197089e-05
-8.88468548299451338e-05 3.82349294571268780e-04 9.43309311791089655e-06
-3.31953910192843307e-04 6.86896172662223485e-04 2.80176650962552778e-04
-1.81635059980304420e-04 2.44569043865965909e-04 2.43916814189483819e-04
-4.57832583655071027e-04 6.00289049537426812e-05 4.73926584447009074e-04
-5.16058145560674419e-04 2.23118518879773472e-04 1.64670395668646780e-04
-3.51054731550778834e-04 4.98082574433597836e-05 1.30356967385641682e-04
2.04836650772081963e-04 6.32146336133669146e-05 -5.37424129774570274e-06
6.53449985698849106e-04 -2.16523714733183188e-04 1.28887175231492783e-04
6.33935940819016844e-04 -8.08857447260756573e-05 5.38498917365510887e-05
1.41131768151420687e-04 -2.73383523575424533e-04 1.50563679977131393e-04
-3.04818823807377452e-04 -1.00253030889770468e-04 -1.34630895999145243e-04
-6.28475074964948612e-04 -2.59111744192752635e-04 -1.17554493566969826e-04
-5.07560017633959721e-04 -2.61655690625695969e-04 -8.79686620507093211e-05
-9.77297604867365441e-06 -3.56299053596586125e-04 -2.39409091364663879e-04
1.53663065080598878e-04 -1.39685508495692833e-04 -5.57383036475001784e-04
1.35797883092572132e-04 -2.10035520739160631e-04 -3.89175131276073250e-04
1.97060124082556337e-04 -4.01224315457070614e-04 -2.59308770412161995e-04
1.68410125386445010e-04 -3.61490451702789766e-04 -4.03015790333184100e-05
1.42266710884647206e-04 -4.64986110260236620e-04 -5.04005012829759631e-05
5.95271291084280581e-05 -4.78297265398368516e-04 5.26501081660467525e-04
-1.09899834852845708e-03 5.39424106622114720e-04 -1.02451386777598378e-03
2.31039592308675192e-04 3.97817601727866742e-05 3.00151613140177214e-04
2.93600599949564022e-04 1.32099051998670926e-06 2.09803451635711790e-04
1.88027417731027619e-04 7.35791961056997787e-06 3.60322567722663094e-04
1.76384247091598427e-04 1.53876792315056258e-04 -3.13838573614598027e-04
2.90600241522326623e-04 1.29273994467931296e-04 -1.84011178963305774e-04
1.31025613624174286e-04 1.85491385922007326e-04 -1.10511729961567550e-04
2.04176637106783865e-04 2.23721578128812558e-04 6.34680416736592366e-06
-1.59548148969815783e-04 2.08741577780172962e-04 1.16728147628295532e-04
-1.55632293692110565e-04 -1.70998079737698735e-05 3.56076859518201388e-04
-2.29283520825392356e-04 1.80808843701034513e-05 2.71340374360470101e-04
-3.43142243230623795e-04 5.18332136929483292e-05 8.01266185421054591e-05
-1.52720200155337062e-04 -1.15458183227516118e-04 2.94399870529682233e-04
1.58893577556188216e-04 6.95984932687505458e-05 -2.41192059812353710e-04
3.48988977836281998e-04 -9.05962884423522493e-05 1.78208661388504563e-05
2.85805957427595842e-04 -1.31633505817932303e-04 2.14599441041701746e-04
3.53912292152264900e-04 2.74341316196374999e-05 -1.28718017318827385e-04
3.58233687251887571e-04 -5.55482757840559220e-05 7.06289989458423750e-05
-9.12216857245776245e-05 7.52227637221634243e-05 -2.52822210558083162e-04
-3.43481342740692571e-04 -6.88417688965364881e-05 -1.38254730185682732e-04
-3.50118594474442394e-04 -1.38984884093530599e-04 4.03532319819752670e-05
-2.96604026342681679e-04 -1.15547268097755879e-04 -1.19143823669375375e-04
-2.71052082601012760e-04 -2.21485385459665486e-04 3.88091986006093405e-05
-3.80975265624345053e-06 7.01059230083876238e-05 -3.56408012287005730e-04
1.89398707470313227e-04 5.88695696489451156e-05 -2.85476571539017775e-04
7.97733713041354653e-05 -4.52002756037122704e-05 -1.95107482197769589e-04
-1.80836972353417714e-05 -9.90379943170409285e-05 -2.36390536272424123e-04
5.16823805570909372e-05 -2.47675587694220697e-04 3.27633063550780116e-04
-8.62156090547276047e-05 -2.40864494868475384e-04 2.83726063054523937e-04
8.05525111785012314e-05 -2.41092892721947785e-04 2.75404718908691022e-04
-1.08237190326888067e-04 1.30607542798122454e-04 -3.64136494529030070e-04
