-4.55254735848953374e-04 -1.14612369628286359e-04 -5.23281348463910945e-04
1.37825958406345705e-03 -1.52224931650168926e-03 -1.04717249706665072e-03
-4.83481003492158834e-04 -4.30389912532191943e-04 -2.93160611786191794e-06
-6.09071745458322766e-04 -5.76303052540083627e-04 -1.34698484247852690e-04
2.14646330663592622e-04 -4.78094865724365548e-04 -2.42454095107369483e-05
9.94244483374373544e-05 -4.20231155857209160e-04 1.28564619203130892e-04
3.51404000467958610e-04 -4.98090937735895523e-04 3.60947503192932118e-05
-3.84589443288083643e-02 2.66134473188843756e-02 4.36215652943161558e-03
6.97048986188564257e-02 -4.76887232660760940e-02 -1.22922163475251978e-02
-6.58685988686453783e-02 4.16026655974560122e-02 1.30548622772312939e-02
-1.51007189203689052e-03 -2.71764700220566979e-03 -1.97359988983247803e-03
-8.46339983648469740e-04 2.26917371431589743e-03 1.28990439775888976e-03
-8.48999871694289254e-04 4.54674663665555201e-04 -2.82014148583975555e-04
-6.97490289025992638e-04 7.41530745740348607e-05 1.07691582218238935e-04
-1.63378612220821395e-04 1.30451908948003847e-04 -4.15442267041044033e-05
8.32061573792231002e-04 4.40621644580946326e-04 5.01738481397229208e-04
5.37151097187660298e-04 1.71212293730960141e-04 1.25450805652516095e-05
5.16609840712334289e-04 3.64662527829295868e-04 -2.05582463616238442e-04
8.21767057515021548e-05 1.48512676620526918e-04 1.89935471217150820e-04
-3.19449454544429301e-04 3.35900579136350075e-04 6.26348342485982812e-04
-4.67749836505770844e-05 1.58723416107342530e-04 3.59999817469258687e-04
-2.27522606399688243e-04 3.90214094021956726e-04 3.30514976868201416e-04
-1.51053393205202724e-04 3.81945495451674333e-04 -2.15966387440147400e-05
-1.19638120373188883e-04 5.81346856938225187e-04 -4.82332497160342655e-05
-1.23625303987615065e-04 3.70183169149385094e-04 -6.32098270727965428e-04
3.75860969172983062e-02 -2.21271916946612635e-02 -4.66432459028354174e-03
-3.13525482191323590e-04 -5.37243189779879060e-05 -1.94376025049791679e-04
-2.08339804049995081e-04 1.93761297768824114e-04 -2.34162613947375142e-04
-9.10484177553128049e-05 -1.47094604921016447e-04 -4.64852455885456095e-04
-1.08452830078098472e-04 -1.70459271937151158e-04 2.91603077868796134e-04
-2.51162028095830436e-04 -1.07194428951240539e-04 3.25735006143634820e-04
-5.53002528780321967e-05 -2.40154891027355433e-04 1.20197341944461300e-04
-1.52405470920768948e-04 -1.46305185154904649e-04 3.52878731246786259e-05
1.80926572186379531e-04 -2.04483005527444917e-04 -1.06858334980142189e-04
4.09469914755183906e-04 2.37232969683143224e-04 -3.61824923198472703e-04
-4.68680674482246928e-04 -2.01249328855679366e-04 -1.19600243147166552e-03
2.52713620598754574e-05 1.45957359182391500e-03 1.66110623592941042e-03
7.37388109294134786e-04 1.29883193140667430e-04 -3.35498847074955364e-04
-2.58236908106113106e-05 1.31889897323489436e-05 3.61431623398633661e-04
-2.43648243742455861e-04 -7.61453949031931643e-05 3.69563069813061418e-05
-2.92670188786647856e-04 1.91591683894820619e-04 -1.58808979633828784e-04
-4.07939395639544955e-04 -5.10609305649500911e-05 9.91899048830013896e-05
-3.06872103616129266e-04 1.30307016125819075e-04 -5.89866020831442128e-05
4.36842641797041513e-05 -4.82622988090541938e-05 2.72093572107667825e-04
5.13678229597580582e-04 1.52846130129113966e-04 5.47650914610731121e-05
1.78446578658064681e-04 1.22881671181573893e-04 -1.30443437580618493e-04
1.93313379517778827e-04 -1.75250652503455839e-04 2.48130230756871129e-04
4.23200508871346415e-04 3.97207983199976411e-04 2.34740993964255296e-04
4.53850135280209344e-05 -6.19294836299300044e-05 3.24408357938565928e-04
-1.53358433735206745e-04 -7.55936497844889033e-05 3.11811141499251931e-04
-1.13883095184119654e-04 5.03913288184554276e-05 1.63276900343234388e-04
-4.23461100762523301e-06 9.31313320722271243e-05 2.74322086638800755e-04
4.23415331267662509e-05 2.48138401259145880e-04 -3.04754013813024471e-04
4.79648938997989660e-05 3.96405754272910471e-04 -1.80135112422208366e-04
-1.31603884150788275e-04 2.06836570560309241e-04 -3.12270924186508481e-04
7.84763976902080884e-05 -2.92471809786309933e-05 3.44006025687182415e-04
