-6.58931029979490106e-05 -2.96266895302097215e-05 -2.50903856567781785e-05
1.61176662307877840e-03 -1.27469647588695318e-03 -8.48811922090919233e-04
-9.22979908357506062e-05 -3.90081235751876159e-05 -2.33803825299016882e-04
-3.76530413499405481e-04 -1.07219715453443808e-04 -2.49437741816926548e-04
1.42035033819836354e-04 6.10723212522990824e-05 3.02919970558827606e-05
1.05775935074922206e-05 -3.78818612859403801e-05 1.37997712321041778e-04
1.94500902751153031e-05 1.88805234926327963e-04 3.16271401281845990e-04
-3.86405793887886692e-02 2.68580163627503421e-02 4.60607334362109905e-03
6.92470660352013517e-02 -4.76286943611223534e-02 -1.18182897630781884e-02
-6.63846570142060527e-02 4.18257841163357860e-02 1.32195326728999415e-02
-1.86112662358766941e-03 -2.66783874476231005e-03 -1.84324292244683629e-03
-6.41503332876387777e-04 2.33238834792926430e-03 1.28453015646114404e-03
-1.95549885995440148e-04 2.38150948932372013e-04 -1.53126973352482772e-04
-6.35543482069757942e-05 -6.73267015204079657e-06 1.61541473954790037e-04
-2.22468440694007083e-05 -1.42931614627420686e-04 1.09019453273026990e-04
5.27242749984853550e-04 3.40368613691175857e-04 3.67107585398083937e-04
-9.13239777772883142e-05 -8.78994504617924941e-05 -1.05009413001718217e-04
9.04982307837456836e-06 1.03006837203599899e-04 -2.93551125666947736e-04
7.24037297028285072e-05 -2.07786376976059207e-04 -4.94736201475130593e-05
-1.65786389463830423e-04 1.96215070640657241e-04 6.89653060109810282e-05
8.90228994419950479e-05 -5.13121046318181016e-05 -2.91753138068145631e-05
-3.04624823171319062e-05 -1.10102214351138887e-05 7.12062064560394208e-05
1.73567321812422861e-05 2.04550437488845672e-05 -6.18982177773331501e-05
2.26285905114583224e-05 1.16360746677988567e-04 -9.86337509990102286e-05
-6.40981748791870137e-05 -1.08114096248983422e-04 -1.05597189067497903e-04
3.64870985687698463e-02 -2.15877675880391494e-02 -5.68883845805952595e-03
-8.24858898826483981e-05 -1.39425588052012318e-05 1.05775588090385535e-04
8.52607958995689409e-05 1.95082288288810833e-04 -2.43591623116633520e-05
9.69789999757148143e-05 -1.39736685310446471e-04 -1.04529888162793001e-04
6.79314170134999549e-05 -1.65824796220948999e-05 -2.22354957458018921e-05
3.94382134264961866e-05 2.20795655166907572e-05 1.41723827180329046e-04
7.57253607461420895e-05 -5.46635051053481064e-05 9.68561198289374990e-06
5.17711661860149170e-05 7.74163929739079095e-05 4.16346772920445530e-05
2.13784232165637475e-05 4.25857225272804505e-06 9.86981264815334268e-06
2.53837621063073341e-04 2.20133161709373337e-04 -5.74806368027131528e-06
-6.97964195307639338e-04 -1.83168444485575914e-04 -9.24662057111195470e-04
-3.17870881170748338e-04 1.51140680551686336e-03 1.74123285447151579e-03
5.84667909138797751e-04 1.44250099131513121e-05 -4.10989765452731315e-05
1.33069886745576906e-04 8.27874830010994894e-05 1.20239563586279952e-04
1.05340734093826137e-04 -1.66741683345545414e-04 5.47771731201565981e-05
-6.86423135905201397e-06 5.99581780768883158e-05 5.57904614078729615e-05
-5.40271034872800548e-05 -2.36267989453125911e-05 -2.95281124358259958e-05
5.13615836357583051e-05 7.47587403417631464e-05 1.16423968626981622e-05
-4.75374215448734732e-05 2.69604649131092305e-05 1.92713615495846628e-05
1.70196886856888011e-04 8.40043612325774782e-05 -8.34896387246096203e-05
-1.71672015816377714e-04 -1.61032129119567061e-05 -9.00902055986432262e-05
-1.03290646824902852e-04 -2.90797920601211719e-04 1.28986407087495754e-04
1.52148426270333655e-04 1.75722597740310925e-04 2.73550192564864616e-04
4.15752608717774821e-05 8.17643937845761938e-06 -3.19996543484398020e-05
3.60402737351064818e-05 -1.67240801355437877e-05 2.63345699602341560e-05
-3.41097238799841884e-05 5.19105321474315712e-06 -3.18305818545352006e-05
-2.23183082429670045e-05 -5.90666224481380423e-06 3.79315503663766316e-05
9.40239136838571881e-05 4.62813564925182441e-07 2.28790497377556442e-05
-3.82507151549286387e-05 1.55541259404435087e-04 1.03590950632315572e-04
-5.10513729722870437e-05 -3.42563221616385446e-05 -3.68662052778174587e-05
-2.97607926366799783e-05 1.01360361819491460e-04 -2.01304688418476544e-05
