2.16805750192655184e-04 -2.33068125474110498e-04 6.35801346639796369e-04
2.51458453203044026e-04 1.17452525422997902e-04 1.97630478404643174e-04
4.16590001544733953e-04 1.79950024929197388e-04 -1.01155899256439728e-05
3.73860600679614937e-04 2.51783572097829828e-04 1.28841067387562959e-04
1.27714474957132018e-04 3.85801394818582140e-04 1.62313897191160614e-04
9.62021126325908742e-05 3.28418274165944856e-04 1.62766994231328729e-04
-4.11901376792652498e-05 6.21858913995707984e-04 2.47515625446395973e-04
1.28830352343168935e-05 2.93078690951378471e-04 1.01672124910491345e-04
-3.49631875799174814e-04 4.51984199572873690e-04 1.26596419174946685e-04
-3.99654888787920044e-04 1.96490778956636076e-04 3.90315713961565561e-04
-1.90112810327170665e-04 -2.55032619956346730e-06 2.10462562262885223e-04
1.74034053070144573e-04 3.33450815105093882e-04 -1.75970556682264261e-04
5.55335509734007399e-04 -1.13048226962004968e-04 -2.50284003874141545e-04
5.66962148882982938e-04 5.88521512927251181e-06 -2.26969099459828490e-04
1.60070186220785351e-04 -2.45898629613676607e-04 -3.71159335262887481e-05
-2.64158596125309883e-04 -2.98566939424113601e-05 -9.42356972659932294e-05
-5.95324822321310161e-04 -1.81869162000822699e-04 -5.05002923460768927e-08
-4.95666055431001336e-04 -2.40094281145259439e-04 -1.40291760149344026e-05
-1.18475085472486273e-04 -2.25338372376215532e-04 -3.74044600016375803e-04
-7.41322132394577358e-05 1.50568966382344060e-04 -5.70793331523762864e-04
-9.57932555602043962e-06 -4.25398245952937536e-05 -4.28031200175698115e-04
2.43851514351490931e-05 -2.19170813163087894e-04 -4.55145698966987486e-04
1.08896124557757292e-04 -3.06434145330980446e-04 -2.36111205395220637e-04
7.32886956582131434e-05 -3.82782658265360537e-04 -2.88555712624571730e-04
1.79362818875221640e-04 -6.38364740330273311e-04 2.21915996184392347e-04
-1.21566703742961965e-03 3.16277676475014088e-04 4.75808792742724908e-04
3.85519096455485668e-05 -2.35218267930022498e-04 2.36269676898563945e-04
1.43321128113248328e-04 -2.01857294153122408e-04 2.88187728546117935e-04
3.71117335171920726e-05 -1.85892511847257207e-04 3.53281402920888976e-04
2.60526780087836469e-04 1.39429063486150632e-04 -1.82660313203302448e-04
3.05821407302368873e-04 4.88638779763646142e-06 -5.05257333937484291e-05
2.30930381535697472e-04 9.11707585102721255e-05 2.00733373768205680e-05
2.42536790818802950e-04 4.60826591932154452e-05 1.46848464573012588e-04
-7.58165935114372291e-05 2.37275424190266416e-04 8.69199436468774884e-05
-1.63423192458457913e-04 1.93511194503683665e-04 6.64782957866023606e-05
-1.36910017413745944e-04 3.13936760554801115e-04 -1.07879348566544906e-04
-2.46712506653404186e-04 -4.25078621478263679e-05 1.96361129856561416e-04
-3.50456764945789430e-05 -1.92864909883224756e-04 2.36411745352844911e-04
1.15247750239817526e-04 6.09784590529981944e-05 -6.37042344883707358e-05
2.70456838480842457e-04 -4.50702868627445033e-05 -1.57188569112887215e-04
2.98098804450204697e-04 -1.96995517746372109e-04 2.59248974922801887e-06
2.70177847981543462e-04 1.36192686518338474e-04 -2.16215939529391504e-04
3.59269880729788476e-04 -5.54483355370741199e-05 -9.99988710688412032e-05
-9.56802111875078488e-05 1.69039170152267011e-04 -1.94987318386190739e-04
-3.17399247446204208e-04 -1.20574409433496145e-05 -1.03748259571478905e-05
-2.87809694360470090e-04 -2.07728782582516951e-04 9.47072177143945944e-05
-3.27224817413187630e-04 -7.82724000935416155e-05 -4.54269957592475405e-05
-2.57326674018276246e-04 -2.40089960636878311e-04 4.29602925870011584e-05
-1.04814614051220736e-04 1.93320482401837090e-04 -2.59803448743142003e-04
7.25206109911624258e-05 1.83432924897786832e-04 -2.65807027391185252e-04
-5.92901771711161534e-06 4.63344404239513039e-05 -2.14332044924901656e-04
-1.16065796154088993e-04 -2.33787251129606259e-06 -2.28670503224227389e-04
1.17594792042512278e-04 -3.68364615163775590e-04 1.68287834944045851e-04
-1.73150632787446635e-05 -3.50128859609603069e-04 1.63855112622393286e-04
1.45303699478974363e-04 -3.31987605064540522e-04 1.14340589920944633e-04
-3.04253501966716933e-04 1.59247062426129318e-04 -2.01888015410051120e-05
