-2.98132312692329648e-02 4.33824475604627224e-03 -6.35698403585358562e-02
5.31962887348376157e-02 -1.21467820781247515e-02 4.01446900789532712e-02
-5.15495115138673299e-02 3.32282447809360004e-02 2.57321926476525853e-02
5.57694884778943134e-02 -1.12639075641718378e-02 -7.54151270541401075e-02
-8.74960781928124653e-02 -1.71957171799146380e-02 -3.10149491287159407e-04
2.66793080341578559e-02 2.63935704467606058e-02 9.18276766290837543e-03
-2.25413636609537171e-02 5.43765298359382143e-02 1.94870597486076491e-02
1.49005329335580861e-02 -3.36179265157454665e-03 -6.19294574678264098e-03
-3.47291156048816774e-02 -1.83368224086066789e-03 -6.00325434506723266e-02
4.24043335450927650e-02 -8.83778858017492119e-04 -8.39878593585563493e-03
-4.19072303456524686e-02 2.24472479823711879e-03 -2.66420061735379576e-02
2.40944348075213810e-02 -6.85663691717497414e-03 7.82165027330621321e-02
-4.88340092444818907e-02 -2.58382698766657093e-02 -1.32513198833184020e-03
6.48816618294567604e-02 7.88799351319868780e-03 -9.09832124721781099e-02
-1.22998804675700235e-02 2.00443121109632472e-02 3.67014073498002080e-02
1.48507517996181448e-02 -3.46086553603148772e-02 -1.16481581911989096e-02
-3.28350144286115864e-02 -5.92786691380871034e-02 1.04662039945305985e-01
5.25128284332154749e-02 -9.56060207229825210e-04 -4.40979100565908055e-03
-3.05473895131234130e-02 -1.50274824572136367e-02 -4.01927542989444220e-02
2.44906292757640642e-02 -2.11091332527537645e-02 5.27288221614270469e-02
-1.27579030598300669e-01 -5.34817413761734528e-03 -4.37867002581082687e-02
3.55815174061244188e-02 -2.53293838111603442e-02 1.03841724796522428e-01
-9.48833369315593700e-03 8.21720220669064361e-03 -4.86509578234439743e-03
-7.21165247159571976e-03 3.85383506573688805e-03 -8.36961265482114580e-02
-1.07555403208300149e-01 -5.60263375520406726e-02 6.44420289973020033e-02
2.10860017626544050e-02 -4.29778961232063494e-03 8.29709992547122965e-03
1.80254640125826482e-02 2.57413966979756145e-02 3.77385672306074227e-02
1.69504918292009421e-02 -1.46040131625575498e-02 -4.27471463049600153e-03
-1.83530305309764774e-02 -2.72075043869035582e-03 4.13838366975394223e-04
1.32436244675813164e-02 1.60414614399795319e-03 9.24029156208749924e-03
1.21342957195498258e-02 -1.67636108577220444e-02 -5.72738728532201646e-03
-2.64531604446416324e-02 -1.52645106939495179e-02 1.46012700916622051e-02
-3.71731943178055246e-03 -6.16184194556224085e-04 1.21970363216350464e-02
5.41975847702005353e-02 -5.89514648371287642e-02 -1.21244354589297165e-02
-1.48422518186652752e-02 1.26802110252719480e-02 2.43671636514986023e-02
9.93825432123518482e-03 -1.94642704145087109e-03 1.38153650159633656e-02
-1.67514676979673149e-02 -1.21787857937698529e-02 3.65256594441136784e-02
9.92247877268845335e-03 -4.03499177085864247e-03 6.26687957477933821e-03
-1.28489071473837368e-02 2.34784656187545515e-02 -4.27791469711396033e-02
2.03769538473732581e-02 1.03436503182562922e-02 -2.81737016345851021e-03
-4.19786378214537237e-03 1.77036378345816203e-02 -1.41495499372759070e-02
8.37010368362434143e-03 -4.33078985571424546e-02 4.89173449279545203e-02
-3.80969192071449747e-02 3.49572004985785334e-02 2.06963825313732919e-02
5.21462005260986405e-03 1.41597229927965529e-02 -1.29988409064261123e-02
-2.09995738222383821e-02 2.05901423622336655e-02 -1.74260474291620948e-03
1.35571443102351363e-02 4.93060241445948400e-02 -7.78024469260065743e-02
1.46208143048998096e-04 -4.38854082172701609e-04 6.88785109382772376e-03
-2.96436683857348449e-03 1.27526277201233107e-02 -4.42198722087100426e-03
-2.99386103272767379e-02 7.50208527897111566e-03 -1.26391196545909690e-02
2.56666600943198375e-02 6.72204177113044921e-03 6.65711492680243211e-04
6.79711088636492100e-03 1.53874128077780004e-03 -2.98444823987953356e-03
8.90871165385305197e-02 1.84944014027573767e-02 1.17301808571548261e-02
-1.42264865058163714e-02 -2.04703713107767804e-03 -2.43058250265577591e-02
1.20312074027301597e-01 5.51161857622961548e-02 -3.07317316616795289e-02
-2.40833184923050503e-03 -5.38870927073720196e-03 -3.87263597744705312e-03
-4.23936971930016782e-03 6.19061641103813010e-03 -1.27205543610608984e-02
