-2.95964255190403099e-02 4.10517663057216164e-03 -6.29340390118960646e-02
5.34477471880406563e-02 -1.20293295527017542e-02 4.03423205573579177e-02
-5.11329215123225989e-02 3.34081948058651962e-02 2.57220770577269407e-02
5.61433490785739273e-02 -1.10121239920740084e-02 -7.52862859867525491e-02
-8.73683637178553352e-02 -1.68099157850960558e-02 -1.47835594095998792e-04
2.67755101467904467e-02 2.67219887209265497e-02 9.34553465713970459e-03
-2.25825537986329809e-02 5.49983887499339227e-02 1.97345753740540454e-02
1.49134159687924032e-02 -3.06871396062316807e-03 -6.09127362187214961e-03
-3.50787474806808497e-02 -1.38169804128779414e-03 -5.99059470314973821e-02
4.20046786563048474e-02 -6.87288079060856044e-04 -8.00847022189406926e-03
-4.20973431559796413e-02 2.24217447203755530e-03 -2.64315436112750740e-02
2.42684688605915265e-02 -6.52318610206988059e-03 7.80405321763798648e-02
-4.82786737347478817e-02 -2.59513181036277150e-02 -1.57541599220598180e-03
6.54486239783397400e-02 7.89387872832796045e-03 -9.12101815716379327e-02
-1.21398102813492382e-02 1.97984134813495721e-02 3.66642914162739197e-02
1.45865932034928356e-02 -3.46385120542572894e-02 -1.17423938884649026e-02
-3.34303392509328959e-02 -5.94605383000879270e-02 1.04661989445013634e-01
5.20171623777844760e-02 -1.19615448837508457e-03 -4.42382018167401456e-03
-3.06658645985958996e-02 -1.52528208295898519e-02 -4.05667988989607958e-02
2.44164970625246058e-02 -2.09585642863714221e-02 5.21580288299032871e-02
-1.27588609923856677e-01 -5.39071396221263866e-03 -4.42147314582839665e-02
3.56059025575595697e-02 -2.55485546243234309e-02 1.03386579097555442e-01
-9.37943756859817984e-03 7.91076806135966246e-03 -5.10120698773961802e-03
-7.13836377593750696e-03 3.47105240747152752e-03 -8.39846822608360244e-02
-1.07376040389424929e-01 -5.66647022923709442e-02 6.46639449934863914e-02
1.98703347252247864e-02 -3.98151193584562069e-03 8.77290871821395472e-03
1.80640159222281958e-02 2.55061784300455938e-02 3.79748369075059850e-02
1.70938129573141896e-02 -1.48058704567106715e-02 -3.98652690194988349e-03
-1.83159187974592866e-02 -2.90664295053761311e-03 7.67119769896283145e-04
1.35041512476691532e-02 1.74357520748410393e-03 9.05763124888419625e-03
1.24401171268521942e-02 -1.67587244699244076e-02 -5.77791301871576502e-03
-2.62222300631059363e-02 -1.51733399354392461e-02 1.46213434290390250e-02
-3.47478264096174943e-03 -5.70101535363008640e-04 1.23438847862080581e-02
5.41217681766891015e-02 -5.87141894129384959e-02 -1.20375155152828393e-02
-1.50056750111237334e-02 1.28737222197756324e-02 2.44336419472852041e-02
9.80134430382143852e-03 -1.63249028089606997e-03 1.37074856673968203e-02
-1.69981802046207178e-02 -1.22212936559176789e-02 3.67220205739702404e-02
9.88743309619387507e-03 -4.22785668074186684e-03 6.50329132013218337e-03
-1.27336593971439198e-02 2.35394440778075482e-02 -4.28428512056279742e-02
2.06474106858541007e-02 1.02985800313935474e-02 -2.97455873257139762e-03
-3.89976497769516789e-03 1.75066423168352484e-02 -1.41469574475266788e-02
8.64028153160588570e-03 -4.31717058706241191e-02 4.87011289884251297e-02
-3.77376493264151847e-02 3.49017521630414565e-02 2.05963836603044494e-02
5.11893984142235657e-03 1.43287621629488195e-02 -1.31938282248123036e-02
-2.13169730696845874e-02 2.05780849212903148e-02 -1.75297956887335727e-03
1.32693346158746662e-02 4.90982953620123230e-02 -7.77077397082921728e-02
-1.81016674364189534e-04 -5.17126482266243239e-04 6.84242409806847581e-03
-3.22169351259176057e-03 1.25125377594864327e-02 -4.37902692828400289e-03
-3.00434249413279592e-02 7.69540576137295318e-03 -1.28989231033341117e-02
2.57391807053110010e-02 6.90547469602823590e-03 3.99904465289057959e-04
6.79118186864780937e-03 1.58507572120175134e-03 -3.19878028480443527e-03
8.89710507423764341e-02 1.84920635302460792e-02 1.15015103539305979e-02
-1.41088917137738596e-02 -2.41540174624145379e-03 -2.41375371916137116e-02
1.20294758964022849e-01 5.47660569026865510e-02 -3.05678765490571339e-02
-2.26302814975153088e-03 -5.72069687580174270e-03 -3.75829538752610846e-03
-4.54362322126688513e-03 6.34986347346425985e-03 -1.27407431626019030e-02
