5.51649785006477007e-04 -1.18452623229080129e-04 2.46629029858004469e-04
2.74249009711378955e-04 1.30117826698064457e-04 1.39629232978456244e-04
3.54151318258218693e-04 3.14161828763109819e-04 -3.12196751961757446e-04
2.72975909250106367e-04 3.85268921466990844e-04 -1.40407386117965508e-04
8.28383555902605334e-05 4.74234584835257452e-04 1.57191634751369786e-04
4.59975477367903385e-05 3.63081763775121181e-04 1.07008858423768134e-04
-1.47442320563431216e-05 5.91028470485775834e-04 4.66602784638526938e-04
-1.59065490267667239e-04 1.63915710766000626e-04 1.97991490979312554e-04
-2.57095029657953222e-04 1.40067333163391446e-04 5.79774164447373493e-04
-1.09274959351742115e-04 3.82134319959317732e-04 2.93517644071194085e-04
-2.29560404028552440e-04 1.98030912615089916e-04 1.27451234957368066e-04
1.90827244066536913e-04 1.40903976815472072e-05 -7.99219840709425273e-05
5.23354295474930402e-04 -4.12313493178451400e-04 -3.62193260021144501e-05
5.45383482247290799e-04 -2.85081772424242207e-04 -9.64203671058695358e-05
5.39099796061999316e-05 -2.60505805884249700e-04 1.24676198269582010e-04
-3.10152731649610913e-04 7.36642581436299442e-05 -1.46367118708522290e-04
-6.62114663742934960e-04 4.47446169067705716e-05 -4.02477931402512329e-05
-5.51520572221939108e-04 4.18287426243054336e-05 -6.64130103928978893e-05
-1.70618902150610548e-04 -3.04551924121866018e-04 -1.55654237231100132e-04
3.93441556370455162e-05 -2.80770569852787418e-04 -5.06630531505478294e-04
-3.01634646446135858e-05 -2.90994398231148184e-04 -3.16645049539988487e-04
-8.10661411820252307e-05 -4.98331228285930710e-04 -1.37374321602840715e-04
-8.50241248250307416e-05 -3.88024794599712360e-04 4.57811617969934405e-05
-1.00475635215149391e-04 -4.40911220297270003e-04 6.97101103684744322e-05
-3.49983688469557649e-05 -4.20072992864564123e-04 5.60694382679991898e-04
-7.83947744870568987e-04 8.77901066452729220e-04 -1.01450171023311072e-03
3.11911899198863212e-04 -8.26650648266488323e-05 1.61368772114231388e-04
3.35079134007731244e-04 -1.01116626044652749e-04 3.99549192280285992e-05
2.97403636963225503e-04 -1.13010455952612516e-04 2.13012452069680219e-04
6.20881609287787318e-05 1.78184165941307936e-04 -3.24405930724617000e-04
2.14515986545709330e-04 8.28608235049857499e-05 -2.81166858101270607e-04
1.23192558726330470e-04 1.72645930761574935e-04 -1.35836100654234288e-04
2.43721767817669735e-04 1.48650668524510064e-04 -6.51905736364498552e-05
-4.46367379060104693e-05 1.81520256497408067e-04 1.89601857124113319e-04
-3.68661453501526926e-05 -2.90335552053724719e-06 3.49940760881553375e-04
-1.52212647838424953e-04 3.61134551413570758e-05 2.95482276654127898e-04
-2.87150792569880779e-04 1.76238669854520975e-04 1.06234103515089444e-04
-1.20924603627424151e-04 -3.37318074843082590e-05 3.01038500562576740e-04
9.83716888482976006e-05 2.49486114571653695e-05 -2.99814595414331093e-04
2.81912999562312634e-04 -1.95640040989333283e-04 -6.25755921977094525e-05
2.48716247251222380e-04 -2.30316918853126448e-04 1.53614354057841988e-04
2.90003003099783120e-04 -1.01043675198684657e-04 -2.03770919142700192e-04
3.14336089324771559e-04 -1.76692821457810568e-04 -6.08208844170279898e-06
-6.53795925137865550e-05 1.28632888613018019e-04 -2.51829360927902058e-04
-3.31986533566964092e-04 6.25362940683031680e-05 -8.20408616500451990e-05
-3.59471684164499130e-04 2.95536259324929604e-05 9.96194338645694708e-05
-2.94836314743100378e-04 5.71479266629156858e-05 -1.31184628194962774e-04
-3.45182800940371131e-04 -2.61936754924667559e-05 6.08187243928283140e-05
3.17709874331841306e-05 -2.80313296079569219e-06 -3.59041433101919285e-04
1.73774350197261509e-04 -1.02505923998092674e-04 -2.49281283616566011e-04
1.76680439189968887e-05 -1.15210750724991886e-04 -1.77903182745349866e-04
-9.65791355570052619e-05 -1.01086598209705771e-04 -2.14164117316807153e-04
-7.12585018566936510e-06 -2.38450149007000012e-04 3.38401277250548692e-04
-1.12378440627749105e-04 -1.59175238926287805e-04 3.22979923825641459e-04
3.30181333889229486e-05 -2.25761391068965265e-04 2.89677036146257386e-04
-1.77612025495560991e-04 2.35014378388661573e-04 -1.45115206428096861e-04
