9.50626851916602789e-03 -7.44330247638202991e-04 5.87214013196479812e-03
3.72175732171253770e-03 -2.42774466675099720e-03 -8.03257067351859089e-03
-6.22813643908948222e-03 -1.17991734342925980e-03 -1.10443943981053394e-02
8.82511042694567038e-03 1.77041415707002159e-03 -1.81679390647104810e-03
-5.82981299595308755e-03 -2.55483074215669959e-02 -4.18423216047725255e-03
3.86565066335098351e-03 3.93950762149266609e-02 1.15888501853751436e-02
-2.57578600448060691e-03 -7.55835983205344064e-03 -3.52260585744446075e-04
-2.56256785073770699e-02 4.92830843563378806e-02 3.50777063029994451e-02
2.01700385110750169e-02 -9.64724326013250144e-02 -2.63438672654441319e-02
8.33278446582497168e-03 1.09739019178113573e-01 2.62195176167248079e-02
-1.38711156566255767e-02 -1.69478946876140540e-02 3.75639510354908168e-04
-2.40323284979115925e-03 1.04411077297801858e-02 -2.02596107051977725e-03
1.01131692983926769e-02 -4.01144907248873750e-03 1.04738397556007889e-02
3.58870339836592223e-03 -7.71018712228510594e-03 -9.86097963396925792e-03
-6.94040710109700143e-05 2.41967091074446472e-03 -4.03628797924771021e-05
3.40661460985369757e-03 7.28827907717710666e-03 -1.23297803887996160e-02
-8.13492265107740309e-03 9.70468858761774911e-03 6.30054667703106031e-03
-9.89210680541852128e-03 -7.10879880619263993e-03 -6.26018388657234581e-03
2.12169550135454799e-03 1.07288262457743144e-02 -1.24311689428147076e-03
8.30066809104668124e-03 8.64824764623550735e-03 -7.84506027719267252e-03
-4.12038672663772587e-03 -3.90171401491734571e-03 -1.32706633960246734e-02
4.06736275509778089e-03 1.31297787551094558e-02 -2.05307417532050174e-02
-1.35983039696077057e-02 -4.15672389405834508e-02 4.54783773484085385e-03
3.60203085455079730e-03 -3.40977207632953139e-03 3.39597427601017188e-02
-2.03825386799039165e-03 -3.97385913753645070e-03 6.90134277487786107e-03
6.42844644409024113e-03 -5.32505484163898757e-02 -2.03277938225667754e-02
-3.24066183295723675e-03 -2.19213537677043213e-03 -1.99746639127607040e-03
-2.81592652481910122e-03 2.29829283899751768e-03 1.57407316743429782e-03
-2.29280477049842446e-04 2.37470497822678261e-03 -3.40575585752533883e-03
4.13810288353066991e-03 -8.01842172518441032e-04 3.53683598487730677e-03
-1.42237640644715668e-03 7.17800577124089179e-04 3.91078428782698495e-03
-1.38274074755262433e-03 -2.76172612096425851e-03 2.49874873546973575e-03
-3.38249963389758435e-03 -1.14600885710020028e-03 -1.49444798688985747e-03
3.70400472989218521e-03 -2.78710070949883537e-03 -5.20679927321410219e-03
1.03588818909039482e-04 4.64261614255967459e-03 1.15793308778355808e-03
1.32227707429732888e-03 2.14143739698213764e-03 -2.91890012340889626e-03
1.07464798118597216e-02 3.64326391000480143e-03 3.61365290799220418e-03
6.21177354874102861e-04 1.64734464788873769e-03 -2.25739461258234186e-03
1.81855024982358060e-04 -1.88520919316181867e-03 2.58393707573878473e-03
-3.37710725958428881e-03 1.20947954246186651e-03 9.55619344769065293e-05
-2.07291968725287212e-03 5.33883137963764298e-04 -5.19804350978825269e-03
-1.06547411729485120e-03 8.62704533384217598e-05 3.68406423798228744e-03
-2.72765940700470111e-03 3.16141760143162642e-03 3.79544451611257827e-04
-4.62509653987190628e-04 -3.47747498071537819e-04 3.81536734066711958e-03
2.88907286342876546e-03 -3.44014504328149506e-03 3.94625744003951340e-04
2.62604793684406701e-03 -6.88296090237350278e-04 -3.73081205108549696e-03
2.89745350626757769e-03 7.00592977903091718e-04 2.96572770748371184e-03
4.27848994611323974e-03 2.05620070821321832e-03 -9.10811361845675904e-04
-6.01069213103128108e-04 -3.95545799535579334e-03 2.98614105167960275e-03
-4.50234884983702344e-03 -2.39422870407235422e-05 1.44974673891296035e-03
-1.17575848675577355e-03 3.74369322452250408e-03 3.57750685406488245e-03
3.69953428489067093e-03 1.50809599037898812e-03 1.83072372412906859e-03
-1.48261005162975135e-03 -1.37721430057868854e-03 -3.58442935896263748e-03
2.99946240140247511e-03 4.28614363035206836e-04 -3.45172183423958501e-03
-1.12306266843620328e-03 3.02855039130545123e-03 -3.09969397166698357e-03
-1.08554278508870006e-02 7.81950339798775929e-04 1.30116490387843786e-03
