-1.00579183041725057e-02 8.62782870867283107e-04 -6.11876916182280302e-03
-3.99600633142391682e-03 2.29762684005293269e-03 7.89294144054013443e-03
5.87398512083126337e-03 8.65755514666149929e-04 1.13565911500670969e-02
-9.09808633619577610e-03 -2.15568307853701221e-03 1.95720129258901377e-03
5.74697464036282718e-03 2.50740728367317388e-02 4.02704052572588293e-03
-3.91164821108777420e-03 -3.97581579787017816e-02 -1.16958590437989118e-02
2.59053023653694993e-03 6.96733136156766492e-03 -1.14342198894080863e-04
2.57847439976447365e-02 -4.94470000671038828e-02 -3.52756977939787594e-02
-1.99129434814170649e-02 9.63323652681616210e-02 2.57640931009967579e-02
-8.22350950647323005e-03 -1.10121153498072888e-01 -2.65130352607960036e-02
1.41006760606541288e-02 1.67498637749989646e-02 -5.03090745312276180e-04
2.21240560572462212e-03 -1.04551981274617328e-02 2.10588305459071977e-03
-1.06365235938676080e-02 4.42376256566718879e-03 -1.04376204295986742e-02
-4.13408688061321292e-03 7.99526889470934810e-03 9.95740000107512777e-03
1.54940914047700827e-05 -2.15916510486021491e-03 -8.43133184771049080e-05
-3.09646187820408671e-03 -7.36194333532073659e-03 1.24761475075081379e-02
8.79703731482033881e-03 -9.74943320452451891e-03 -6.26029888389080871e-03
1.04436273776404610e-02 7.06697006356833430e-03 6.32659689696524370e-03
-1.95107659920393749e-03 -1.04242743216524485e-02 1.39877113151257084e-03
-8.34001224668372634e-03 -8.36747707638271949e-03 8.35169080869815027e-03
4.15055019128233917e-03 4.19270841314849357e-03 1.35873084455646626e-02
-3.98629661391575532e-03 -1.26314475268235245e-02 2.06681160748078581e-02
1.36833280944327357e-02 4.19552637351831639e-02 -4.59361889663784714e-03
-3.50155521933564811e-03 3.85068329662680139e-03 -3.40294528704701907e-02
2.07325223683734730e-03 4.39393213040101521e-03 -7.46203715755785341e-03
-5.64449869921967214e-03 5.23726473499371431e-02 2.13422955327998848e-02
2.92874993375837360e-03 2.27480044159708095e-03 1.83609761916183906e-03
2.48084739081136981e-03 -2.19717621295286488e-03 -1.61402808666232639e-03
-6.81231599133830571e-05 -2.26169452227416995e-03 3.19274340545565869e-03
-4.20019104445944896e-03 6.23658006577133069e-04 -3.21243005415268977e-03
1.20786041990144743e-03 -8.00661400629074874e-04 -3.62961742972571413e-03
1.25954818882629388e-03 2.58908019020268358e-03 -2.36291263481550138e-03
3.13877786607991453e-03 9.97358188575690275e-04 1.55963856052630735e-03
-3.65936799198617480e-03 2.60558045300142730e-03 5.01719741608998900e-03
-6.67226735588867959e-05 -4.63971278703913768e-03 -1.50787384866511156e-03
-1.17006442645890395e-03 -2.17755085212349491e-03 2.62341784675476815e-03
-1.04593290192898404e-02 -3.81950257985932224e-03 -3.71988701150729366e-03
-5.00252751246678656e-04 -1.61361284040442937e-03 1.95635611201976523e-03
-2.80226713830655674e-04 1.86026058170465328e-03 -2.28412248032445380e-03
3.09519426002197607e-03 -1.01383950147253331e-03 -3.29863422791970768e-05
1.82420344000164963e-03 -3.03566219110637850e-04 5.04442915573041079e-03
7.75471114195068131e-04 1.47732218602628974e-05 -3.48029331883958730e-03
2.41332331767992944e-03 -2.98472477997381580e-03 -3.73462363169555053e-04
5.27889246500977210e-04 2.19114609458519801e-04 -3.56353797973921757e-03
-2.55708632986180115e-03 3.37760874921319175e-03 -3.12584882353906168e-04
-2.26657625267956799e-03 6.58742464304857287e-04 3.63119261722092768e-03
-2.60261719152447748e-03 -7.57740904566007404e-04 -2.83454307928874888e-03
-3.93330714517286899e-03 -2.03000703272075136e-03 8.49992637452847604e-04
5.69298225669943978e-04 3.95826112831658937e-03 -2.62709961857768336e-03
4.32857449963976182e-03 1.26448211038816230e-04 -1.20046545529639429e-03
1.15809044283677665e-03 -3.62848247379751222e-03 -3.39960367131953269e-03
-3.60295514933366579e-03 -1.40700939216928237e-03 -1.61655960681226151e-03
1.48973590181542079e-03 1.61566444958568850e-03 3.24602808171208868e-03
-2.88708396077472619e-03 -2.69439124108919003e-04 3.12874191041394344e-03
1.09004453504728043e-03 -2.80278900023648615e-03 2.81001693552072624e-03
1.10330398763825617e-02 -1.01696471818743745e-03 -1.15604969745034111e-03
